"2025-04-01 00:00:00",0.60,111.00,9.00,0.07,9,274.00,0.15,1791,197.00,19.00,271.00,-0.20,9,274.00,0.90,916,151.00,15.30,274.00,-0.60,9,274.00,0.90,1076,151.00,16.90,271.00
"2025-04-01 00:15:00",0.30,161.00,9.00,0.04,9,277.00,0.19,1513,220.00,16.00,250.00,0.20,9,277.00,1.00,839,164.00,13.40,256.00,-0.30,9,277.00,0.80,1028,166.00,15.20,250.00
"2025-04-01 00:30:00",0.20,113.00,9.00,0.00,9,274.00,0.15,1602,193.00,18.20,274.00,-0.10,9,274.00,0.90,817,151.00,14.30,272.00,-0.20,9,274.00,0.80,1006,145.00,16.70,274.00
"2025-04-01 00:45:00",0.40,192.00,9.00,0.00,9,274.00,0.17,1536,201.00,17.40,272.00,0.40,9,274.00,0.90,803,152.00,14.00,272.00,-0.20,9,274.00,0.80,1089,144.00,17.30,272.00
"2025-04-01 01:00:00",0.40,199.00,9.00,0.00,9,275.00,0.16,1447,185.00,17.60,272.00,0.40,9,275.00,0.90,752,159.00,13.20,274.00,-0.10,9,275.00,0.70,930,141.00,16.10,273.00
"2025-04-01 01:15:00",0.10,163.00,9.00,0.04,9,276.00,0.18,1255,192.00,15.40,256.00,0.00,9,276.00,0.80,688,163.00,11.80,252.00,-0.10,9,276.00,0.60,935,144.00,15.20,255.00
"2025-04-01 01:30:00",0.20,180.00,9.00,0.02,9,274.00,0.16,1371,201.00,16.50,271.00,0.20,9,274.00,0.90,693,169.00,12.00,267.00,-0.10,9,274.00,0.60,1046,160.00,16.30,267.00
"2025-04-01 01:45:00",0.30,183.00,9.00,0.00,9,275.00,0.14,1449,186.00,17.40,274.00,0.20,9,275.00,0.80,752,161.00,13.10,272.00,-0.10,9,275.00,0.70,926,143.00,15.90,271.00
"2025-04-01 02:00:00",0.30,165.00,9.00,0.06,9,274.00,0.13,1549,185.00,18.10,273.00,0.20,9,274.00,0.90,582,155.00,11.20,261.00,-0.20,9,274.00,0.50,1013,138.00,17.10,274.00
"2025-04-01 02:15:00",0.60,218.00,9.00,0.00,9,277.00,0.11,1566,186.00,17.50,254.00,0.60,9,277.00,0.80,607,156.00,11.30,255.00,0.00,9,277.00,0.50,953,136.00,16.10,253.00
"2025-04-01 02:30:00",0.60,210.00,9.00,-0.10,9,274.00,0.14,1555,199.00,17.70,273.00,0.60,9,274.00,1.00,603,173.00,10.60,269.00,-0.10,9,274.00,0.40,1045,145.00,16.70,274.00
"2025-04-01 02:45:00",0.20,124.00,9.00,-0.01,9,274.00,0.15,1280,204.00,15.80,273.00,0.00,9,274.00,0.90,641,175.00,11.10,264.00,-0.20,9,274.00,0.50,1012,146.00,16.60,272.00
"2025-04-01 03:00:00",0.00,123.00,9.00,0.03,9,275.00,0.15,1538,196.00,18.00,274.00,0.00,9,275.00,0.60,745,143.00,14.20,269.00,0.00,9,275.00,0.50,1007,144.00,17.20,269.00
"2025-04-01 03:15:00",0.10,99.00,9.00,0.05,9,276.00,0.18,1266,177.00,16.10,257.00,-0.10,9,276.00,0.70,664,128.00,13.40,252.00,-0.10,9,276.00,0.50,1073,121.00,17.90,256.00
"2025-04-01 03:30:00",0.30,172.00,9.00,0.02,9,274.00,0.15,1385,173.00,17.80,273.00,0.20,9,274.00,0.70,747,128.00,15.00,274.00,-0.20,9,274.00,0.70,986,121.00,17.90,273.00
"2025-04-01 03:45:00",0.20,153.00,9.00,0.00,9,275.00,0.14,1686,174.00,19.40,275.00,0.10,9,275.00,0.60,781,126.00,15.50,274.00,-0.20,9,275.00,0.50,1017,122.00,18.20,274.00
"2025-04-01 04:00:00",0.20,209.00,9.00,-0.04,9,274.00,0.11,2089,182.00,21.00,274.00,0.20,9,274.00,0.50,813,137.00,15.10,271.00,0.00,9,274.00,0.50,899,122.00,17.20,273.00
"2025-04-01 04:15:00",0.20,258.00,9.00,0.05,9,277.00,0.09,1722,179.00,18.90,255.00,0.10,9,277.00,0.50,818,144.00,14.50,252.00,0.10,9,277.00,0.50,917,128.00,16.40,257.00
"2025-04-01 04:30:00",0.60,226.00,9.00,0.01,9,273.00,0.14,1718,188.00,19.00,273.00,0.60,9,273.00,0.70,917,155.00,15.00,271.00,0.10,9,273.00,0.60,1399,138.00,20.00,273.00
"2025-04-01 04:45:00",0.80,184.00,9.00,-0.07,9,273.00,0.18,1489,222.00,16.40,270.00,0.70,9,273.00,0.60,1018,148.00,16.50,271.00,-0.40,9,273.00,0.90,1055,146.00,16.90,271.00
"2025-04-01 05:00:00",0.00,121.00,9.00,0.04,9,274.00,0.11,1883,178.00,20.40,274.00,0.00,9,274.00,0.50,898,122.00,17.00,273.00,0.00,9,274.00,0.60,1027,136.00,17.50,274.00
"2025-04-01 05:15:00",0.30,254.00,9.00,-0.09,9,275.00,0.10,1881,156.00,20.60,255.00,0.20,9,275.00,0.40,856,128.00,15.70,250.00,0.20,9,275.00,0.50,825,117.00,16.20,252.00
"2025-04-01 05:30:00",0.30,47.00,9.00,-0.05,9,274.00,0.13,1673,172.00,19.80,272.00,-0.30,9,274.00,0.40,987,127.00,17.80,271.00,0.00,9,274.00,0.40,987,138.00,17.30,268.00
"2025-04-01 05:45:00",0.20,237.00,9.00,-0.03,9,273.00,0.11,2183,167.00,22.40,273.00,0.20,9,273.00,0.50,987,121.00,18.20,271.00,0.10,9,273.00,0.30,1028,127.00,17.90,271.00
"2025-04-01 06:00:00",0.10,120.00,9.00,0.01,9,274.00,0.13,1766,161.00,20.50,274.00,0.00,9,274.00,0.60,785,121.00,16.00,271.00,-0.10,9,274.00,0.50,1040,117.00,18.80,273.00
"2025-04-01 06:15:00",0.20,11.00,9.00,0.05,9,275.00,0.16,1546,167.00,18.30,256.00,-0.20,9,275.00,0.70,865,126.00,15.80,255.00,0.10,9,275.00,0.50,1151,115.00,18.70,255.00
"2025-04-01 06:30:00",0.50,69.00,9.00,0.12,9,273.00,0.11,1740,170.00,20.00,273.00,-0.40,9,273.00,0.60,871,117.00,17.20,272.00,-0.30,9,273.00,0.50,1160,115.00,19.60,273.00
"2025-04-01 06:45:00",0.50,61.00,9.00,0.07,9,274.00,0.13,1647,217.00,17.60,270.00,-0.50,9,274.00,0.90,779,147.00,14.30,267.00,-0.20,9,274.00,0.50,1191,150.00,18.30,264.00
"2025-04-01 07:00:00",0.20,293.00,9.00,0.02,9,273.00,0.18,1572,222.00,17.50,270.00,0.00,9,273.00,0.80,928,168.00,14.90,266.00,0.20,9,273.00,0.70,1059,155.00,17.20,262.00
"2025-04-01 07:15:00",0.40,206.00,9.00,0.00,9,276.00,0.15,1456,169.00,17.60,256.00,0.40,9,276.00,0.90,979,151.00,15.00,256.00,-0.10,9,276.00,0.60,1021,121.00,17.40,256.00
"2025-04-01 07:30:00",0.30,220.00,9.00,0.03,9,274.00,0.21,1450,193.00,17.30,272.00,0.30,9,274.00,1.00,1068,169.00,15.60,272.00,0.00,9,274.00,0.80,1213,138.00,18.60,274.00
"2025-04-01 07:45:00",0.30,298.00,9.00,0.04,9,274.00,0.21,1450,189.00,17.40,274.00,0.00,9,274.00,1.00,968,168.00,14.70,268.00,0.30,9,274.00,1.00,1210,150.00,18.00,269.00
"2025-04-01 08:00:00",0.10,179.00,9.00,0.03,9,274.00,0.22,1615,205.00,17.50,269.00,0.10,9,274.00,1.00,1026,169.00,15.20,272.00,-0.10,9,274.00,0.80,1206,147.00,18.10,271.00
"2025-04-01 08:15:00",0.50,264.00,9.00,0.02,9,277.00,0.18,1561,253.00,15.50,242.00,0.30,9,277.00,1.20,1138,206.00,14.00,250.00,0.40,9,277.00,1.00,1286,195.00,15.90,253.00
"2025-04-01 08:30:00",0.40,153.00,9.00,-0.03,9,274.00,0.23,1548,213.00,17.00,270.00,0.20,9,274.00,1.30,1070,176.00,15.30,270.00,-0.30,9,274.00,1.00,1235,145.00,18.30,274.00
"2025-04-01 08:45:00",0.60,313.00,9.00,0.13,9,274.00,0.29,1610,237.00,16.40,269.00,0.00,9,274.00,1.70,1375,202.00,16.20,274.00,0.60,9,274.00,1.70,1321,204.00,16.30,272.00
"2025-04-01 09:00:00",0.40,5.00,9.00,-0.01,9,274.00,0.19,1521,196.00,17.50,274.00,-0.30,9,274.00,0.80,980,159.00,15.40,270.00,0.20,9,274.00,0.70,1123,138.00,18.10,269.00
"2025-04-01 09:15:00",0.30,38.00,9.00,-0.05,9,277.00,0.19,1328,189.00,15.90,256.00,-0.30,9,277.00,1.00,878,157.00,13.90,257.00,0.00,9,277.00,0.60,1045,136.00,16.70,256.00
"2025-04-01 09:30:00",0.80,352.00,9.00,0.00,9,273.00,0.23,1655,251.00,16.50,269.00,-0.50,9,273.00,1.10,1182,198.00,15.50,270.00,0.60,9,273.00,1.10,1304,203.00,16.60,267.00
"2025-04-01 09:45:00",0.60,6.00,9.00,-0.02,9,274.00,0.28,1641,221.00,17.20,270.00,-0.50,9,274.00,1.40,1204,184.00,16.10,272.00,0.30,9,274.00,1.10,1165,163.00,17.00,269.00
"2025-04-01 10:00:00",0.80,13.00,9.00,0.00,2,274.00,0.25,1719,228.00,17.30,271.00,-0.80,2,274.00,1.30,1179,188.00,15.70,270.00,0.40,2,274.00,1.00,1181,165.00,17.00,269.00
"2025-04-01 10:15:00",0.90,304.00,9.00,0.07,2,276.00,0.27,1513,224.00,15.70,252.00,0.10,2,276.00,1.60,1055,186.00,14.30,251.00,0.90,2,276.00,1.80,1021,189.00,14.30,251.00
"2025-04-01 10:30:00",0.60,295.00,9.00,0.02,9,275.00,0.25,1414,216.00,16.30,269.00,0.10,9,275.00,2.00,1054,178.00,15.30,268.00,0.60,9,275.00,1.40,1038,174.00,15.80,270.00
"2025-04-01 10:45:00",0.30,265.00,9.00,0.06,9,276.00,0.24,1479,244.00,16.00,265.00,0.20,9,276.00,2.00,1022,207.00,14.20,267.00,0.20,9,276.00,1.30,1057,188.00,15.30,267.00
"2025-04-01 11:00:00",0.70,265.00,9.00,0.05,9,275.00,0.33,1460,242.00,15.60,267.00,0.50,9,275.00,2.10,1112,208.00,14.60,262.00,0.50,9,275.00,1.60,1043,187.00,15.20,269.00
"2025-04-01 11:15:00",1.20,280.00,9.00,0.03,2,278.00,0.32,1431,230.00,15.10,253.00,0.60,2,278.00,2.00,1110,194.00,14.40,255.00,1.10,2,278.00,1.80,1027,195.00,13.90,254.00
"2025-04-01 11:30:00",1.30,303.00,9.00,-0.02,2,276.00,0.42,1635,244.00,16.50,271.00,0.10,2,276.00,2.10,1266,199.00,15.90,275.00,1.30,2,276.00,2.10,1199,199.00,15.60,275.00
"2025-04-01 11:45:00",1.50,317.00,9.00,0.06,2,276.00,0.42,1722,275.00,16.00,271.00,-0.20,2,276.00,2.10,1194,203.00,15.40,271.00,1.50,2,276.00,2.80,1178,215.00,15.00,275.00
"2025-04-01 12:00:00",1.20,289.00,9.00,0.08,2,276.00,0.37,1542,245.00,16.10,271.00,0.40,2,276.00,1.90,1206,207.00,15.20,270.00,1.10,2,276.00,2.30,1045,210.00,14.40,271.00
"2025-04-01 12:15:00",0.80,295.00,9.00,0.02,2,278.00,0.29,1385,242.00,14.60,248.00,0.20,2,278.00,1.90,972,194.00,13.50,248.00,0.80,2,278.00,1.80,946,196.00,13.50,246.00
"2025-04-01 12:30:00",0.60,276.00,9.00,0.03,9,275.00,0.26,1420,218.00,16.40,269.00,0.30,9,275.00,1.70,962,172.00,15.00,270.00,0.50,9,275.00,1.50,959,165.00,15.50,270.00
"2025-04-01 12:45:00",0.30,267.00,9.00,0.04,9,276.00,0.21,1381,226.00,15.80,270.00,0.20,9,276.00,1.70,911,175.00,14.40,268.00,0.20,9,276.00,1.00,991,188.00,14.60,269.00
"2025-04-01 13:00:00",0.40,227.00,9.00,0.06,9,276.00,0.19,1411,197.00,16.90,271.00,0.40,9,276.00,1.20,868,156.00,15.10,266.00,0.10,9,276.00,0.80,1009,154.00,16.40,269.00
"2025-04-01 13:15:00",0.20,270.00,9.00,0.06,9,278.00,0.25,1276,203.00,15.10,251.00,0.20,9,278.00,1.30,859,163.00,14.00,248.00,0.20,9,278.00,1.20,895,163.00,14.40,253.00
"2025-04-01 13:30:00",0.50,302.00,9.00,0.06,9,276.00,0.30,1520,257.00,15.70,268.00,0.10,9,276.00,1.90,1021,202.00,14.30,267.00,0.50,9,276.00,1.90,1045,210.00,14.30,266.00
"2025-04-01 13:45:00",0.20,269.00,9.00,0.04,9,275.00,0.18,1352,196.00,16.70,270.00,0.10,9,275.00,1.10,853,150.00,15.20,269.00,0.10,9,275.00,0.80,896,149.00,15.60,270.00
"2025-04-01 14:00:00",0.20,298.00,9.00,0.05,9,276.00,0.25,1440,205.00,16.80,271.00,0.00,9,276.00,1.60,969,167.00,15.20,273.00,0.20,9,276.00,0.90,1053,161.00,16.40,271.00
"2025-04-01 14:15:00",0.40,306.00,9.00,0.03,9,278.00,0.21,1316,203.00,15.50,252.00,0.00,9,278.00,1.60,870,162.00,13.90,252.00,0.40,9,278.00,1.20,949,156.00,15.30,253.00
"2025-04-01 14:30:00",0.70,293.00,9.00,0.06,9,276.00,0.27,1365,223.00,15.70,271.00,0.20,9,276.00,1.80,943,179.00,14.50,268.00,0.70,9,276.00,1.70,949,170.00,15.20,267.00
"2025-04-01 14:45:00",0.80,301.00,9.00,-0.01,9,276.00,0.29,1263,228.00,15.10,266.00,0.10,9,276.00,2.40,892,186.00,13.70,264.00,0.80,9,276.00,1.90,878,182.00,14.00,261.00
"2025-04-01 15:00:00",2.00,293.00,9.00,0.01,2,276.00,0.50,1405,263.00,14.60,270.00,0.50,2,276.00,3.10,1070,226.00,13.70,274.00,1.90,2,276.00,3.50,1021,227.00,13.30,275.00
"2025-04-01 15:15:00",1.20,287.00,9.00,0.06,2,279.00,0.29,1283,215.00,14.80,254.00,0.40,2,279.00,1.50,868,166.00,13.90,253.00,1.10,2,279.00,2.50,892,185.00,13.50,251.00
"2025-04-01 15:30:00",1.20,287.00,9.00,-0.02,2,276.00,0.31,1323,233.00,15.10,271.00,0.40,2,276.00,2.80,916,190.00,13.70,273.00,1.10,2,276.00,2.60,953,190.00,14.20,270.00
"2025-04-01 15:45:00",0.60,274.00,9.00,0.01,2,277.00,0.23,1323,198.00,16.50,272.00,0.40,2,277.00,1.40,836,157.00,14.40,271.00,0.50,2,277.00,1.90,896,176.00,14.50,270.00
"2025-04-01 16:00:00",0.50,238.00,9.00,0.04,2,276.00,0.22,1287,191.00,16.40,271.00,0.40,2,276.00,1.70,779,152.00,14.10,270.00,0.20,2,276.00,1.20,921,156.00,15.40,271.00
"2025-04-01 16:15:00",0.10,216.00,9.00,0.04,9,277.00,0.19,1184,197.00,15.00,248.00,0.10,9,277.00,1.30,729,158.00,12.90,243.00,0.00,9,277.00,0.70,829,163.00,14.00,245.00
"2025-04-01 16:30:00",0.20,269.00,9.00,0.04,9,276.00,0.19,1216,182.00,16.40,275.00,0.10,9,276.00,1.30,718,143.00,14.10,269.00,0.20,9,276.00,0.80,907,152.00,15.50,271.00
"2025-04-01 16:45:00",0.10,251.00,9.00,0.04,9,276.00,0.19,1231,172.00,16.80,276.00,0.10,9,276.00,1.00,716,138.00,14.30,270.00,0.10,9,276.00,0.80,889,140.00,16.10,271.00
"2025-04-01 17:00:00",0.10,194.00,9.00,0.07,9,276.00,0.19,1199,168.00,16.80,276.00,0.10,9,276.00,0.90,705,141.00,14.20,266.00,0.00,9,276.00,0.70,871,130.00,16.40,272.00
"2025-04-01 17:15:00",0.10,158.00,9.00,0.09,9,277.00,0.20,1077,171.00,15.20,252.00,0.10,9,277.00,1.00,667,144.00,13.00,250.00,-0.10,9,277.00,0.70,849,142.00,14.90,253.00
"2025-04-01 17:30:00",0.00,62.00,9.00,0.09,9,276.00,0.19,1197,169.00,16.70,274.00,0.00,9,276.00,0.80,706,129.00,14.60,270.00,0.00,9,276.00,0.70,890,130.00,16.50,275.00
"2025-04-01 17:45:00",0.10,259.00,9.00,0.08,9,276.00,0.17,1194,180.00,16.50,271.00,0.10,9,276.00,0.80,739,138.00,14.60,264.00,0.00,9,276.00,0.60,917,138.00,16.60,267.00
"2025-04-01 18:00:00",0.10,216.00,9.00,0.07,9,276.00,0.19,1183,170.00,16.70,273.00,0.10,9,276.00,0.70,710,121.00,15.10,270.00,0.00,9,276.00,0.60,882,122.00,17.00,272.00
"2025-04-01 18:15:00",0.10,220.00,9.00,0.09,9,277.00,0.17,1126,158.00,16.00,256.00,0.10,9,277.00,0.70,683,121.00,14.30,253.00,0.00,9,277.00,0.60,853,112.00,16.60,258.00
"2025-04-01 18:30:00",0.20,209.00,9.00,0.08,9,274.00,0.18,1298,195.00,16.70,267.00,0.20,9,274.00,0.70,696,147.00,13.80,259.00,0.00,9,274.00,0.70,970,146.00,16.80,266.00
"2025-04-01 18:45:00",0.30,241.00,9.00,0.07,9,274.00,0.18,1172,161.00,16.90,272.00,0.20,9,274.00,0.80,697,124.00,14.70,272.00,0.10,9,274.00,0.60,873,119.00,17.00,272.00
"2025-04-01 19:00:00",0.30,239.00,9.00,0.07,9,274.00,0.19,1184,162.00,16.90,271.00,0.30,9,274.00,0.80,689,127.00,14.40,269.00,0.10,9,274.00,0.60,924,121.00,17.40,273.00
"2025-04-01 19:15:00",0.20,235.00,9.00,0.04,9,276.00,0.18,1157,179.00,15.50,254.00,0.20,9,276.00,1.00,652,140.00,12.80,250.00,0.10,9,276.00,0.70,908,136.00,15.80,252.00
"2025-04-01 19:30:00",0.30,234.00,9.00,0.02,9,274.00,0.21,1245,176.00,16.70,273.00,0.30,9,274.00,1.00,722,137.00,14.10,271.00,0.10,9,274.00,0.60,957,124.00,17.50,274.00
"2025-04-01 19:45:00",0.20,256.00,9.00,0.02,9,274.00,0.17,1172,162.00,16.80,271.00,0.20,9,274.00,0.80,704,133.00,14.20,268.00,0.10,9,274.00,0.70,921,119.00,17.60,272.00
"2025-04-01 20:00:00",0.20,231.00,9.00,0.03,9,274.00,0.18,1234,163.00,17.10,272.00,0.20,9,274.00,0.80,701,133.00,14.10,271.00,0.10,9,274.00,0.60,953,118.00,17.80,274.00
"2025-04-01 20:15:00",0.10,213.00,9.00,0.01,9,276.00,0.16,1190,161.00,16.30,254.00,0.10,9,276.00,0.80,613,123.00,13.20,255.00,0.00,9,276.00,0.50,962,108.00,17.80,253.00
"2025-04-01 20:30:00",0.00,257.00,9.00,0.02,9,274.00,0.17,1235,168.00,17.10,273.00,0.00,9,274.00,0.80,695,127.00,14.50,268.00,0.00,9,274.00,0.60,987,119.00,18.00,271.00
"2025-04-01 20:45:00",0.10,231.00,9.00,0.04,9,274.00,0.20,1286,226.00,15.80,259.00,0.10,9,274.00,0.90,754,165.00,13.80,256.00,0.00,9,274.00,0.50,1054,169.00,17.00,257.00
"2025-04-01 21:00:00",0.30,246.00,9.00,0.04,9,273.00,0.16,1266,181.00,16.60,272.00,0.30,9,273.00,1.00,748,148.00,14.10,265.00,0.10,9,273.00,0.70,938,145.00,16.10,268.00
"2025-04-01 21:15:00",0.40,254.00,9.00,0.05,9,277.00,0.19,1214,177.00,15.70,254.00,0.30,9,277.00,1.10,683,148.00,12.50,251.00,0.20,9,277.00,0.70,926,154.00,14.80,253.00
"2025-04-01 21:30:00",0.90,260.00,9.00,0.03,9,274.00,0.24,1370,218.00,15.90,271.00,0.70,9,274.00,1.40,877,183.00,13.70,261.00,0.60,9,274.00,1.00,1096,211.00,14.40,265.00
"2025-04-01 21:45:00",1.00,273.00,9.00,0.02,9,274.00,0.25,1345,208.00,16.10,269.00,0.60,9,274.00,1.60,913,165.00,14.80,269.00,0.80,9,274.00,1.40,1076,184.00,15.40,269.00
"2025-04-01 22:00:00",0.40,278.00,9.00,0.07,9,273.00,0.21,1422,210.00,16.60,263.00,0.20,9,273.00,1.20,887,163.00,14.80,266.00,0.30,9,273.00,1.00,1089,184.00,15.70,268.00
"2025-04-01 22:15:00",0.80,257.00,9.00,0.02,9,277.00,0.25,1273,225.00,14.90,249.00,0.60,9,277.00,1.50,816,169.00,13.30,250.00,0.50,9,277.00,0.90,979,176.00,14.70,249.00
"2025-04-01 22:30:00",0.40,259.00,9.00,0.05,9,273.00,0.18,1343,182.00,17.10,269.00,0.30,9,273.00,0.90,796,137.00,15.00,269.00,0.20,9,273.00,0.80,968,137.00,16.90,269.00
"2025-04-01 22:45:00",0.50,251.00,9.00,0.07,9,275.00,0.22,1377,190.00,16.90,274.00,0.40,9,275.00,1.40,873,155.00,14.90,269.00,0.30,9,275.00,0.80,1037,142.00,17.20,274.00
"2025-04-01 23:00:00",0.30,260.00,9.00,0.01,9,274.00,0.21,1298,193.00,16.30,269.00,0.30,9,274.00,1.20,845,150.00,14.70,268.00,0.20,9,274.00,0.90,1021,155.00,16.30,269.00
"2025-04-01 23:15:00",0.50,254.00,9.00,-0.04,9,276.00,0.21,1173,171.00,15.70,255.00,0.40,9,276.00,1.20,752,138.00,14.00,252.00,0.30,9,276.00,0.80,911,129.00,16.10,253.00
"2025-04-01 23:30:00",0.30,267.00,9.00,0.03,9,273.00,0.22,1332,230.00,15.50,258.00,0.20,9,273.00,1.30,849,172.00,13.80,262.00,0.30,9,273.00,0.90,1030,178.00,15.80,262.00
"2025-04-01 23:45:00",0.20,257.00,9.00,0.03,9,274.00,0.20,1211,172.00,16.60,272.00,0.20,9,274.00,1.00,735,134.00,14.50,267.00,0.10,9,274.00,0.80,964,128.00,17.30,272.00
"2025-04-02 00:00:00",0.20,269.00,9.00,0.04,9,274.00,0.19,1253,217.00,15.60,263.00,0.10,9,274.00,0.90,699,148.00,13.60,264.00,0.20,9,274.00,0.70,982,155.00,16.60,267.00
"2025-04-02 00:15:00",0.20,253.00,9.00,0.03,9,277.00,0.19,1213,172.00,15.90,255.00,0.20,9,277.00,1.10,682,134.00,13.50,252.00,0.10,9,277.00,0.70,881,127.00,15.90,253.00
"2025-04-02 00:30:00",0.20,243.00,9.00,0.03,9,274.00,0.20,1252,169.00,17.10,274.00,0.20,9,274.00,0.80,715,126.00,14.80,269.00,0.10,9,274.00,0.70,956,124.00,17.60,273.00
"2025-04-02 00:45:00",0.20,239.00,9.00,0.05,9,274.00,0.18,1319,209.00,16.10,266.00,0.20,9,274.00,0.90,738,150.00,13.80,265.00,0.10,9,274.00,0.70,941,153.00,16.10,268.00
"2025-04-02 01:00:00",0.20,259.00,9.00,0.02,9,275.00,0.18,1238,165.00,17.10,271.00,0.20,9,275.00,0.90,721,123.00,15.00,271.00,0.10,9,275.00,0.70,934,125.00,17.20,273.00
"2025-04-02 01:15:00",0.50,330.00,9.00,-0.02,9,276.00,0.19,1354,410.00,11.40,193.00,-0.20,9,276.00,3.20,944,367.00,9.40,164.00,0.50,9,276.00,0.80,1165,439.00,10.20,168.00
"2025-04-02 01:30:00",0.60,301.00,9.00,-0.02,9,274.00,0.22,1469,329.00,13.50,258.00,0.10,9,274.00,1.00,949,298.00,10.70,220.00,0.50,9,274.00,1.30,1122,326.00,11.80,220.00
"2025-04-02 01:45:00",0.90,262.00,9.00,-0.04,9,274.00,0.28,1468,377.00,12.30,235.00,0.70,9,274.00,1.80,1094,352.00,10.50,212.00,0.70,9,274.00,1.40,1218,384.00,11.10,210.00
"2025-04-02 02:00:00",0.60,224.00,9.00,0.03,9,274.00,0.25,1404,220.00,16.30,268.00,0.60,9,274.00,1.20,874,175.00,14.10,265.00,0.10,9,274.00,0.90,1098,181.00,15.90,266.00
"2025-04-02 02:15:00",1.40,231.00,9.00,0.01,9,277.00,0.21,1440,205.00,16.00,254.00,1.30,9,277.00,1.80,892,176.00,13.40,252.00,0.30,9,277.00,0.80,1103,163.00,15.90,252.00
"2025-04-02 02:30:00",1.30,253.00,9.00,-0.05,9,274.00,0.24,1565,229.00,16.80,269.00,1.10,9,274.00,1.70,1010,194.00,14.20,267.00,0.80,9,274.00,1.30,1224,206.00,15.70,268.00
"2025-04-02 02:45:00",1.40,241.00,9.00,-0.01,9,274.00,0.24,1598,305.00,15.00,261.00,1.30,9,274.00,1.50,1143,288.00,12.70,232.00,0.60,9,274.00,1.10,1258,304.00,13.90,228.00
"2025-04-02 03:00:00",1.70,258.00,9.00,-0.04,9,275.00,0.26,1669,433.00,11.90,244.00,1.30,9,275.00,1.60,1260,423.00,9.60,208.00,1.10,9,275.00,1.60,1400,476.00,9.70,210.00
"2025-04-02 03:15:00",1.40,256.00,9.00,-0.03,9,277.00,0.22,1643,314.00,14.40,246.00,1.10,9,277.00,1.20,1162,296.00,12.00,233.00,0.90,9,277.00,1.10,1310,326.00,12.60,236.00
"2025-04-02 03:30:00",1.30,257.00,9.00,-0.03,9,274.00,0.20,1786,258.00,16.70,271.00,1.00,9,274.00,1.30,1203,237.00,14.20,266.00,0.80,9,274.00,1.10,1356,249.00,15.10,264.00
"2025-04-02 03:45:00",1.00,229.00,9.00,-0.03,9,275.00,0.19,1933,214.00,18.90,273.00,1.00,9,275.00,1.20,1173,182.00,15.90,272.00,0.20,9,275.00,0.70,1555,178.00,18.80,272.00
"2025-04-02 04:00:00",1.50,245.00,9.00,-0.04,9,274.00,0.19,2141,234.00,18.90,272.00,1.30,9,274.00,1.30,1346,193.00,16.60,274.00,0.70,9,274.00,0.90,1535,193.00,17.90,269.00
"2025-04-02 04:15:00",1.50,249.00,9.00,-0.02,9,276.00,0.19,1765,207.00,17.50,256.00,1.20,9,276.00,1.20,1106,181.00,14.80,255.00,0.80,9,276.00,0.80,1300,156.00,17.40,253.00
"2025-04-02 04:30:00",1.60,243.00,9.00,0.03,9,274.00,0.18,2244,241.00,19.10,272.00,1.50,9,274.00,1.50,1451,217.00,16.30,273.00,0.70,9,274.00,1.00,1633,194.00,18.30,274.00
"2025-04-02 04:45:00",0.50,250.00,9.00,-0.02,9,274.00,0.19,1880,229.00,18.20,272.00,0.40,9,274.00,0.90,1066,183.00,14.90,271.00,0.20,9,274.00,0.60,1224,154.00,18.00,271.00
"2025-04-02 05:00:00",0.40,225.00,9.00,0.00,9,273.00,0.19,1733,212.00,18.00,269.00,0.30,9,273.00,0.90,1167,184.00,15.60,272.00,0.00,9,273.00,0.60,1427,151.00,19.20,273.00
"2025-04-02 05:15:00",0.40,289.00,9.00,0.06,9,276.00,0.18,1820,217.00,17.50,254.00,0.10,9,276.00,0.90,1221,181.00,15.40,254.00,0.40,9,276.00,0.80,1308,154.00,17.50,255.00
"2025-04-02 05:30:00",0.10,316.00,9.00,0.01,9,273.00,0.14,2129,217.00,19.60,271.00,0.00,9,273.00,0.80,963,169.00,14.80,272.00,0.10,9,273.00,0.50,1410,148.00,19.20,269.00
"2025-04-02 05:45:00",0.20,347.00,9.00,0.00,9,274.00,0.14,1779,208.00,18.40,273.00,-0.10,9,274.00,0.70,874,171.00,13.80,264.00,0.10,9,274.00,0.50,1191,148.00,18.00,274.00
"2025-04-02 06:00:00",0.40,258.00,9.00,0.02,9,273.00,0.17,1891,222.00,18.50,273.00,0.30,9,273.00,0.90,1079,190.00,14.70,272.00,0.20,9,273.00,0.60,1382,158.00,18.80,272.00
"2025-04-02 06:15:00",0.50,271.00,9.00,0.02,9,276.00,0.19,1751,218.00,17.10,256.00,0.30,9,276.00,0.80,1200,190.00,14.80,251.00,0.40,9,276.00,0.70,1324,164.00,17.00,256.00
"2025-04-02 06:30:00",0.30,29.00,9.00,0.09,9,273.00,0.17,1983,223.00,18.70,271.00,-0.30,9,273.00,0.90,1193,182.00,15.90,273.00,0.00,9,273.00,0.60,1351,153.00,18.60,272.00
"2025-04-02 06:45:00",0.30,321.00,9.00,-0.01,9,273.00,0.16,2046,214.00,19.30,273.00,-0.10,9,273.00,0.80,1126,169.00,15.90,273.00,0.30,9,273.00,0.50,1422,146.00,19.50,273.00
"2025-04-02 07:00:00",0.30,316.00,9.00,-0.01,9,274.00,0.12,2373,226.00,20.10,273.00,0.00,9,274.00,0.70,1129,179.00,15.80,271.00,0.30,9,274.00,0.60,1276,174.00,17.20,273.00
"2025-04-02 07:15:00",0.40,358.00,9.00,0.08,9,275.00,0.15,1836,210.00,17.60,253.00,-0.30,9,275.00,1.00,1206,170.00,15.80,256.00,0.30,9,275.00,0.90,1298,178.00,16.40,255.00
"2025-04-02 07:30:00",0.20,306.00,9.00,-0.02,9,274.00,0.16,1876,330.00,15.00,269.00,0.00,9,274.00,0.80,1158,303.00,11.70,231.00,0.20,9,274.00,0.70,1315,327.00,12.90,233.00
"2025-04-02 07:45:00",0.40,255.00,9.00,-0.01,9,275.00,0.16,1660,192.00,18.50,275.00,0.30,9,275.00,0.90,934,160.00,15.00,275.00,0.30,9,275.00,0.70,1175,156.00,17.40,273.00
"2025-04-02 08:00:00",0.50,180.00,9.00,-0.01,9,274.00,0.13,1802,178.00,20.00,272.00,0.40,9,274.00,0.80,751,151.00,13.80,273.00,-0.30,9,274.00,0.70,1158,151.00,17.70,273.00
"2025-04-02 08:15:00",0.70,203.00,9.00,-0.10,9,275.00,0.14,1666,179.00,18.30,256.00,0.60,9,275.00,0.60,890,154.00,14.40,249.00,-0.20,9,275.00,0.60,1204,143.00,17.60,254.00
"2025-04-02 08:30:00",0.30,158.00,9.00,-0.01,9,275.00,0.16,1718,190.00,18.80,274.00,0.10,9,275.00,0.70,956,143.00,16.10,272.00,-0.20,9,275.00,0.70,1205,144.00,18.20,274.00
"2025-04-02 08:45:00",0.20,140.00,9.00,-0.05,9,274.00,0.17,1505,257.00,16.40,255.00,0.00,9,274.00,0.60,885,169.00,14.90,257.00,-0.20,9,274.00,0.70,1096,184.00,16.40,258.00
"2025-04-02 09:00:00",0.40,90.00,9.00,-0.02,9,274.00,0.21,1383,207.00,16.40,270.00,-0.20,9,274.00,0.90,999,158.00,16.00,270.00,-0.30,9,274.00,0.90,1091,162.00,16.90,265.00
"2025-04-02 09:15:00",0.10,345.00,9.00,-0.06,9,276.00,0.24,1391,295.00,13.70,237.00,-0.10,9,276.00,1.30,900,253.00,11.40,215.00,0.10,9,276.00,0.70,1049,267.00,12.60,212.00
"2025-04-02 09:30:00",0.70,231.00,9.00,-0.04,9,274.00,0.22,1445,416.00,11.10,221.00,0.70,9,274.00,1.30,968,406.00,7.80,149.00,0.20,9,274.00,0.80,1172,463.00,8.40,167.00
"2025-04-02 09:45:00",1.10,231.00,9.00,0.01,9,274.00,0.23,1472,240.00,15.80,271.00,1.10,9,274.00,1.60,956,218.00,13.00,259.00,0.20,9,274.00,0.90,1211,213.00,15.60,257.00
"2025-04-02 10:00:00",0.50,229.00,9.00,0.01,2,274.00,0.19,1381,221.00,16.20,257.00,0.50,2,274.00,1.10,875,174.00,14.30,261.00,0.10,2,274.00,0.80,1085,173.00,16.30,263.00
"2025-04-02 10:15:00",0.20,203.00,9.00,0.02,9,276.00,0.18,1347,198.00,16.20,256.00,0.20,9,276.00,0.70,823,150.00,14.60,253.00,-0.10,9,276.00,0.60,1013,142.00,16.80,255.00
"2025-04-02 10:30:00",0.20,198.00,9.00,0.01,9,274.00,0.18,1336,173.00,17.40,271.00,0.20,9,274.00,0.70,775,125.00,15.60,273.00,-0.10,9,274.00,0.70,979,125.00,17.70,273.00
"2025-04-02 10:45:00",0.10,155.00,9.00,0.01,9,275.00,0.17,1319,177.00,17.10,273.00,0.00,9,275.00,0.70,789,128.00,15.60,267.00,-0.10,9,275.00,0.60,1035,124.00,18.10,274.00
"2025-04-02 11:00:00",0.50,232.00,9.00,0.02,9,274.00,0.21,1384,191.00,17.00,271.00,0.50,9,274.00,1.20,879,161.00,14.80,266.00,0.10,9,274.00,0.90,1025,148.00,16.90,271.00
"2025-04-02 11:15:00",0.30,313.00,9.00,0.01,9,276.00,0.28,1433,226.00,15.30,250.00,0.00,9,276.00,1.90,1064,204.00,13.50,253.00,0.30,9,276.00,1.30,1013,172.00,14.80,251.00
"2025-04-02 11:30:00",0.30,234.00,9.00,0.07,9,274.00,0.25,1477,247.00,15.60,265.00,0.30,9,274.00,1.40,939,209.00,13.00,258.00,0.10,9,274.00,0.90,1032,193.00,15.00,260.00
"2025-04-02 11:45:00",0.20,216.00,9.00,0.07,9,275.00,0.21,1548,205.00,17.40,271.00,0.20,9,275.00,1.30,1057,177.00,15.10,274.00,0.00,9,275.00,0.80,1018,147.00,16.70,273.00
"2025-04-02 12:00:00",1.40,246.00,9.00,0.18,2,275.00,0.40,1640,259.00,16.00,270.00,1.30,2,275.00,2.90,1315,248.00,14.40,275.00,0.70,2,275.00,1.90,1183,209.00,15.00,270.00
"2025-04-02 12:15:00",0.80,318.00,9.00,0.06,2,278.00,0.24,1380,199.00,16.10,251.00,-0.10,2,278.00,1.50,991,162.00,15.10,253.00,0.80,2,278.00,1.90,963,165.00,15.00,253.00
"2025-04-02 12:30:00",0.40,322.00,9.00,0.05,9,276.00,0.22,1391,223.00,16.10,269.00,-0.10,9,276.00,1.10,947,191.00,14.30,250.00,0.40,9,276.00,1.30,986,206.00,14.90,250.00
"2025-04-02 12:45:00",0.40,284.00,9.00,0.07,9,276.00,0.26,1441,248.00,15.90,266.00,0.20,9,276.00,1.30,971,181.00,15.00,269.00,0.30,9,276.00,1.20,1067,185.00,15.90,266.00
"2025-04-02 13:00:00",1.20,312.00,9.00,-0.03,2,274.00,0.28,1494,253.00,15.60,266.00,-0.10,2,274.00,1.60,1055,214.00,13.90,260.00,1.20,2,274.00,1.80,1081,236.00,13.70,262.00
"2025-04-02 13:15:00",0.80,302.00,9.00,0.06,2,276.00,0.26,1368,207.00,15.70,249.00,0.10,2,276.00,1.10,906,145.00,15.10,253.00,0.80,2,276.00,1.50,994,166.00,15.10,251.00
"2025-04-02 13:30:00",0.80,254.00,9.00,0.07,9,276.00,0.23,1432,241.00,15.60,266.00,0.60,9,276.00,1.80,934,214.00,13.00,253.00,0.50,9,276.00,1.40,998,234.00,13.10,250.00
"2025-04-02 13:45:00",0.80,243.00,9.00,-0.01,9,276.00,0.23,1378,238.00,15.50,265.00,0.70,9,276.00,1.00,1004,210.00,14.30,252.00,0.30,9,276.00,0.90,1146,220.00,15.40,251.00
"2025-04-02 14:00:00",0.60,216.00,9.00,0.08,9,274.00,0.25,1612,222.00,17.30,267.00,0.60,9,274.00,1.30,1142,164.00,16.80,268.00,0.00,9,274.00,0.80,1171,158.00,17.70,270.00
"2025-04-02 14:15:00",0.40,319.00,9.00,0.06,9,276.00,0.24,1441,235.00,15.60,250.00,-0.10,9,276.00,1.00,1006,168.00,15.10,249.00,0.40,9,276.00,1.20,1020,187.00,15.00,248.00
"2025-04-02 14:30:00",0.30,343.00,9.00,0.04,9,276.00,0.20,1419,204.00,16.80,270.00,-0.20,9,276.00,1.00,893,149.00,15.50,269.00,0.20,9,276.00,1.10,999,147.00,16.70,271.00
"2025-04-02 14:45:00",0.80,284.00,9.00,0.04,2,276.00,0.23,1329,226.00,15.30,271.00,0.30,2,276.00,1.60,865,172.00,14.00,268.00,0.70,2,276.00,2.10,923,178.00,14.50,266.00
"2025-04-02 15:00:00",0.80,304.00,9.00,0.00,9,275.00,0.28,1450,252.00,14.90,265.00,0.10,9,275.00,1.60,969,188.00,14.10,266.00,0.80,9,275.00,1.80,963,184.00,14.50,269.00
"2025-04-02 15:15:00",1.00,266.00,9.00,-0.02,2,278.00,0.32,1217,238.00,13.70,249.00,0.70,2,278.00,2.60,786,183.00,12.30,248.00,0.70,2,278.00,1.70,865,178.00,13.30,250.00
"2025-04-02 15:30:00",0.60,285.00,9.00,0.03,2,276.00,0.26,1305,233.00,15.10,268.00,0.20,2,276.00,2.10,872,183.00,13.60,264.00,0.50,2,276.00,1.70,909,186.00,14.00,261.00
"2025-04-02 15:45:00",0.50,315.00,9.00,0.03,9,276.00,0.24,1279,190.00,16.50,271.00,-0.10,9,276.00,1.80,780,154.00,14.30,269.00,0.50,9,276.00,1.70,909,154.00,15.60,268.00
"2025-04-02 16:00:00",1.20,238.00,9.00,0.03,2,275.00,0.26,1348,223.00,15.70,269.00,1.20,2,275.00,3.00,900,185.00,13.80,269.00,0.40,2,275.00,1.70,942,163.00,15.50,270.00
"2025-04-02 16:15:00",0.40,236.00,9.00,0.03,9,278.00,0.24,1235,176.00,16.10,256.00,0.40,9,278.00,1.50,731,137.00,14.00,254.00,0.10,9,278.00,0.90,843,127.00,15.90,251.00
"2025-04-02 16:30:00",0.70,236.00,9.00,0.05,2,276.00,0.22,1270,187.00,16.60,271.00,0.70,2,276.00,1.90,841,151.00,14.80,273.00,0.20,2,276.00,1.20,909,142.00,16.20,271.00
"2025-04-02 16:45:00",0.40,335.00,9.00,0.03,9,275.00,0.20,1213,177.00,16.60,273.00,-0.20,9,275.00,1.20,725,138.00,14.40,267.00,0.40,9,275.00,1.00,856,147.00,15.70,266.00
"2025-04-02 17:00:00",0.10,327.00,9.00,0.11,9,276.00,0.26,1277,184.00,16.60,271.00,0.00,9,276.00,1.70,766,140.00,14.70,270.00,0.10,9,276.00,1.40,925,143.00,16.40,271.00
"2025-04-02 17:15:00",0.20,308.00,9.00,0.05,9,278.00,0.18,1169,155.00,16.60,258.00,0.00,9,278.00,1.10,684,120.00,14.30,253.00,0.20,9,278.00,0.80,818,120.00,15.90,254.00
"2025-04-02 17:30:00",0.10,66.00,9.00,0.07,9,274.00,0.20,1070,157.00,16.40,272.00,-0.10,9,274.00,0.80,664,113.00,15.20,268.00,0.00,9,274.00,0.70,803,110.00,17.00,271.00
"2025-04-02 17:45:00",0.10,305.00,9.00,0.04,9,274.00,0.19,1036,151.00,16.40,272.00,0.00,9,274.00,0.70,654,107.00,15.40,268.00,0.10,9,274.00,0.60,803,107.00,17.30,271.00
"2025-04-02 18:00:00",0.20,231.00,9.00,0.03,9,274.00,0.16,1106,148.00,17.20,273.00,0.20,9,274.00,0.80,619,113.00,14.50,269.00,0.10,9,274.00,0.60,857,103.00,18.10,270.00
"2025-04-02 18:15:00",0.00,312.00,9.00,0.06,9,276.00,0.18,1050,166.00,15.40,249.00,0.00,9,276.00,0.80,624,129.00,13.20,249.00,0.00,9,276.00,0.60,767,117.00,16.00,249.00
"2025-04-02 18:30:00",0.20,266.00,9.00,0.04,9,274.00,0.19,1165,157.00,16.90,274.00,0.10,9,274.00,0.70,650,125.00,14.00,268.00,0.10,9,274.00,0.70,832,112.00,17.10,273.00
"2025-04-02 18:45:00",0.20,235.00,9.00,0.04,9,274.00,0.17,1188,219.00,15.00,264.00,0.20,9,274.00,0.80,724,194.00,12.10,237.00,0.10,9,274.00,0.70,962,201.00,14.50,249.00
"2025-04-02 19:00:00",0.70,250.00,9.00,0.03,9,274.00,0.19,1323,177.00,17.10,272.00,0.60,9,274.00,1.00,893,145.00,15.50,272.00,0.30,9,274.00,0.80,1078,146.00,17.40,271.00
"2025-04-02 19:15:00",0.70,249.00,9.00,0.01,9,276.00,0.18,1268,168.00,16.50,254.00,0.60,9,276.00,0.90,760,129.00,14.40,252.00,0.40,9,276.00,0.70,921,121.00,16.60,252.00
"2025-04-02 19:30:00",0.50,233.00,9.00,0.04,9,274.00,0.17,1336,166.00,17.80,272.00,0.40,9,274.00,0.80,795,120.00,16.10,274.00,0.10,9,274.00,0.70,949,121.00,17.50,273.00
"2025-04-02 19:45:00",1.20,249.00,9.00,0.03,9,274.00,0.23,1611,226.00,17.00,272.00,1.00,9,274.00,1.30,1103,183.00,15.40,267.00,0.60,9,274.00,1.10,1181,174.00,16.80,268.00
"2025-04-02 20:00:00",1.40,239.00,9.00,0.02,9,274.00,0.23,1640,215.00,17.40,271.00,1.30,9,274.00,1.50,1048,181.00,15.10,269.00,0.50,9,274.00,1.00,1139,163.00,16.60,270.00
"2025-04-02 20:15:00",0.80,242.00,9.00,-0.01,9,276.00,0.16,1281,169.00,16.50,255.00,0.70,9,276.00,1.10,719,133.00,13.90,251.00,0.30,9,276.00,0.70,923,119.00,16.80,255.00
"2025-04-02 20:30:00",0.90,232.00,9.00,0.00,9,274.00,0.18,1369,270.00,14.60,258.00,0.80,9,274.00,1.10,930,254.00,11.90,223.00,0.20,9,274.00,0.80,982,261.00,12.60,233.00
"2025-04-02 20:45:00",1.50,242.00,9.00,-0.03,9,273.00,0.20,1640,193.00,18.30,269.00,1.40,9,273.00,1.70,995,176.00,14.90,270.00,0.60,9,273.00,0.90,1102,149.00,17.30,269.00
"2025-04-02 21:00:00",1.20,243.00,9.00,0.01,9,275.00,0.19,1566,193.00,17.80,272.00,1.10,9,275.00,1.40,974,167.00,15.10,272.00,0.50,9,275.00,1.00,1110,154.00,17.10,271.00
"2025-04-02 21:15:00",1.00,235.00,9.00,0.01,9,276.00,0.20,1342,187.00,16.20,253.00,1.00,9,276.00,1.30,877,160.00,14.00,252.00,0.30,9,276.00,0.80,994,142.00,16.10,252.00
"2025-04-02 21:30:00",0.90,225.00,9.00,0.01,9,274.00,0.21,1513,220.00,16.70,271.00,0.90,9,274.00,1.10,967,174.00,14.70,269.00,0.10,9,274.00,0.80,1143,161.00,16.90,269.00
"2025-04-02 21:45:00",1.60,236.00,9.00,-0.02,9,274.00,0.21,1726,209.00,17.90,274.00,1.50,9,274.00,1.30,1072,180.00,15.10,274.00,0.50,9,274.00,0.80,1175,151.00,17.70,272.00
"2025-04-02 22:00:00",1.50,247.00,9.00,0.01,9,274.00,0.20,1674,200.00,18.10,271.00,1.30,9,274.00,1.20,1232,180.00,16.30,273.00,0.70,9,274.00,1.00,1241,159.00,17.60,273.00
"2025-04-02 22:15:00",1.00,258.00,9.00,0.04,9,276.00,0.18,1674,192.00,17.60,253.00,0.80,9,276.00,1.00,957,148.00,15.30,256.00,0.70,9,276.00,0.90,1101,153.00,16.30,253.00
"2025-04-02 22:30:00",0.40,281.00,9.00,0.01,9,273.00,0.15,1639,188.00,18.60,272.00,0.20,9,273.00,0.80,963,145.00,16.10,272.00,0.40,9,273.00,0.70,1118,147.00,17.40,271.00
"2025-04-02 22:45:00",0.90,271.00,9.00,-0.02,9,274.00,0.18,1543,299.00,14.70,263.00,0.50,9,274.00,1.10,974,278.00,11.70,239.00,0.70,9,274.00,1.00,1147,306.00,12.40,233.00
"2025-04-02 23:00:00",1.20,258.00,9.00,-0.04,9,274.00,0.19,1646,452.00,11.30,252.00,0.90,9,274.00,1.10,1056,429.00,7.70,172.00,0.80,9,274.00,1.10,1273,494.00,8.30,189.00
"2025-04-02 23:15:00",1.40,251.00,9.00,-0.06,9,276.00,0.17,1831,243.00,16.90,254.00,1.20,9,276.00,1.20,1126,217.00,14.10,251.00,0.80,9,276.00,1.00,1252,222.00,15.00,250.00
"2025-04-02 23:30:00",2.00,243.00,9.00,-0.01,9,274.00,0.19,1873,227.00,18.10,273.00,1.80,9,274.00,1.40,1279,203.00,15.80,273.00,0.80,9,274.00,1.00,1361,179.00,17.40,274.00
"2025-04-02 23:45:00",0.10,276.00,9.00,0.03,9,274.00,0.21,1672,208.00,17.70,271.00,0.10,9,274.00,0.90,1016,161.00,15.50,274.00,0.10,9,274.00,0.90,1128,151.00,17.20,273.00
"2025-04-03 00:00:00",0.40,272.00,9.00,-0.08,9,274.00,0.14,2215,213.00,20.20,272.00,0.20,9,274.00,1.20,1307,180.00,16.60,273.00,0.30,9,274.00,0.70,1446,171.00,18.30,272.00
"2025-04-03 00:15:00",0.20,185.00,9.00,-0.10,9,276.00,0.12,1718,198.00,17.70,254.00,0.10,9,276.00,0.90,799,153.00,13.50,255.00,-0.10,9,276.00,0.70,1085,137.00,17.00,256.00
"2025-04-03 00:30:00",0.20,104.00,9.00,-0.06,9,275.00,0.11,1848,236.00,18.30,271.00,-0.10,9,275.00,1.00,827,187.00,12.80,266.00,-0.20,9,275.00,0.50,1247,175.00,17.70,269.00
"2025-04-03 00:45:00",0.10,31.00,9.00,-0.11,9,274.00,0.09,1593,193.00,18.20,274.00,-0.10,9,274.00,0.60,814,149.00,14.50,272.00,0.00,9,274.00,0.30,1144,129.00,18.40,274.00
"2025-04-03 01:00:00",0.10,39.00,9.00,-0.06,9,274.00,0.08,1762,174.00,20.00,274.00,-0.10,9,274.00,0.70,812,156.00,14.10,274.00,0.00,9,274.00,0.40,1156,124.00,19.20,274.00
"2025-04-03 01:15:00",0.50,30.00,9.00,-0.09,9,277.00,0.08,1461,194.00,16.70,257.00,-0.50,9,277.00,1.00,708,167.00,11.90,257.00,0.10,9,277.00,0.30,1002,124.00,17.10,255.00
"2025-04-03 01:30:00",0.10,349.00,9.00,-0.05,9,274.00,0.13,1695,211.00,17.90,270.00,-0.10,9,274.00,0.90,970,170.00,14.60,272.00,0.10,9,274.00,0.50,1221,152.00,18.00,270.00
"2025-04-03 01:45:00",0.10,358.00,9.00,-0.02,9,274.00,0.14,1727,190.00,18.70,272.00,0.00,9,274.00,0.70,1043,154.00,16.20,273.00,0.00,9,274.00,0.50,1284,140.00,18.90,274.00
"2025-04-03 02:00:00",0.40,305.00,9.00,0.02,9,275.00,0.14,1908,249.00,17.80,270.00,0.00,9,275.00,0.70,939,176.00,14.50,266.00,0.40,9,275.00,0.70,1164,186.00,16.10,272.00
"2025-04-03 02:15:00",0.00,276.00,9.00,-0.06,9,276.00,0.12,1769,200.00,18.20,254.00,0.00,9,276.00,1.00,814,164.00,13.00,255.00,0.00,9,276.00,0.60,1037,157.00,15.70,254.00
"2025-04-03 02:30:00",0.40,142.00,9.00,-0.02,9,274.00,0.11,1918,194.00,19.80,274.00,0.10,9,274.00,0.40,885,147.00,15.40,269.00,-0.40,9,274.00,0.50,1165,139.00,18.30,273.00
"2025-04-03 02:45:00",0.70,281.00,9.00,-0.08,9,274.00,0.09,2230,226.00,20.60,273.00,0.30,9,274.00,0.40,1013,170.00,15.70,262.00,0.60,9,274.00,0.40,1168,170.00,17.10,273.00
"2025-04-03 03:00:00",0.50,280.00,9.00,-0.06,9,275.00,0.10,2208,192.00,21.10,274.00,0.30,9,275.00,0.50,851,144.00,15.20,275.00,0.50,9,275.00,0.20,1601,136.00,21.30,275.00
"2025-04-03 03:15:00",0.30,163.00,9.00,-0.02,9,276.00,0.11,1551,163.00,18.50,256.00,0.20,9,276.00,0.50,815,146.00,14.30,254.00,-0.30,9,276.00,0.40,1082,126.00,17.60,257.00
"2025-04-03 03:30:00",0.20,59.00,9.00,0.03,9,274.00,0.07,2072,183.00,21.00,274.00,-0.20,9,274.00,0.60,795,133.00,15.40,274.00,-0.10,9,274.00,0.30,1212,123.00,19.40,273.00
"2025-04-03 03:45:00",0.30,133.00,9.00,0.02,9,275.00,0.08,1850,189.00,19.70,275.00,0.00,9,275.00,0.60,853,140.00,15.60,275.00,-0.30,9,275.00,0.40,1174,122.00,19.30,275.00
"2025-04-03 04:00:00",0.80,83.00,9.00,0.08,9,274.00,0.09,2071,165.00,21.80,274.00,-0.60,9,274.00,0.60,846,134.00,15.70,274.00,-0.60,9,274.00,0.40,1257,113.00,20.80,274.00
"2025-04-03 04:15:00",0.30,263.00,9.00,-0.01,9,277.00,0.11,2022,228.00,18.40,256.00,0.20,9,277.00,0.50,827,161.00,13.70,250.00,0.20,9,277.00,0.50,1049,155.00,16.00,256.00
"2025-04-03 04:30:00",0.80,36.00,9.00,0.11,9,274.00,0.12,2233,193.00,21.00,274.00,-0.80,9,274.00,0.60,848,136.00,15.40,273.00,0.00,9,274.00,0.30,1410,129.00,20.60,272.00
"2025-04-03 04:45:00",0.20,350.00,9.00,0.04,9,274.00,0.11,2459,205.00,21.30,274.00,-0.10,9,274.00,0.60,1050,146.00,16.90,274.00,0.10,9,274.00,0.60,1018,132.00,17.30,274.00
"2025-04-03 05:00:00",0.30,150.00,9.00,0.05,9,273.00,0.07,2552,191.00,22.70,272.00,0.10,9,273.00,0.40,1022,149.00,16.60,269.00,-0.30,9,273.00,0.40,1026,149.00,16.50,269.00
"2025-04-03 05:15:00",0.30,153.00,9.00,0.14,9,275.00,0.09,2135,157.00,21.60,256.00,0.10,9,275.00,0.50,861,136.00,15.40,255.00,-0.20,9,275.00,0.60,1078,132.00,17.30,255.00
"2025-04-03 05:30:00",0.20,166.00,9.00,0.12,9,274.00,0.12,2145,216.00,20.60,271.00,0.10,9,274.00,0.70,835,166.00,14.20,260.00,-0.20,9,274.00,0.50,1050,141.00,17.70,269.00
"2025-04-03 05:45:00",0.40,73.00,9.00,0.14,9,273.00,0.11,1696,191.00,18.90,273.00,-0.30,9,273.00,1.00,816,146.00,14.80,272.00,-0.20,9,273.00,0.40,960,133.00,17.00,271.00
"2025-04-03 06:00:00",0.70,36.00,9.00,0.06,9,273.00,0.15,1581,162.00,19.70,272.00,-0.70,9,273.00,0.50,939,133.00,16.80,268.00,0.00,9,273.00,0.40,1177,131.00,18.90,273.00
"2025-04-03 06:15:00",0.60,70.00,9.00,0.15,9,276.00,0.12,1600,175.00,18.40,255.00,-0.50,9,276.00,0.80,666,135.00,13.20,255.00,-0.30,9,276.00,0.50,1098,128.00,17.60,256.00
"2025-04-03 06:30:00",0.30,27.00,9.00,0.04,9,273.00,0.20,1287,177.00,16.90,271.00,-0.30,9,273.00,0.50,970,155.00,15.90,270.00,0.10,9,273.00,0.50,1187,130.00,19.00,273.00
"2025-04-03 06:45:00",0.30,71.00,9.00,0.08,9,273.00,0.15,1510,202.00,17.50,266.00,-0.30,9,273.00,0.70,806,151.00,14.60,263.00,-0.20,9,273.00,0.60,1206,140.00,18.90,270.00
"2025-04-03 07:00:00",0.20,343.00,9.00,-0.02,9,274.00,0.15,1406,206.00,16.50,272.00,-0.10,9,274.00,0.70,827,139.00,15.20,271.00,0.20,9,274.00,0.50,1139,128.00,18.90,272.00
"2025-04-03 07:15:00",1.00,86.00,9.00,0.10,9,275.00,0.12,1357,176.00,16.70,255.00,-0.70,9,275.00,0.70,691,140.00,13.10,253.00,-0.80,9,275.00,0.30,1213,109.00,19.90,256.00
"2025-04-03 07:30:00",0.20,184.00,9.00,-0.01,9,274.00,0.15,1412,189.00,17.40,271.00,0.20,9,274.00,0.70,784,145.00,14.40,270.00,-0.10,9,274.00,0.50,1124,116.00,19.50,273.00
"2025-04-03 07:45:00",0.30,67.00,9.00,0.00,9,274.00,0.16,1377,184.00,17.10,274.00,-0.20,9,274.00,0.90,720,151.00,13.30,273.00,-0.10,9,274.00,0.60,1150,122.00,19.10,274.00
"2025-04-03 08:00:00",0.20,92.00,9.00,0.04,9,274.00,0.15,1652,190.00,18.50,273.00,-0.10,9,274.00,0.70,842,152.00,14.60,273.00,-0.20,9,274.00,0.50,1129,128.00,18.80,273.00
"2025-04-03 08:15:00",0.10,191.00,9.00,0.02,9,276.00,0.17,1361,205.00,15.80,253.00,0.10,9,276.00,1.00,802,158.00,13.40,254.00,0.00,9,276.00,0.60,1033,140.00,16.70,254.00
"2025-04-03 08:30:00",0.80,228.00,9.00,0.00,9,275.00,0.19,1513,195.00,17.50,270.00,0.80,9,275.00,1.00,945,160.00,15.10,274.00,0.10,9,275.00,0.60,1158,137.00,18.30,270.00
"2025-04-03 08:45:00",0.30,223.00,9.00,0.01,9,274.00,0.17,1582,194.00,17.90,272.00,0.30,9,274.00,0.90,843,144.00,14.90,274.00,0.00,9,274.00,0.70,1124,133.00,18.30,274.00
"2025-04-03 09:00:00",0.10,169.00,9.00,-0.01,9,273.00,0.17,1587,195.00,17.90,273.00,0.10,9,273.00,0.80,764,142.00,14.30,271.00,-0.10,9,273.00,0.70,1133,133.00,18.30,273.00
"2025-04-03 09:15:00",0.60,244.00,9.00,-0.05,9,276.00,0.19,1481,210.00,16.20,252.00,0.50,9,276.00,0.90,834,157.00,13.80,251.00,0.30,9,276.00,0.70,1060,144.00,16.60,252.00
"2025-04-03 09:30:00",0.20,60.00,9.00,-0.03,9,274.00,0.18,1569,221.00,17.20,267.00,-0.20,9,274.00,0.80,945,179.00,14.80,266.00,-0.10,9,274.00,0.70,1270,165.00,17.90,269.00
"2025-04-03 09:45:00",0.40,74.00,9.00,-0.05,9,274.00,0.19,1534,208.00,17.10,273.00,-0.30,9,274.00,0.90,1042,159.00,15.90,271.00,-0.20,9,274.00,0.70,1177,153.00,17.50,272.00
"2025-04-03 10:00:00",0.40,119.00,9.00,0.13,2,274.00,0.29,1864,255.00,17.30,269.00,-0.10,2,274.00,1.40,1534,198.00,17.40,273.00,-0.40,2,274.00,0.80,1289,160.00,18.00,273.00
"2025-04-03 10:15:00",0.50,62.00,9.00,0.01,2,276.00,0.19,1472,196.00,16.50,255.00,-0.40,2,276.00,1.00,980,161.00,14.70,254.00,-0.20,2,276.00,0.70,1034,135.00,16.70,253.00
"2025-04-03 10:30:00",1.00,58.00,9.00,-0.03,2,275.00,0.20,1498,202.00,17.10,272.00,-1.00,2,275.00,1.10,1125,170.00,15.90,275.00,-0.30,2,275.00,0.70,1094,140.00,17.50,273.00
"2025-04-03 10:45:00",0.60,86.00,9.00,0.03,2,275.00,0.22,1353,182.00,17.30,270.00,-0.40,2,275.00,0.90,860,131.00,15.90,271.00,-0.40,2,275.00,0.80,1014,126.00,17.90,274.00
"2025-04-03 11:00:00",0.70,74.00,9.00,0.06,2,276.00,0.29,1356,206.00,16.40,269.00,-0.60,2,276.00,1.10,992,161.00,15.40,271.00,-0.40,2,276.00,0.90,1026,152.00,16.70,269.00
"2025-04-03 11:15:00",0.50,94.00,9.00,0.02,2,278.00,0.19,1180,156.00,16.70,257.00,-0.30,2,278.00,1.30,808,123.00,15.40,258.00,-0.40,2,278.00,0.80,788,103.00,16.90,256.00
"2025-04-03 11:30:00",0.50,82.00,9.00,0.03,2,276.00,0.22,1280,169.00,17.40,273.00,-0.40,2,276.00,1.10,840,126.00,16.00,271.00,-0.40,2,276.00,0.80,920,115.00,17.80,272.00
"2025-04-03 11:45:00",0.40,95.00,9.00,-0.02,2,276.00,0.19,1228,163.00,17.30,274.00,-0.20,2,276.00,1.00,852,130.00,15.80,274.00,-0.40,2,276.00,0.80,824,109.00,17.40,276.00
"2025-04-03 12:00:00",0.60,100.00,9.00,0.03,2,276.00,0.26,1442,188.00,17.40,275.00,-0.30,2,276.00,1.00,972,144.00,15.90,274.00,-0.50,2,276.00,1.20,901,126.00,16.80,274.00
"2025-04-03 12:15:00",0.80,62.00,9.00,0.08,2,278.00,0.31,1314,229.00,15.30,246.00,-0.80,2,278.00,1.30,997,193.00,14.10,250.00,-0.30,2,278.00,1.20,897,159.00,15.10,251.00
"2025-04-03 12:30:00",0.70,85.00,9.00,0.04,2,277.00,0.25,1370,179.00,17.60,274.00,-0.50,2,277.00,1.50,919,143.00,15.90,274.00,-0.50,2,277.00,1.20,891,129.00,16.80,274.00
"2025-04-03 12:45:00",0.90,76.00,9.00,0.04,2,276.00,0.23,1297,168.00,17.60,273.00,-0.70,2,276.00,1.10,953,146.00,15.90,270.00,-0.60,2,276.00,0.90,939,123.00,17.70,274.00
"2025-04-03 13:00:00",1.20,97.00,9.00,0.02,2,276.00,0.25,1450,195.00,17.40,270.00,-0.60,2,276.00,1.40,1094,164.00,16.10,273.00,-1.00,2,276.00,1.40,1075,152.00,16.80,274.00
"2025-04-03 13:15:00",0.90,92.00,9.00,0.02,2,279.00,0.20,1221,162.00,16.60,255.00,-0.50,2,279.00,1.10,786,136.00,14.20,258.00,-0.70,2,279.00,1.00,834,123.00,15.80,255.00
"2025-04-03 13:30:00",1.30,86.00,9.00,0.03,2,277.00,0.28,1510,221.00,16.90,270.00,-0.90,2,277.00,1.40,1213,191.00,15.80,270.00,-1.00,2,277.00,1.20,1055,165.00,16.20,274.00
"2025-04-03 13:45:00",0.90,91.00,9.00,0.01,2,276.00,0.25,1404,193.00,17.30,269.00,-0.60,2,276.00,1.10,958,156.00,15.50,274.00,-0.70,2,276.00,1.20,1001,153.00,16.30,272.00
"2025-04-03 14:00:00",0.90,98.00,9.00,0.07,2,277.00,0.25,1461,183.00,17.90,272.00,-0.50,2,277.00,1.40,968,141.00,16.40,277.00,-0.80,2,277.00,1.10,976,138.00,16.90,272.00
"2025-04-03 14:15:00",1.00,81.00,9.00,0.01,2,278.00,0.27,1322,167.00,17.00,255.00,-0.70,2,278.00,1.40,1018,156.00,15.10,258.00,-0.70,2,278.00,1.10,839,120.00,16.00,257.00
"2025-04-03 14:30:00",0.60,86.00,9.00,0.01,2,277.00,0.18,1245,145.00,18.30,275.00,-0.40,2,277.00,0.80,844,129.00,16.00,272.00,-0.40,2,277.00,0.80,759,105.00,17.20,273.00
"2025-04-03 14:45:00",0.40,117.00,9.00,0.02,9,277.00,0.19,1189,146.00,18.20,274.00,-0.10,9,277.00,0.80,760,117.00,16.00,276.00,-0.40,9,277.00,0.70,813,98.00,18.20,274.00
"2025-04-03 15:00:00",1.00,345.00,9.00,0.18,2,276.00,0.38,1397,224.00,15.90,274.00,-0.60,2,276.00,1.80,1236,193.00,16.00,274.00,0.80,2,276.00,1.70,1089,189.00,15.50,274.00
"2025-04-03 15:15:00",1.30,24.00,9.00,-0.05,2,279.00,0.33,1325,175.00,16.60,256.00,-1.20,2,279.00,2.00,981,172.00,14.40,259.00,0.30,2,279.00,1.40,953,125.00,16.60,258.00
"2025-04-03 15:30:00",1.00,5.00,9.00,-0.01,2,276.00,0.27,1389,174.00,17.80,275.00,-0.90,2,276.00,1.70,1113,165.00,16.30,272.00,0.60,2,276.00,1.30,945,138.00,16.90,273.00
"2025-04-03 15:45:00",1.30,10.00,9.00,-0.04,2,277.00,0.25,1402,171.00,18.00,275.00,-1.10,2,277.00,1.70,1169,172.00,16.60,276.00,0.60,2,277.00,1.20,1065,137.00,17.70,274.00
"2025-04-03 16:00:00",0.70,353.00,9.00,0.04,9,276.00,0.19,1312,148.00,18.70,274.00,-0.50,9,276.00,1.20,884,126.00,16.60,275.00,0.50,9,276.00,1.10,889,122.00,17.30,270.00
"2025-04-03 16:15:00",0.80,285.00,9.00,0.07,9,279.00,0.32,1434,238.00,15.20,253.00,0.30,9,279.00,2.10,1097,197.00,14.20,254.00,0.80,9,279.00,1.80,1030,202.00,14.10,245.00
"2025-04-03 16:30:00",1.60,266.00,9.00,0.16,2,276.00,0.34,1578,237.00,16.50,271.00,1.10,2,276.00,2.40,1171,211.00,15.00,274.00,1.20,2,276.00,2.20,1148,225.00,14.40,272.00
"2025-04-03 16:45:00",1.00,248.00,9.00,0.12,9,277.00,0.25,1353,192.00,16.80,272.00,0.90,9,277.00,2.00,948,171.00,15.00,271.00,0.50,9,277.00,1.30,1030,169.00,16.00,272.00
"2025-04-03 17:00:00",0.50,270.00,9.00,0.06,9,276.00,0.19,1393,185.00,17.40,272.00,0.30,9,276.00,1.30,871,148.00,15.30,271.00,0.40,9,276.00,1.10,1029,150.00,16.70,271.00
"2025-04-03 17:15:00",0.40,245.00,9.00,0.10,9,279.00,0.20,1234,167.00,16.30,254.00,0.40,9,279.00,1.10,783,132.00,14.60,256.00,0.20,9,279.00,0.90,912,132.00,16.20,253.00
"2025-04-03 17:30:00",0.20,204.00,9.00,0.11,9,276.00,0.17,1260,180.00,17.00,272.00,0.20,9,276.00,0.80,733,139.00,14.50,270.00,0.00,9,276.00,0.70,902,139.00,16.50,270.00
"2025-04-03 17:45:00",0.20,230.00,9.00,0.10,9,276.00,0.18,1253,192.00,16.30,268.00,0.20,9,276.00,0.90,726,143.00,14.10,268.00,0.00,9,276.00,0.70,908,145.00,16.00,270.00
"2025-04-03 18:00:00",0.20,225.00,9.00,0.10,9,276.00,0.17,1260,163.00,17.40,273.00,0.20,9,276.00,0.80,728,128.00,14.90,271.00,0.00,9,276.00,0.60,901,125.00,17.00,271.00
"2025-04-03 18:15:00",0.10,65.00,9.00,0.07,9,277.00,0.16,1216,163.00,16.40,257.00,-0.10,9,277.00,0.80,692,122.00,14.20,256.00,0.00,9,277.00,0.70,858,119.00,16.20,257.00
"2025-04-03 18:30:00",0.20,148.00,9.00,0.09,9,276.00,0.19,1369,185.00,17.20,274.00,0.10,9,276.00,0.80,748,132.00,14.90,267.00,-0.20,9,276.00,0.70,901,135.00,16.30,274.00
"2025-04-03 18:45:00",0.20,206.00,9.00,0.10,9,276.00,0.20,1278,180.00,16.60,275.00,0.20,9,276.00,0.80,752,130.00,15.00,273.00,0.00,9,276.00,0.60,948,134.00,16.90,275.00
"2025-04-03 19:00:00",0.50,235.00,9.00,0.07,9,276.00,0.21,1262,199.00,16.10,271.00,0.50,9,276.00,1.10,801,150.00,14.60,269.00,0.20,9,276.00,0.70,1009,155.00,16.50,269.00
"2025-04-03 19:15:00",0.90,241.00,9.00,0.09,9,277.00,0.21,1246,185.00,15.80,255.00,0.80,9,277.00,1.40,834,151.00,14.00,256.00,0.40,9,277.00,0.90,963,147.00,15.60,255.00
"2025-04-03 19:30:00",0.40,245.00,9.00,0.04,9,274.00,0.24,1208,183.00,16.10,272.00,0.30,9,274.00,1.10,794,139.00,15.00,269.00,0.20,9,274.00,0.80,959,137.00,16.70,273.00
"2025-04-03 19:45:00",0.10,275.00,9.00,0.01,9,274.00,0.21,1212,188.00,16.00,270.00,0.10,9,274.00,1.00,810,139.00,15.10,269.00,0.10,9,274.00,0.70,977,134.00,17.10,272.00
"2025-04-03 20:00:00",0.50,278.00,9.00,-0.12,9,274.00,0.32,1289,214.00,15.60,269.00,0.30,9,274.00,1.50,991,158.00,15.60,271.00,0.40,9,274.00,0.90,1114,154.00,17.00,272.00
"2025-04-03 20:15:00",0.60,266.00,9.00,0.00,9,276.00,0.25,1140,203.00,14.40,249.00,0.40,9,276.00,1.60,862,165.00,13.70,253.00,0.50,9,276.00,1.00,937,154.00,15.20,250.00
"2025-04-03 20:30:00",0.60,252.00,9.00,0.02,9,274.00,0.24,1230,193.00,15.90,269.00,0.50,9,274.00,1.30,840,157.00,14.40,268.00,0.30,9,274.00,0.80,1006,146.00,16.60,270.00
"2025-04-03 20:45:00",1.10,255.00,9.00,-0.01,9,274.00,0.22,1287,188.00,16.50,271.00,0.90,9,274.00,1.50,870,161.00,14.50,269.00,0.70,9,274.00,0.90,980,151.00,16.20,269.00
"2025-04-03 21:00:00",1.20,254.00,9.00,-0.07,9,274.00,0.31,1216,206.00,15.30,269.00,0.90,9,274.00,1.30,947,162.00,15.10,270.00,0.70,9,274.00,0.90,1029,145.00,16.80,272.00
"2025-04-03 21:15:00",1.00,251.00,9.00,0.01,9,276.00,0.26,1161,184.00,15.20,251.00,0.90,9,276.00,1.40,796,148.00,13.80,251.00,0.60,9,276.00,1.00,892,144.00,15.10,251.00
"2025-04-03 21:30:00",1.00,249.00,9.00,0.04,9,274.00,0.21,1175,188.00,15.70,271.00,0.80,9,274.00,1.50,809,162.00,13.70,268.00,0.50,9,274.00,0.90,944,150.00,15.80,270.00
"2025-04-03 21:45:00",0.90,253.00,9.00,0.01,9,274.00,0.22,1273,219.00,15.20,266.00,0.70,9,274.00,1.40,881,190.00,13.20,261.00,0.50,9,274.00,0.90,1031,168.00,15.80,270.00
"2025-04-03 22:00:00",1.10,262.00,9.00,-0.09,9,274.00,0.36,1308,222.00,15.30,269.00,0.80,9,274.00,1.50,1025,186.00,14.30,268.00,0.80,9,274.00,0.90,1081,155.00,16.60,270.00
"2025-04-03 22:15:00",0.90,251.00,9.00,-0.02,9,276.00,0.22,1185,188.00,15.20,254.00,0.80,9,276.00,1.30,793,160.00,13.10,250.00,0.50,9,276.00,0.80,938,146.00,15.40,254.00
"2025-04-03 22:30:00",0.90,248.00,9.00,-0.03,9,273.00,0.25,1258,191.00,16.10,270.00,0.70,9,273.00,1.30,857,163.00,14.10,268.00,0.40,9,273.00,0.80,1051,143.00,17.10,270.00
"2025-04-03 22:45:00",1.20,255.00,9.00,-0.14,9,274.00,0.36,1360,220.00,15.70,270.00,0.90,9,274.00,1.50,1059,187.00,14.60,271.00,0.70,9,274.00,1.00,1181,163.00,17.10,270.00
"2025-04-03 23:00:00",1.50,258.00,9.00,-0.10,9,274.00,0.40,1506,255.00,15.40,268.00,1.20,9,274.00,1.90,1226,208.00,15.00,272.00,1.00,9,274.00,1.50,1306,205.00,16.30,266.00
"2025-04-03 23:15:00",2.10,271.00,9.00,-0.15,9,276.00,0.33,1520,236.00,15.40,251.00,1.30,9,276.00,2.20,1400,215.00,15.20,256.00,1.70,9,276.00,1.60,1197,193.00,15.00,255.00
"2025-04-03 23:30:00",1.00,258.00,9.00,-0.04,9,274.00,0.23,1451,210.00,16.50,269.00,0.70,9,274.00,1.40,1033,182.00,14.70,269.00,0.60,9,274.00,0.90,1189,160.00,17.30,270.00
"2025-04-03 23:45:00",0.60,120.00,9.00,0.05,9,274.00,0.20,1628,199.00,17.90,272.00,-0.10,9,274.00,1.10,1272,185.00,16.10,274.00,-0.60,9,274.00,1.10,1239,162.00,17.40,272.00
"2025-04-04 00:00:00",0.80,61.00,9.00,0.13,9,274.00,0.14,1714,191.00,18.80,274.00,-0.80,9,274.00,0.70,926,157.00,15.00,273.00,-0.30,9,274.00,0.70,968,132.00,17.00,274.00
"2025-04-04 00:15:00",0.00,76.00,9.00,0.01,9,276.00,0.14,1449,196.00,16.60,255.00,0.00,9,276.00,0.80,864,153.00,14.20,254.00,0.00,9,276.00,0.70,981,150.00,15.60,257.00
"2025-04-04 00:30:00",0.20,131.00,9.00,-0.01,9,274.00,0.19,1539,186.00,18.10,274.00,0.00,9,274.00,0.70,844,143.00,15.10,273.00,-0.20,9,274.00,0.60,1054,127.00,18.10,274.00
"2025-04-04 00:45:00",0.30,247.00,9.00,-0.07,9,275.00,0.13,1839,171.00,20.30,275.00,0.20,9,275.00,0.70,826,135.00,15.20,274.00,0.10,9,275.00,0.70,884,127.00,16.70,274.00
"2025-04-04 01:00:00",0.10,63.00,9.00,0.02,9,273.00,0.16,1548,179.00,18.60,272.00,-0.10,9,273.00,0.60,873,130.00,16.20,273.00,-0.10,9,273.00,0.60,863,121.00,16.90,273.00
"2025-04-04 01:15:00",0.20,359.00,9.00,0.01,9,276.00,0.13,1448,168.00,17.40,256.00,-0.10,9,276.00,0.60,793,126.00,14.80,251.00,0.10,9,276.00,0.70,844,118.00,16.30,256.00
"2025-04-04 01:30:00",0.50,150.00,9.00,-0.02,9,274.00,0.16,1757,180.00,19.40,274.00,0.20,9,274.00,0.70,893,140.00,15.60,272.00,-0.40,9,274.00,0.80,1028,139.00,17.00,274.00
"2025-04-04 01:45:00",1.00,141.00,9.00,0.05,9,273.00,0.14,2066,230.00,19.50,272.00,0.20,9,273.00,0.70,1245,199.00,16.00,260.00,-0.90,9,273.00,0.80,1298,204.00,16.60,264.00
"2025-04-04 02:00:00",0.70,133.00,9.00,-0.01,9,274.00,0.16,1767,197.00,18.80,274.00,0.10,9,274.00,0.90,1300,173.00,17.10,274.00,-0.70,9,274.00,1.00,1265,164.00,17.50,274.00
"2025-04-04 02:15:00",1.60,127.00,9.00,-0.01,9,275.00,0.13,1865,187.00,18.80,256.00,0.00,9,275.00,0.70,1139,157.00,16.20,255.00,-1.60,9,275.00,1.50,1088,188.00,14.50,256.00
"2025-04-04 02:30:00",1.80,124.00,9.00,-0.02,9,274.00,0.16,1937,204.00,19.10,273.00,-0.10,9,274.00,0.80,1428,179.00,17.50,274.00,-1.80,9,274.00,1.50,1500,233.00,16.20,274.00
"2025-04-04 02:45:00",0.90,128.00,9.00,0.04,9,273.00,0.17,1600,180.00,18.50,273.00,0.00,9,273.00,0.80,1022,149.00,16.10,272.00,-0.90,9,273.00,0.90,1229,156.00,17.70,273.00
"2025-04-04 03:00:00",0.90,115.00,9.00,0.06,9,274.00,0.16,1842,231.00,18.10,272.00,-0.20,9,274.00,0.70,1112,189.00,15.20,269.00,-0.90,9,274.00,0.80,1146,189.00,15.90,264.00
"2025-04-04 03:15:00",0.50,115.00,9.00,0.04,9,275.00,0.12,1804,167.00,19.40,256.00,-0.10,9,275.00,0.60,898,130.00,15.90,256.00,-0.50,9,275.00,0.70,944,117.00,17.30,255.00
"2025-04-04 03:30:00",0.30,32.00,9.00,0.03,9,274.00,0.14,1762,184.00,19.30,274.00,-0.30,9,274.00,0.60,1110,151.00,16.90,273.00,0.00,9,274.00,0.60,1130,136.00,18.00,274.00
"2025-04-04 03:45:00",0.50,58.00,9.00,0.09,9,273.00,0.16,1731,183.00,19.20,273.00,-0.50,9,273.00,0.70,1083,159.00,16.30,273.00,-0.20,9,273.00,0.70,1259,137.00,18.90,273.00
"2025-04-04 04:00:00",0.60,80.00,9.00,0.08,9,274.00,0.11,2176,178.00,21.60,274.00,-0.40,9,274.00,0.50,1207,160.00,17.00,272.00,-0.40,9,274.00,0.50,1207,135.00,18.60,272.00
"2025-04-04 04:15:00",1.20,96.00,9.00,0.20,9,275.00,0.14,1554,197.00,17.50,254.00,-0.60,9,275.00,0.40,878,148.00,15.10,250.00,-1.00,9,275.00,0.60,845,136.00,15.80,248.00
"2025-04-04 04:30:00",0.70,62.00,9.00,0.10,9,274.00,0.14,1458,162.00,18.70,273.00,-0.60,9,274.00,0.50,913,145.00,15.80,273.00,-0.30,9,274.00,0.60,1128,116.00,19.60,274.00
"2025-04-04 04:45:00",0.50,82.00,9.00,0.05,9,273.00,0.14,1611,163.00,19.50,273.00,-0.30,9,273.00,0.60,918,144.00,15.70,272.00,-0.30,9,273.00,0.60,988,124.00,17.60,273.00
"2025-04-04 05:00:00",0.60,68.00,9.00,0.10,9,273.00,0.14,1514,169.00,18.80,272.00,-0.50,9,273.00,0.40,1072,136.00,17.50,272.00,-0.30,9,273.00,0.60,1023,119.00,18.30,272.00
"2025-04-04 05:15:00",1.00,102.00,9.00,0.11,9,276.00,0.15,1605,171.00,18.30,255.00,-0.40,9,276.00,0.60,906,134.00,15.50,256.00,-0.90,9,276.00,1.00,1024,140.00,16.40,255.00
"2025-04-04 05:30:00",2.90,130.00,9.00,0.08,9,273.00,0.23,2097,249.00,18.30,272.00,0.10,9,273.00,1.20,1680,227.00,16.80,273.00,-2.90,2,273.00,2.00,1734,297.00,15.30,273.00
"2025-04-04 05:45:00",3.30,134.00,9.00,0.11,9,274.00,0.24,1996,274.00,17.30,274.00,0.30,9,274.00,1.40,1719,261.00,16.00,273.00,-3.30,2,274.00,2.10,1611,305.00,14.40,272.00
"2025-04-04 06:00:00",3.90,134.00,9.00,0.16,9,273.00,0.35,2234,315.00,16.90,273.00,0.40,9,273.00,1.70,2141,318.00,16.30,273.00,-3.90,2,273.00,2.50,1933,359.00,14.40,273.00
"2025-04-04 06:15:00",4.10,132.00,9.00,0.09,9,275.00,0.28,1939,268.00,16.30,252.00,0.30,9,275.00,1.40,1831,267.00,15.60,252.00,-4.10,2,275.00,2.60,1649,331.00,13.10,255.00
"2025-04-04 06:30:00",2.70,137.00,9.00,0.08,9,274.00,0.21,1740,218.00,17.70,272.00,0.40,9,274.00,1.10,1306,204.00,15.70,274.00,-2.60,9,274.00,2.30,1312,271.00,13.70,274.00
"2025-04-04 06:45:00",3.10,129.00,9.00,0.05,9,273.00,0.26,1637,223.00,17.10,273.00,0.00,9,273.00,1.40,1297,208.00,15.50,270.00,-3.10,2,273.00,3.10,1278,284.00,13.20,273.00
"2025-04-04 07:00:00",3.60,130.00,9.00,0.07,9,274.00,0.29,1641,256.00,16.00,272.00,0.10,9,274.00,1.30,1426,225.00,15.70,269.00,-3.60,2,274.00,2.60,1419,300.00,13.50,274.00
"2025-04-04 07:15:00",2.40,127.00,9.00,0.06,9,275.00,0.23,1509,207.00,16.30,255.00,-0.10,9,275.00,1.10,1230,178.00,15.70,255.00,-2.40,9,275.00,2.00,1279,232.00,14.30,256.00
"2025-04-04 07:30:00",2.50,131.00,9.00,-0.03,9,273.00,0.27,1728,221.00,17.60,272.00,0.10,9,273.00,1.30,1608,209.00,17.20,273.00,-2.50,9,273.00,2.30,1459,263.00,14.90,272.00
"2025-04-04 07:45:00",1.70,141.00,9.00,-0.03,9,274.00,0.25,2016,237.00,18.20,274.00,0.40,9,274.00,1.30,1951,237.00,17.70,273.00,-1.60,9,274.00,1.70,1746,252.00,16.50,274.00
"2025-04-04 08:00:00",2.30,138.00,9.00,-0.01,9,273.00,0.23,2204,267.00,17.90,271.00,0.40,9,273.00,1.00,2160,269.00,17.50,270.00,-2.20,2,273.00,1.50,1959,282.00,16.60,273.00
"2025-04-04 08:15:00",0.80,146.00,9.00,0.02,9,277.00,0.27,1385,221.00,15.30,254.00,0.20,9,277.00,1.40,1049,189.00,14.30,251.00,-0.70,9,277.00,1.30,1118,190.00,15.00,250.00
"2025-04-04 08:30:00",0.80,169.00,9.00,0.04,9,274.00,0.27,1489,235.00,16.00,267.00,0.50,9,274.00,1.60,1073,193.00,14.50,269.00,-0.60,9,274.00,1.40,1145,196.00,15.40,268.00
"2025-04-04 08:45:00",1.30,152.00,9.00,0.06,9,274.00,0.40,1650,257.00,16.10,272.00,0.50,9,274.00,2.00,1297,227.00,14.70,271.00,-1.10,9,274.00,1.90,1288,219.00,15.50,270.00
"2025-04-04 09:00:00",1.20,167.00,9.00,0.02,9,274.00,0.35,1550,248.00,15.80,267.00,0.70,9,274.00,2.10,1154,205.00,14.70,271.00,-0.90,9,274.00,1.90,1211,218.00,15.00,268.00
"2025-04-04 09:15:00",0.70,136.00,9.00,0.07,9,276.00,0.26,1413,215.00,15.50,252.00,0.10,9,276.00,1.70,896,174.00,13.60,250.00,-0.70,9,276.00,1.10,1035,189.00,14.20,252.00
"2025-04-04 09:30:00",0.90,152.00,9.00,-0.02,9,274.00,0.27,1439,214.00,16.40,269.00,0.40,9,274.00,1.50,977,172.00,14.80,269.00,-0.80,9,274.00,1.70,1099,197.00,15.00,269.00
"2025-04-04 09:45:00",1.30,164.00,9.00,0.09,9,274.00,0.31,1616,251.00,16.00,269.00,0.80,9,274.00,1.90,1140,198.00,15.00,272.00,-1.10,9,274.00,1.60,1259,212.00,15.60,268.00
"2025-04-04 10:00:00",0.70,157.00,9.00,0.28,2,276.00,0.42,1755,293.00,15.80,269.00,0.30,2,276.00,1.80,1394,211.00,16.30,275.00,-0.60,2,276.00,1.80,1518,218.00,16.80,273.00
"2025-04-04 10:15:00",1.00,139.00,9.00,0.01,2,278.00,0.32,1484,213.00,16.10,252.00,0.20,2,278.00,1.50,1095,175.00,15.20,255.00,-1.00,2,278.00,1.90,1034,180.00,14.60,253.00
"2025-04-04 10:30:00",0.80,120.00,9.00,0.10,2,276.00,0.28,1430,217.00,16.40,270.00,-0.10,2,276.00,1.10,969,150.00,15.90,274.00,-0.80,2,276.00,1.20,1030,156.00,16.20,268.00
"2025-04-04 10:45:00",0.90,141.00,9.00,0.23,2,276.00,0.38,1681,267.00,16.00,271.00,0.20,2,276.00,1.90,1193,191.00,15.90,275.00,-0.90,2,276.00,1.80,1256,201.00,15.80,275.00
"2025-04-04 11:00:00",1.30,97.00,9.00,0.22,2,277.00,0.36,1580,246.00,16.10,272.00,-0.70,2,277.00,1.20,1022,157.00,16.00,272.00,-1.10,2,277.00,1.40,1189,188.00,15.90,272.00
"2025-04-04 11:15:00",0.90,168.00,9.00,0.15,2,279.00,0.40,1572,267.00,14.90,253.00,0.60,2,279.00,1.70,1126,192.00,14.60,255.00,-0.70,2,279.00,2.30,1101,195.00,14.40,259.00
"2025-04-04 11:30:00",1.20,105.00,9.00,0.24,2,276.00,0.51,1637,239.00,16.90,271.00,-0.50,2,276.00,1.30,1122,171.00,16.10,272.00,-1.10,2,276.00,1.50,1105,171.00,16.10,273.00
