"2025-04-01 00:00:00",1.00,85.00,9.00,0.21,9,274.00,0.11,4812,451.00,20.50,272.00,-0.70,9,274.00,0.70,3566,463.00,17.60,274.00,-0.70,9,274.00,0.60,4513,444.00,20.10,274.00
"2025-04-01 00:15:00",0.90,109.00,9.00,0.16,9,277.00,0.15,4153,427.00,18.80,257.00,-0.30,9,277.00,0.70,3679,424.00,17.70,256.00,-0.90,9,277.00,0.60,3971,404.00,18.90,257.00
"2025-04-01 00:30:00",0.80,89.00,9.00,0.21,9,274.00,0.12,4486,426.00,20.40,274.00,-0.50,9,274.00,0.50,3651,421.00,18.60,274.00,-0.60,9,274.00,0.50,3937,393.00,19.90,273.00
"2025-04-01 00:45:00",1.10,99.00,9.00,0.23,9,274.00,0.09,4892,449.00,20.70,273.00,-0.50,9,274.00,0.50,3803,421.00,18.90,274.00,-1.00,9,274.00,0.60,3793,389.00,19.70,274.00
"2025-04-01 01:00:00",1.40,106.00,9.00,0.23,9,275.00,0.13,5053,450.00,21.00,275.00,-0.50,9,275.00,0.50,4123,402.00,20.20,275.00,-1.30,9,275.00,0.60,3873,399.00,19.70,274.00
"2025-04-01 01:15:00",1.20,89.00,9.00,0.22,9,276.00,0.12,4425,429.00,19.20,256.00,-0.70,9,276.00,0.50,3072,345.00,17.80,256.00,-0.90,9,276.00,0.50,3485,363.00,18.50,256.00
"2025-04-01 01:30:00",0.90,85.00,9.00,0.19,9,274.00,0.12,4547,470.00,19.70,272.00,-0.60,9,274.00,0.60,2783,362.00,17.50,273.00,-0.70,9,274.00,0.50,4052,386.00,20.30,274.00
"2025-04-01 01:45:00",1.10,86.00,9.00,0.22,9,275.00,0.12,4353,478.00,19.10,275.00,-0.80,9,275.00,0.50,2818,356.00,17.80,275.00,-0.80,9,275.00,0.40,3957,393.00,19.90,275.00
"2025-04-01 02:00:00",1.60,78.00,9.00,0.28,9,274.00,0.07,4636,509.00,19.10,273.00,-1.30,9,274.00,0.40,3151,373.00,18.40,273.00,-1.10,9,274.00,0.40,3743,400.00,19.30,274.00
"2025-04-01 02:15:00",1.30,72.00,9.00,0.30,9,277.00,0.05,4161,475.00,17.80,256.00,-1.10,9,277.00,0.50,2428,369.00,15.50,257.00,-0.70,9,277.00,0.50,3447,381.00,18.00,257.00
"2025-04-01 02:30:00",1.10,99.00,9.00,0.20,9,274.00,0.11,4532,531.00,18.60,274.00,-0.50,9,274.00,0.40,2893,393.00,17.20,274.00,-0.90,9,274.00,0.30,3536,390.00,19.00,273.00
"2025-04-01 02:45:00",0.80,99.00,9.00,0.17,9,274.00,0.10,4581,524.00,18.70,271.00,-0.40,9,274.00,0.50,3120,392.00,17.80,274.00,-0.70,9,274.00,0.50,3887,408.00,19.50,274.00
"2025-04-01 03:00:00",1.10,112.00,9.00,0.20,9,275.00,0.08,5388,446.00,21.70,275.00,-0.30,9,275.00,0.60,3357,391.00,18.40,274.00,-1.00,9,275.00,0.50,3971,405.00,19.80,275.00
"2025-04-01 03:15:00",1.00,106.00,9.00,0.14,9,276.00,0.12,4481,399.00,19.90,257.00,-0.40,9,276.00,0.50,3995,350.00,19.90,257.00,-0.90,9,276.00,0.50,3727,382.00,18.60,256.00
"2025-04-01 03:30:00",1.20,121.00,9.00,0.16,9,274.00,0.15,4970,447.00,20.80,274.00,-0.10,9,274.00,0.40,4428,424.00,20.30,273.00,-1.20,9,274.00,0.50,4358,388.00,20.90,274.00
"2025-04-01 03:45:00",0.40,66.00,9.00,0.08,9,275.00,0.17,4738,483.00,19.60,275.00,-0.40,9,275.00,0.60,3677,362.00,19.60,274.00,-0.20,9,275.00,0.50,4434,413.00,20.60,274.00
"2025-04-01 04:00:00",0.80,65.00,9.00,0.14,9,274.00,0.10,4712,432.00,20.50,274.00,-0.70,9,274.00,1.00,2659,377.00,16.30,274.00,-0.40,9,274.00,0.60,4751,388.00,21.70,274.00
"2025-04-01 04:15:00",0.60,189.00,9.00,0.00,9,277.00,0.11,4024,439.00,18.20,257.00,0.60,9,277.00,0.50,3709,380.00,18.50,254.00,-0.30,9,277.00,0.30,5792,311.00,24.10,257.00
"2025-04-01 04:30:00",0.60,235.00,9.00,0.04,9,273.00,0.11,3987,444.00,19.00,273.00,0.60,9,273.00,0.40,3677,385.00,19.40,272.00,0.20,9,273.00,0.40,5968,342.00,24.90,273.00
"2025-04-01 04:45:00",0.50,71.00,9.00,0.15,9,273.00,0.15,3594,435.00,18.00,273.00,-0.40,9,273.00,0.50,4009,381.00,20.20,271.00,-0.20,9,273.00,0.60,4935,454.00,20.70,273.00
"2025-04-01 05:00:00",0.40,14.00,9.00,0.15,9,274.00,0.14,4268,400.00,20.40,274.00,-0.40,9,274.00,0.50,3858,405.00,19.50,274.00,0.20,9,274.00,0.40,5461,413.00,22.50,274.00
"2025-04-01 05:15:00",0.10,43.00,9.00,0.12,9,275.00,0.11,3456,435.00,17.00,252.00,-0.10,9,275.00,0.50,3364,317.00,19.40,255.00,0.00,9,275.00,0.20,5617,291.00,24.30,254.00
"2025-04-01 05:30:00",0.20,65.00,9.00,0.10,9,274.00,0.12,4012,493.00,18.10,270.00,-0.20,9,274.00,0.40,3966,360.00,20.80,274.00,-0.10,9,274.00,0.20,6011,368.00,24.40,273.00
"2025-04-01 05:45:00",0.30,341.00,9.00,0.03,9,273.00,0.17,3604,533.00,16.50,273.00,-0.20,9,273.00,0.40,3721,374.00,19.90,272.00,0.30,9,273.00,0.30,4856,375.00,22.20,272.00
"2025-04-01 06:00:00",0.90,267.00,9.00,-0.08,9,274.00,0.18,4014,452.00,18.70,273.00,0.60,9,274.00,0.60,2926,340.00,18.40,274.00,0.70,9,274.00,0.50,4596,435.00,20.40,273.00
"2025-04-01 06:15:00",0.60,268.00,9.00,-0.02,9,275.00,0.18,3900,408.00,18.50,256.00,0.40,9,275.00,0.40,3095,320.00,18.50,255.00,0.40,9,275.00,0.50,4657,388.00,20.50,256.00
"2025-04-01 06:30:00",1.00,269.00,9.00,-0.01,9,273.00,0.14,3808,450.00,18.20,268.00,0.60,9,273.00,0.50,3126,317.00,19.70,273.00,0.70,9,273.00,0.40,4995,422.00,21.40,273.00
"2025-04-01 06:45:00",0.80,342.00,9.00,0.07,9,274.00,0.08,4815,436.00,20.80,273.00,-0.40,9,274.00,0.50,2893,360.00,17.90,273.00,0.70,9,274.00,0.40,5480,437.00,22.00,273.00
"2025-04-01 07:00:00",0.20,4.00,9.00,0.01,9,273.00,0.15,4467,478.00,19.40,272.00,-0.20,9,273.00,0.60,3852,397.00,19.50,270.00,0.10,9,273.00,0.50,5009,397.00,21.90,272.00
"2025-04-01 07:15:00",0.40,221.00,9.00,-0.01,9,276.00,0.19,3879,468.00,17.30,256.00,0.40,9,276.00,0.70,3108,391.00,16.70,255.00,0.00,9,276.00,0.50,4030,376.00,19.30,256.00
"2025-04-01 07:30:00",0.20,264.00,9.00,-0.02,9,274.00,0.21,4073,491.00,18.20,274.00,0.10,9,274.00,0.70,3469,375.00,19.10,273.00,0.10,9,274.00,0.60,4269,419.00,19.90,274.00
"2025-04-01 07:45:00",0.40,321.00,9.00,0.07,9,274.00,0.24,4572,520.00,18.90,272.00,-0.10,9,274.00,0.90,4013,458.00,18.70,273.00,0.40,9,274.00,0.90,5008,503.00,20.00,274.00
"2025-04-01 08:00:00",0.30,293.00,9.00,0.01,9,274.00,0.21,4508,499.00,19.00,270.00,0.10,9,274.00,1.00,4216,473.00,19.00,269.00,0.20,9,274.00,0.70,4734,434.00,20.60,273.00
"2025-04-01 08:15:00",0.30,290.00,9.00,0.00,9,277.00,0.24,4063,497.00,17.20,257.00,0.10,9,277.00,1.10,3694,461.00,17.00,256.00,0.30,9,277.00,0.80,4603,469.00,18.80,252.00
"2025-04-01 08:30:00",0.10,340.00,9.00,-0.05,9,274.00,0.20,4309,493.00,18.70,273.00,-0.10,9,274.00,0.70,3399,375.00,19.00,273.00,0.10,9,274.00,0.70,4566,437.00,20.50,272.00
"2025-04-01 08:45:00",0.40,21.00,9.00,0.08,9,274.00,0.32,4520,595.00,17.70,270.00,-0.40,9,274.00,1.30,4258,520.00,18.30,274.00,0.10,9,274.00,0.90,4997,543.00,19.40,274.00
"2025-04-01 09:00:00",0.50,3.00,9.00,0.02,9,274.00,0.23,4168,523.00,17.90,274.00,-0.40,9,274.00,0.80,3573,417.00,18.50,274.00,0.30,9,274.00,0.70,5111,477.00,20.70,270.00
"2025-04-01 09:15:00",0.30,357.00,9.00,-0.03,9,277.00,0.21,3871,455.00,17.50,257.00,-0.20,9,277.00,0.60,3055,361.00,17.50,254.00,0.20,9,277.00,0.60,4541,393.00,20.00,253.00
"2025-04-01 09:30:00",0.40,34.00,9.00,0.12,9,273.00,0.32,4870,619.00,17.90,272.00,-0.40,9,273.00,1.10,4290,535.00,18.10,272.00,0.00,9,273.00,1.00,4956,539.00,19.50,268.00
"2025-04-01 09:45:00",0.50,19.00,9.00,0.01,9,274.00,0.25,4574,541.00,18.50,269.00,-0.50,9,274.00,1.10,3783,461.00,18.10,273.00,0.20,9,274.00,0.90,4823,484.00,20.10,269.00
"2025-04-01 10:00:00",0.60,25.00,9.00,0.01,9,274.00,0.26,4551,545.00,18.40,269.00,-0.60,9,274.00,1.10,3678,501.00,17.30,272.00,0.10,9,274.00,0.80,4846,475.00,20.30,271.00
"2025-04-01 10:15:00",0.10,14.00,9.00,0.05,9,276.00,0.23,4180,538.00,16.90,252.00,-0.10,9,276.00,1.30,3422,476.00,16.20,254.00,0.00,9,276.00,0.90,4037,525.00,17.00,251.00
"2025-04-01 10:30:00",0.50,266.00,9.00,-0.04,9,275.00,0.26,4223,585.00,17.30,272.00,0.30,9,275.00,1.50,3482,540.00,16.30,270.00,0.30,9,275.00,1.00,4280,537.00,18.20,270.00
"2025-04-01 10:45:00",0.30,215.00,9.00,0.02,9,276.00,0.21,4231,543.00,17.80,274.00,0.30,9,276.00,1.10,3555,462.00,17.70,271.00,0.00,9,276.00,0.70,4188,500.00,18.70,271.00
"2025-04-01 11:00:00",0.20,239.00,9.00,0.02,9,275.00,0.22,4237,562.00,17.50,271.00,0.10,9,275.00,1.10,3497,490.00,17.20,270.00,0.10,9,275.00,0.90,4180,508.00,18.50,272.00
"2025-04-01 11:15:00",0.40,279.00,9.00,0.00,9,278.00,0.29,4032,540.00,16.60,253.00,0.20,9,278.00,1.50,3463,491.00,16.20,254.00,0.30,9,278.00,1.00,3992,512.00,17.00,256.00
"2025-04-01 11:30:00",0.40,313.00,9.00,-0.11,9,276.00,0.38,4290,622.00,17.00,271.00,0.00,9,276.00,1.50,3899,536.00,17.40,273.00,0.40,9,276.00,0.90,4313,532.00,18.30,271.00
"2025-04-01 11:45:00",0.40,334.00,9.00,0.02,9,276.00,0.33,4412,601.00,17.60,271.00,-0.20,9,276.00,1.40,3885,539.00,17.30,273.00,0.40,9,276.00,1.20,4095,577.00,17.30,271.00
"2025-04-01 12:00:00",0.50,252.00,9.00,0.04,9,276.00,0.29,4245,563.00,17.70,271.00,0.40,9,276.00,1.70,3706,536.00,17.00,271.00,0.30,9,276.00,1.10,4142,532.00,18.10,271.00
"2025-04-01 12:15:00",0.20,238.00,9.00,0.05,9,278.00,0.26,3803,535.00,16.30,254.00,0.20,9,278.00,1.60,3257,508.00,15.60,255.00,0.10,9,278.00,0.80,3691,492.00,16.70,255.00
"2025-04-01 12:30:00",0.20,302.00,9.00,0.01,9,275.00,0.19,4145,514.00,18.10,272.00,0.00,9,275.00,1.30,3308,480.00,17.00,269.00,0.20,9,275.00,0.80,3879,492.00,18.00,272.00
"2025-04-01 12:45:00",0.10,261.00,9.00,0.02,9,276.00,0.20,4119,527.00,17.90,273.00,0.10,9,276.00,1.30,3196,451.00,17.20,271.00,0.10,9,276.00,0.80,3998,524.00,17.80,271.00
"2025-04-01 13:00:00",0.30,241.00,9.00,0.01,9,276.00,0.20,4037,488.00,18.30,271.00,0.30,9,276.00,1.00,3156,407.00,17.70,272.00,0.10,9,276.00,0.70,4195,471.00,19.10,271.00
"2025-04-01 13:15:00",0.20,254.00,9.00,0.03,9,278.00,0.18,3662,469.00,16.90,254.00,0.20,9,278.00,1.20,2821,411.00,16.00,253.00,0.10,9,278.00,0.70,3752,460.00,17.30,253.00
"2025-04-01 13:30:00",0.30,259.00,9.00,0.04,9,276.00,0.27,4069,547.00,17.50,271.00,0.30,9,276.00,1.40,3263,498.00,16.60,271.00,0.20,9,276.00,1.00,4110,534.00,18.00,271.00
"2025-04-01 13:45:00",0.10,249.00,9.00,0.03,9,275.00,0.17,3901,465.00,18.30,274.00,0.10,9,275.00,0.90,2959,401.00,17.40,270.00,0.10,9,275.00,0.60,3869,449.00,18.60,273.00
"2025-04-01 14:00:00",0.10,148.00,9.00,0.05,9,276.00,0.19,4057,481.00,18.40,271.00,0.00,9,276.00,1.00,3200,428.00,17.50,270.00,-0.10,9,276.00,0.70,3999,446.00,19.00,274.00
"2025-04-01 14:15:00",0.10,327.00,9.00,0.03,9,278.00,0.22,3617,462.00,16.80,257.00,0.00,9,278.00,1.20,2889,417.00,16.00,253.00,0.10,9,278.00,0.70,3817,432.00,18.00,254.00
"2025-04-01 14:30:00",0.10,19.00,9.00,0.06,9,276.00,0.29,4122,564.00,17.50,271.00,-0.10,9,276.00,1.60,3393,514.00,16.60,271.00,0.00,9,276.00,0.90,3805,550.00,17.00,271.00
"2025-04-01 14:45:00",0.30,280.00,9.00,0.00,9,276.00,0.24,3890,580.00,16.60,271.00,0.10,9,276.00,1.90,3236,527.00,16.10,269.00,0.20,9,276.00,0.90,3661,540.00,16.90,271.00
"2025-04-01 15:00:00",0.60,281.00,9.00,0.04,9,276.00,0.41,4086,673.00,16.00,269.00,0.30,9,276.00,2.10,3524,636.00,15.20,269.00,0.50,9,276.00,1.80,3943,629.00,16.20,271.00
"2025-04-01 15:15:00",0.40,257.00,9.00,0.03,9,279.00,0.33,3843,548.00,16.20,257.00,0.30,9,279.00,1.70,3102,511.00,15.20,254.00,0.30,9,279.00,1.30,3649,553.00,15.80,253.00
"2025-04-01 15:30:00",0.30,278.00,9.00,0.03,9,276.00,0.28,3932,585.00,16.80,271.00,0.10,9,276.00,1.50,3223,539.00,15.80,271.00,0.20,9,276.00,1.30,3806,574.00,16.70,270.00
"2025-04-01 15:45:00",0.30,233.00,9.00,-0.02,9,277.00,0.23,3814,498.00,17.70,272.00,0.30,9,277.00,1.10,2926,429.00,16.80,272.00,0.10,9,277.00,0.70,3950,481.00,18.40,276.00
"2025-04-01 16:00:00",0.10,175.00,9.00,0.01,9,276.00,0.19,3821,469.00,18.20,273.00,0.10,9,276.00,1.00,3008,432.00,17.00,271.00,-0.10,9,276.00,0.70,3890,468.00,18.30,274.00
"2025-04-01 16:15:00",0.10,214.00,9.00,0.01,9,277.00,0.20,3322,431.00,16.80,255.00,0.10,9,277.00,0.80,2502,376.00,15.70,252.00,0.00,9,277.00,0.70,3301,415.00,17.00,256.00
"2025-04-01 16:30:00",0.10,210.00,9.00,0.02,9,276.00,0.18,3449,458.00,17.30,275.00,0.10,9,276.00,0.80,2662,397.00,16.50,272.00,0.00,9,276.00,0.60,3752,439.00,18.50,275.00
"2025-04-01 16:45:00",0.10,264.00,9.00,0.03,9,276.00,0.18,3534,419.00,18.30,275.00,0.00,9,276.00,0.80,2636,359.00,17.20,271.00,0.00,9,276.00,0.60,3697,412.00,18.90,274.00
"2025-04-01 17:00:00",0.10,124.00,9.00,0.07,9,276.00,0.17,3523,408.00,18.50,275.00,0.00,9,276.00,0.70,2712,354.00,17.60,273.00,-0.10,9,276.00,0.60,3879,389.00,19.70,274.00
"2025-04-01 17:15:00",0.10,145.00,9.00,0.06,9,277.00,0.17,3345,400.00,17.30,258.00,0.00,9,277.00,0.70,2469,335.00,16.40,251.00,-0.10,9,277.00,0.50,3581,378.00,18.30,255.00
"2025-04-01 17:30:00",0.10,127.00,9.00,0.07,9,276.00,0.17,3755,399.00,19.20,275.00,0.00,9,276.00,0.60,2579,332.00,17.60,273.00,-0.10,9,276.00,0.70,3965,391.00,19.90,275.00
"2025-04-01 17:45:00",0.10,177.00,9.00,0.08,9,276.00,0.17,3712,390.00,19.30,276.00,0.10,9,276.00,0.70,2734,335.00,18.10,274.00,-0.10,9,276.00,0.60,3939,394.00,19.80,275.00
"2025-04-01 18:00:00",0.10,184.00,9.00,0.07,9,276.00,0.16,3963,383.00,20.10,276.00,0.10,9,276.00,0.60,2719,311.00,18.60,274.00,-0.10,9,276.00,0.60,3918,372.00,20.20,275.00
"2025-04-01 18:15:00",0.20,222.00,9.00,0.06,9,277.00,0.15,3754,359.00,19.20,256.00,0.20,9,277.00,0.50,2518,306.00,17.20,258.00,0.00,9,277.00,0.60,3760,336.00,19.70,257.00
"2025-04-01 18:30:00",0.20,215.00,9.00,0.07,9,274.00,0.17,3639,404.00,18.90,272.00,0.20,9,274.00,0.60,2612,322.00,18.10,271.00,0.00,9,274.00,0.60,3979,376.00,20.30,273.00
"2025-04-01 18:45:00",0.20,230.00,9.00,0.07,9,274.00,0.18,3713,394.00,19.20,273.00,0.20,9,274.00,0.60,2594,315.00,18.00,273.00,0.00,9,274.00,0.60,4141,358.00,21.10,274.00
"2025-04-01 19:00:00",0.50,235.00,9.00,0.03,9,274.00,0.16,3726,411.00,18.80,272.00,0.50,9,274.00,0.70,2560,331.00,17.50,272.00,0.10,9,274.00,0.60,4015,379.00,20.30,274.00
"2025-04-01 19:15:00",0.40,241.00,9.00,0.04,9,276.00,0.17,3570,413.00,17.60,256.00,0.30,9,276.00,0.70,2436,324.00,16.40,256.00,0.10,9,276.00,0.60,3806,353.00,19.40,257.00
"2025-04-01 19:30:00",0.60,237.00,9.00,0.01,9,274.00,0.17,3833,442.00,18.60,274.00,0.50,9,274.00,0.70,2585,349.00,17.20,269.00,0.20,9,274.00,0.60,3914,401.00,19.60,273.00
"2025-04-01 19:45:00",0.40,241.00,9.00,0.00,9,274.00,0.16,3789,420.00,18.90,273.00,0.40,9,274.00,0.60,2641,323.00,18.10,274.00,0.20,9,274.00,0.60,3979,381.00,20.20,272.00
"2025-04-01 20:00:00",0.50,247.00,9.00,-0.03,9,274.00,0.16,3809,419.00,18.90,271.00,0.40,9,274.00,0.60,2751,336.00,18.10,274.00,0.20,9,274.00,0.60,4053,371.00,20.60,274.00
"2025-04-01 20:15:00",0.30,209.00,9.00,-0.03,9,276.00,0.21,3435,418.00,17.10,257.00,0.30,9,276.00,0.60,2550,311.00,17.20,254.00,0.00,9,276.00,0.50,4087,342.00,20.30,257.00
"2025-04-01 20:30:00",0.50,221.00,9.00,-0.04,9,274.00,0.15,3902,429.00,19.00,273.00,0.50,9,274.00,0.60,2668,332.00,17.90,274.00,0.00,9,274.00,0.50,4272,382.00,20.80,272.00
"2025-04-01 20:45:00",0.50,221.00,9.00,-0.02,9,274.00,0.16,4030,465.00,18.70,271.00,0.50,9,274.00,0.70,2701,356.00,17.50,273.00,0.00,9,274.00,0.60,4072,414.00,19.80,272.00
"2025-04-01 21:00:00",0.20,239.00,9.00,0.02,9,273.00,0.16,3843,443.00,18.60,273.00,0.20,9,273.00,0.70,2597,342.00,17.40,272.00,0.10,9,273.00,0.50,4112,400.00,20.00,270.00
"2025-04-01 21:15:00",0.30,253.00,9.00,0.02,9,277.00,0.16,3669,423.00,17.60,255.00,0.30,9,277.00,0.80,2524,365.00,15.80,255.00,0.20,9,277.00,0.60,3879,404.00,18.40,254.00
"2025-04-01 21:30:00",0.20,230.00,9.00,0.07,9,274.00,0.18,4152,482.00,18.50,272.00,0.20,9,274.00,0.90,2828,447.00,16.00,272.00,0.10,9,274.00,0.70,4291,498.00,18.70,272.00
"2025-04-01 21:45:00",0.50,237.00,9.00,0.05,9,274.00,0.22,4197,494.00,18.50,273.00,0.50,9,274.00,1.50,2850,439.00,16.30,269.00,0.20,9,274.00,0.70,4385,490.00,19.10,272.00
"2025-04-01 22:00:00",0.20,54.00,9.00,0.08,9,273.00,0.20,4168,485.00,18.60,271.00,-0.20,9,273.00,1.10,2807,402.00,16.80,268.00,-0.10,9,273.00,0.70,4214,450.00,19.40,271.00
"2025-04-01 22:15:00",0.40,228.00,9.00,0.04,9,277.00,0.17,3706,471.00,17.20,256.00,0.40,9,277.00,1.00,2614,390.00,15.80,255.00,0.10,9,277.00,0.60,4064,431.00,18.60,255.00
"2025-04-01 22:30:00",0.20,241.00,9.00,0.07,9,273.00,0.17,3937,444.00,18.70,269.00,0.20,9,273.00,0.90,2574,375.00,16.60,268.00,0.10,9,273.00,0.60,4053,420.00,19.60,271.00
"2025-04-01 22:45:00",0.30,248.00,9.00,0.07,9,275.00,0.17,4333,470.00,19.20,274.00,0.20,9,275.00,1.00,2788,401.00,16.80,270.00,0.10,9,275.00,0.70,4032,415.00,19.60,271.00
"2025-04-01 23:00:00",0.20,251.00,9.00,0.03,9,274.00,0.19,4157,450.00,19.10,271.00,0.20,9,274.00,0.90,2739,380.00,17.10,271.00,0.10,9,274.00,0.70,3895,448.00,18.70,271.00
"2025-04-01 23:15:00",0.20,269.00,9.00,-0.01,9,276.00,0.20,3857,434.00,17.90,256.00,0.10,9,276.00,0.90,2463,353.00,15.80,253.00,0.10,9,276.00,0.60,3827,388.00,18.70,257.00
"2025-04-01 23:30:00",0.20,261.00,9.00,0.01,9,273.00,0.18,4119,471.00,18.60,271.00,0.10,9,273.00,0.80,2723,378.00,16.90,268.00,0.10,9,273.00,0.70,4001,423.00,19.40,273.00
"2025-04-01 23:45:00",0.10,139.00,9.00,0.06,9,274.00,0.16,4237,414.00,19.90,274.00,0.00,9,274.00,0.70,2575,343.00,17.30,269.00,-0.10,9,274.00,0.60,4241,387.00,20.60,273.00
"2025-04-02 00:00:00",0.20,278.00,9.00,0.01,9,274.00,0.16,3953,441.00,18.90,271.00,0.10,9,274.00,0.60,2810,354.00,17.80,274.00,0.10,9,274.00,0.60,4151,387.00,20.40,273.00
"2025-04-02 00:15:00",0.30,274.00,9.00,0.00,9,277.00,0.17,3576,402.00,17.80,256.00,0.20,9,277.00,0.80,2455,332.00,16.40,255.00,0.20,9,277.00,0.50,3789,364.00,19.10,253.00
"2025-04-02 00:30:00",0.20,247.00,9.00,0.00,9,274.00,0.16,3821,409.00,19.20,274.00,0.20,9,274.00,0.70,2493,315.00,17.70,270.00,0.10,9,274.00,0.60,3928,376.00,20.10,273.00
"2025-04-02 00:45:00",0.20,268.00,9.00,0.00,9,274.00,0.17,3773,418.00,18.90,274.00,0.10,9,274.00,0.70,2578,331.00,17.60,271.00,0.20,9,274.00,0.60,3705,397.00,19.20,274.00
"2025-04-02 01:00:00",0.30,264.00,9.00,-0.01,9,275.00,0.18,3557,401.00,18.70,275.00,0.20,9,275.00,0.60,2531,335.00,17.30,272.00,0.20,9,275.00,0.60,3953,385.00,20.00,273.00
"2025-04-02 01:15:00",0.70,13.00,9.00,0.00,9,276.00,0.18,3616,635.00,14.70,238.00,-0.60,9,276.00,4.00,2787,642.00,12.80,226.00,0.30,9,276.00,0.80,3712,718.00,14.30,234.00
"2025-04-02 01:30:00",0.30,263.00,9.00,-0.02,9,274.00,0.19,4463,612.00,17.20,271.00,0.20,9,274.00,0.80,3443,593.00,15.40,266.00,0.20,9,274.00,0.70,4580,633.00,17.40,267.00
"2025-04-02 01:45:00",0.40,232.00,9.00,0.04,9,274.00,0.24,4223,698.00,15.80,273.00,0.40,9,274.00,1.30,3672,711.00,14.40,254.00,0.10,9,274.00,0.60,4802,697.00,17.10,265.00
"2025-04-02 02:00:00",0.20,242.00,9.00,0.03,9,274.00,0.20,4338,532.00,18.10,274.00,0.20,9,274.00,0.70,4090,473.00,18.90,269.00,0.10,9,274.00,0.60,5124,526.00,19.90,272.00
"2025-04-02 02:15:00",0.70,237.00,9.00,0.01,9,277.00,0.22,4134,528.00,16.90,254.00,0.70,9,277.00,1.50,3536,509.00,16.10,252.00,0.20,9,277.00,0.70,4672,533.00,18.00,252.00
"2025-04-02 02:30:00",0.80,228.00,9.00,0.01,9,274.00,0.21,4496,563.00,18.00,271.00,0.80,9,274.00,1.40,3699,519.00,17.20,269.00,0.10,9,274.00,0.80,4845,552.00,19.20,269.00
"2025-04-02 02:45:00",0.80,232.00,9.00,0.01,9,274.00,0.21,4447,638.00,17.00,270.00,0.70,9,274.00,1.10,3635,605.00,15.80,269.00,0.20,9,274.00,0.70,4957,653.00,17.90,272.00
"2025-04-02 03:00:00",1.10,248.00,9.00,-0.08,9,275.00,0.29,4523,785.00,15.20,272.00,0.90,9,275.00,1.30,3767,785.00,13.60,262.00,0.50,9,275.00,0.80,4902,804.00,15.80,271.00
"2025-04-02 03:15:00",1.00,242.00,9.00,-0.06,9,277.00,0.23,4067,610.00,15.90,253.00,0.90,9,277.00,1.00,3955,580.00,16.20,254.00,0.40,9,277.00,0.80,4526,609.00,17.00,254.00
"2025-04-02 03:30:00",0.80,251.00,9.00,0.00,9,274.00,0.19,4543,581.00,17.70,272.00,0.60,9,274.00,0.80,4144,532.00,17.80,270.00,0.40,9,274.00,0.80,4752,585.00,18.30,271.00
"2025-04-02 03:45:00",0.60,227.00,9.00,-0.01,9,275.00,0.12,5797,594.00,19.80,270.00,0.60,9,275.00,0.80,4478,490.00,19.30,270.00,0.10,9,275.00,0.60,5540,498.00,20.90,275.00
"2025-04-02 04:00:00",0.50,226.00,9.00,0.01,9,274.00,0.13,6031,576.00,20.40,269.00,0.50,9,274.00,0.70,4983,456.00,20.80,273.00,0.10,9,274.00,0.60,5896,493.00,21.70,272.00
"2025-04-02 04:15:00",1.10,266.00,9.00,-0.07,9,276.00,0.19,4765,548.00,17.90,255.00,0.80,9,276.00,0.90,4116,482.00,17.70,253.00,0.80,9,276.00,0.80,4792,521.00,18.30,256.00
"2025-04-02 04:30:00",0.30,281.00,9.00,0.03,9,274.00,0.19,4973,518.00,19.60,273.00,0.20,9,274.00,0.70,4144,429.00,19.40,273.00,0.30,9,274.00,0.60,5203,481.00,20.70,269.00
"2025-04-02 04:45:00",0.50,290.00,9.00,-0.03,9,274.00,0.19,4981,478.00,20.30,274.00,0.10,9,274.00,0.60,3779,388.00,19.60,273.00,0.40,9,274.00,0.60,4649,446.00,20.30,274.00
"2025-04-02 05:00:00",0.50,296.00,9.00,-0.01,9,273.00,0.15,4902,446.00,20.70,272.00,0.10,9,273.00,0.50,4220,357.00,21.20,268.00,0.50,9,273.00,0.60,5064,434.00,21.30,273.00
"2025-04-02 05:15:00",0.40,290.00,9.00,0.00,9,276.00,0.17,4711,490.00,18.60,254.00,0.10,9,276.00,0.60,4062,386.00,19.30,251.00,0.40,9,276.00,0.60,4610,423.00,19.50,254.00
"2025-04-02 05:30:00",0.60,241.00,9.00,0.01,9,273.00,0.11,4972,509.00,19.80,272.00,0.50,9,273.00,0.30,4090,347.00,21.30,270.00,0.20,9,273.00,0.50,5111,482.00,20.40,273.00
"2025-04-02 05:45:00",0.70,264.00,9.00,-0.04,9,274.00,0.15,4225,471.00,18.90,274.00,0.50,9,274.00,0.40,3871,356.00,20.50,271.00,0.50,9,274.00,0.60,3911,455.00,18.40,272.00
"2025-04-02 06:00:00",0.40,239.00,9.00,0.04,9,273.00,0.17,4356,479.00,19.00,273.00,0.40,9,273.00,0.40,4455,366.00,21.60,273.00,0.10,9,273.00,0.60,4845,455.00,20.40,273.00
"2025-04-02 06:15:00",0.50,299.00,9.00,0.03,9,276.00,0.16,4864,452.00,19.50,256.00,0.10,9,276.00,0.50,4569,378.00,20.50,255.00,0.50,9,276.00,0.70,4589,411.00,19.80,255.00
"2025-04-02 06:30:00",0.20,8.00,9.00,0.05,9,273.00,0.17,4752,494.00,19.60,273.00,-0.20,9,273.00,0.60,4017,370.00,20.50,273.00,0.10,9,273.00,0.60,5129,430.00,21.60,273.00
"2025-04-02 06:45:00",0.20,317.00,9.00,-0.03,9,273.00,0.14,4736,470.00,19.90,273.00,0.00,9,273.00,0.60,4107,355.00,21.00,273.00,0.20,9,273.00,0.60,4678,469.00,19.90,272.00
"2025-04-02 07:00:00",0.10,8.00,9.00,-0.03,9,274.00,0.13,4995,510.00,19.80,273.00,-0.10,9,274.00,0.60,3729,393.00,19.30,274.00,0.10,9,274.00,0.60,4638,493.00,19.40,274.00
"2025-04-02 07:15:00",0.30,344.00,9.00,0.03,9,275.00,0.13,4830,479.00,19.20,254.00,-0.10,9,275.00,0.50,3706,384.00,18.50,255.00,0.20,9,275.00,0.50,4782,459.00,19.20,254.00
"2025-04-02 07:30:00",0.20,307.00,9.00,-0.02,9,274.00,0.14,5094,666.00,17.70,274.00,0.00,9,274.00,0.60,3960,577.00,16.80,273.00,0.20,9,274.00,0.60,5310,569.00,19.50,272.00
"2025-04-02 07:45:00",0.20,194.00,9.00,0.00,9,275.00,0.18,4343,606.00,17.10,275.00,0.20,9,275.00,0.70,3465,385.00,18.90,274.00,-0.10,9,275.00,0.40,5920,389.00,23.80,274.00
"2025-04-02 08:00:00",0.40,151.00,9.00,0.00,9,274.00,0.13,4394,572.00,17.70,274.00,0.20,9,274.00,0.60,2463,345.00,17.00,274.00,-0.40,9,274.00,0.20,6816,269.00,28.30,274.00
"2025-04-02 08:15:00",0.70,105.00,9.00,0.12,9,275.00,0.17,3980,458.00,17.90,254.00,-0.30,9,275.00,0.50,2729,319.00,17.50,256.00,-0.60,9,275.00,0.40,5872,351.00,23.30,256.00
"2025-04-02 08:30:00",0.40,123.00,9.00,-0.01,9,275.00,0.19,4473,490.00,19.00,274.00,0.00,9,275.00,0.70,3300,398.00,18.10,272.00,-0.40,9,275.00,0.60,5430,429.00,22.00,275.00
"2025-04-02 08:45:00",0.40,87.00,9.00,-0.01,9,274.00,0.21,4055,540.00,17.40,274.00,-0.20,9,274.00,0.60,3073,361.00,18.40,273.00,-0.30,9,274.00,0.60,5018,448.00,21.00,273.00
"2025-04-02 09:00:00",0.40,53.00,9.00,-0.04,9,274.00,0.18,4222,445.00,19.40,274.00,-0.40,9,274.00,0.80,3319,398.00,18.30,270.00,-0.10,9,274.00,0.60,4990,451.00,20.90,270.00
"2025-04-02 09:15:00",0.20,1.00,9.00,-0.03,9,276.00,0.21,3680,568.00,15.60,253.00,-0.20,9,276.00,0.90,2894,498.00,14.90,245.00,0.10,9,276.00,0.60,4494,523.00,18.10,250.00
"2025-04-02 09:30:00",0.40,222.00,9.00,-0.04,9,274.00,0.20,3924,694.00,15.00,267.00,0.40,9,274.00,0.80,3251,705.00,13.30,256.00,0.00,9,274.00,0.60,4567,720.00,16.10,269.00
"2025-04-02 09:45:00",0.80,216.00,9.00,0.01,9,274.00,0.20,4427,572.00,17.70,271.00,0.80,9,274.00,1.00,3717,549.00,16.70,269.00,0.00,9,274.00,0.70,4642,553.00,18.60,272.00
"2025-04-02 10:00:00",0.20,240.00,9.00,-0.02,9,274.00,0.19,4218,512.00,18.10,274.00,0.20,9,274.00,0.70,3167,389.00,18.10,269.00,0.10,9,274.00,0.60,4897,468.00,20.40,274.00
"2025-04-02 10:15:00",0.20,150.00,9.00,-0.02,9,276.00,0.15,3985,468.00,17.70,252.00,0.10,9,276.00,0.80,3026,354.00,17.80,256.00,-0.20,9,276.00,0.50,4549,438.00,19.40,256.00
"2025-04-02 10:30:00",0.20,155.00,9.00,-0.01,9,274.00,0.18,4066,451.00,18.90,274.00,0.10,9,274.00,0.70,3062,339.00,18.90,274.00,-0.20,9,274.00,0.60,4558,421.00,20.50,274.00
"2025-04-02 10:45:00",0.30,140.00,9.00,0.01,9,275.00,0.19,4125,462.00,18.80,272.00,0.10,9,275.00,0.70,3178,348.00,19.00,274.00,-0.30,9,275.00,0.60,4287,411.00,20.20,271.00
"2025-04-02 11:00:00",0.30,165.00,9.00,0.03,9,274.00,0.20,4261,493.00,18.60,270.00,0.20,9,274.00,0.90,3307,403.00,18.20,272.00,-0.30,9,274.00,0.70,4590,452.00,20.20,269.00
"2025-04-02 11:15:00",0.20,325.00,9.00,-0.07,9,276.00,0.25,3991,498.00,17.00,254.00,0.00,9,276.00,1.10,3482,459.00,16.90,252.00,0.20,9,276.00,0.80,3987,452.00,18.00,251.00
"2025-04-02 11:30:00",0.20,183.00,9.00,0.09,9,274.00,0.23,4227,534.00,17.90,272.00,0.20,9,274.00,1.30,3494,471.00,17.40,273.00,-0.10,9,274.00,0.70,4327,453.00,19.60,270.00
"2025-04-02 11:45:00",0.20,83.00,9.00,0.01,9,275.00,0.23,4149,511.00,18.10,274.00,-0.20,9,275.00,1.00,3472,451.00,17.90,270.00,-0.20,9,275.00,0.60,4504,435.00,20.40,270.00
"2025-04-02 12:00:00",0.30,238.00,9.00,0.12,2,275.00,0.35,4319,617.00,16.90,270.00,0.30,2,275.00,1.60,3950,548.00,17.20,270.00,0.10,2,275.00,1.30,4391,578.00,17.80,272.00
"2025-04-02 12:15:00",0.50,351.00,9.00,0.07,9,278.00,0.25,4174,539.00,17.00,253.00,-0.40,9,278.00,1.30,3529,490.00,16.40,256.00,0.40,9,278.00,1.40,3717,535.00,16.30,253.00
"2025-04-02 12:30:00",0.20,52.00,9.00,0.02,9,276.00,0.22,4248,538.00,18.00,274.00,-0.20,9,276.00,1.10,3326,485.00,16.90,270.00,-0.10,9,276.00,0.90,4261,521.00,18.50,271.00
"2025-04-02 12:45:00",0.10,155.00,9.00,0.09,9,276.00,0.27,4535,544.00,18.50,271.00,0.00,9,276.00,1.20,3575,449.00,18.20,271.00,-0.10,9,276.00,0.90,4304,507.00,18.80,273.00
"2025-04-02 13:00:00",0.20,358.00,9.00,0.00,9,274.00,0.23,3918,570.00,16.70,270.00,-0.20,9,274.00,1.30,3223,551.00,15.50,268.00,0.10,9,274.00,0.60,4415,527.00,18.60,273.00
"2025-04-02 13:15:00",0.40,16.00,9.00,0.08,9,276.00,0.26,3875,513.00,16.70,255.00,-0.40,9,276.00,1.20,3289,433.00,16.70,251.00,0.20,9,276.00,1.00,3911,520.00,16.90,251.00
"2025-04-02 13:30:00",0.20,195.00,9.00,0.08,9,276.00,0.20,4091,560.00,17.20,272.00,0.20,9,276.00,1.20,3370,516.00,16.40,270.00,-0.10,9,276.00,0.70,4122,538.00,17.80,272.00
"2025-04-02 13:45:00",0.50,224.00,9.00,0.01,9,276.00,0.21,4273,542.00,17.80,274.00,0.50,9,276.00,1.00,3520,518.00,16.60,267.00,0.10,9,276.00,0.70,4413,527.00,18.60,274.00
"2025-04-02 14:00:00",0.30,195.00,9.00,0.06,9,274.00,0.22,4766,548.00,18.80,268.00,0.30,9,274.00,1.10,3970,455.00,18.80,270.00,-0.10,9,274.00,0.80,4561,473.00,19.60,271.00
"2025-04-02 14:15:00",0.40,353.00,9.00,0.06,9,276.00,0.26,4138,524.00,17.30,255.00,-0.30,9,276.00,1.20,3463,497.00,16.30,252.00,0.30,9,276.00,0.90,4079,519.00,17.50,252.00
"2025-04-02 14:30:00",0.30,347.00,9.00,0.01,9,276.00,0.24,4292,497.00,18.80,271.00,-0.20,9,276.00,1.10,3371,446.00,17.50,271.00,0.20,9,276.00,0.70,4309,489.00,19.10,271.00
"2025-04-02 14:45:00",0.30,289.00,9.00,0.02,9,276.00,0.19,4141,512.00,18.10,273.00,0.10,9,276.00,1.20,3251,470.00,17.00,271.00,0.30,9,276.00,1.00,4074,495.00,18.60,271.00
"2025-04-02 15:00:00",0.60,289.00,9.00,0.02,9,275.00,0.25,4022,590.00,16.70,270.00,0.20,9,275.00,1.60,3498,529.00,16.50,271.00,0.60,9,275.00,1.60,4088,609.00,17.00,270.00
"2025-04-02 15:15:00",0.60,253.00,9.00,-0.05,9,278.00,0.25,3674,573.00,15.40,251.00,0.50,9,278.00,1.70,2804,508.00,14.40,253.00,0.40,9,278.00,0.80,3578,518.00,16.20,252.00
"2025-04-02 15:30:00",0.20,231.00,9.00,-0.01,9,276.00,0.23,3911,569.00,16.90,270.00,0.10,9,276.00,1.50,3003,502.00,15.70,270.00,0.00,9,276.00,0.90,3909,507.00,17.90,270.00
"2025-04-02 15:45:00",0.10,352.00,9.00,0.01,9,276.00,0.23,3887,512.00,17.60,271.00,-0.10,9,276.00,1.20,2983,455.00,16.60,270.00,0.10,9,276.00,0.70,3874,459.00,18.60,271.00
"2025-04-02 16:00:00",0.70,222.00,9.00,0.05,2,275.00,0.23,4227,583.00,17.50,270.00,0.70,2,275.00,2.00,3357,543.00,16.00,270.00,0.00,2,275.00,0.80,4141,548.00,17.80,270.00
"2025-04-02 16:15:00",0.60,223.00,9.00,0.04,9,278.00,0.22,3808,518.00,16.60,253.00,0.60,9,278.00,1.50,2844,445.00,15.60,253.00,0.00,9,278.00,0.80,3887,475.00,17.60,254.00
"2025-04-02 16:30:00",0.20,157.00,9.00,0.06,9,276.00,0.19,4027,490.00,18.20,272.00,0.10,9,276.00,1.30,2966,444.00,16.60,271.00,-0.10,9,276.00,0.70,4189,459.00,19.40,272.00
"2025-04-02 16:45:00",0.30,38.00,9.00,0.05,9,275.00,0.19,3937,509.00,17.80,270.00,-0.30,9,275.00,1.30,2995,464.00,16.30,269.00,0.00,9,275.00,0.80,4077,495.00,18.40,270.00
"2025-04-02 17:00:00",0.10,173.00,9.00,0.09,9,276.00,0.19,3816,458.00,18.30,276.00,0.10,9,276.00,1.00,3045,409.00,17.60,271.00,-0.10,9,276.00,0.70,3921,458.00,18.80,271.00
"2025-04-02 17:15:00",0.10,238.00,9.00,0.05,9,278.00,0.17,3705,430.00,17.60,258.00,0.10,9,278.00,1.00,2737,341.00,17.00,258.00,0.00,9,278.00,0.70,3605,399.00,18.10,257.00
"2025-04-02 17:30:00",0.30,172.00,9.00,0.03,9,274.00,0.18,3551,420.00,18.40,274.00,0.20,9,274.00,0.70,2464,329.00,17.30,270.00,-0.20,9,274.00,0.60,3890,385.00,20.00,274.00
"2025-04-02 17:45:00",0.30,244.00,9.00,-0.03,9,274.00,0.14,4148,449.00,19.10,271.00,0.30,9,274.00,0.80,2374,331.00,16.80,272.00,0.10,9,274.00,0.60,4301,394.00,20.50,274.00
"2025-04-02 18:00:00",0.30,222.00,9.00,0.01,9,274.00,0.16,3465,436.00,17.80,274.00,0.30,9,274.00,0.80,2303,316.00,17.10,272.00,0.00,9,274.00,0.60,4244,399.00,20.40,274.00
"2025-04-02 18:15:00",0.40,223.00,9.00,-0.01,9,276.00,0.17,3517,393.00,17.90,256.00,0.40,9,276.00,0.70,2232,292.00,16.50,257.00,0.00,9,276.00,0.50,4185,344.00,20.40,254.00
"2025-04-02 18:30:00",0.40,253.00,9.00,-0.03,9,274.00,0.16,3981,430.00,19.10,273.00,0.30,9,274.00,0.60,2387,318.00,17.30,271.00,0.20,9,274.00,0.60,4115,396.00,20.20,272.00
"2025-04-02 18:45:00",0.30,267.00,9.00,-0.03,9,274.00,0.18,4101,510.00,18.10,274.00,0.20,9,274.00,0.80,2748,437.00,16.00,268.00,0.20,9,274.00,0.70,4075,500.00,18.20,274.00
"2025-04-02 19:00:00",0.60,246.00,9.00,-0.01,9,274.00,0.24,4103,526.00,17.70,274.00,0.50,9,274.00,1.00,3572,438.00,18.10,270.00,0.30,9,274.00,0.80,4573,505.00,19.10,273.00
"2025-04-02 19:15:00",0.40,247.00,9.00,0.02,9,276.00,0.20,3868,455.00,17.50,256.00,0.30,9,276.00,0.90,2479,368.00,15.60,254.00,0.20,9,276.00,0.60,4088,405.00,18.90,257.00
"2025-04-02 19:30:00",0.40,241.00,9.00,-0.05,9,274.00,0.18,3926,480.00,18.00,270.00,0.40,9,274.00,0.80,2638,377.00,16.60,271.00,0.20,9,274.00,0.60,4261,422.00,19.90,273.00
"2025-04-02 19:45:00",0.90,243.00,9.00,0.00,9,274.00,0.19,4621,539.00,18.60,273.00,0.80,9,274.00,1.20,3092,429.00,16.90,271.00,0.40,9,274.00,0.70,4921,496.00,20.00,269.00
"2025-04-02 20:00:00",1.20,234.00,9.00,-0.01,9,274.00,0.22,4634,572.00,18.20,272.00,1.20,9,274.00,1.40,3541,520.00,16.70,272.00,0.30,9,274.00,0.80,4994,522.00,19.70,269.00
"2025-04-02 20:15:00",0.80,234.00,9.00,-0.04,9,276.00,0.18,4042,461.00,17.80,256.00,0.70,9,276.00,1.10,2668,400.00,15.50,252.00,0.20,9,276.00,0.70,3986,430.00,18.20,255.00
"2025-04-02 20:30:00",0.90,233.00,9.00,-0.04,9,274.00,0.18,4345,581.00,17.40,270.00,0.80,9,274.00,1.10,3117,561.00,14.90,266.00,0.20,9,274.00,0.80,4316,578.00,17.60,271.00
"2025-04-02 20:45:00",0.90,225.00,9.00,0.04,9,273.00,0.19,4880,555.00,19.00,271.00,0.80,9,273.00,1.00,3982,542.00,17.60,268.00,0.10,9,273.00,0.80,4954,580.00,18.80,268.00
"2025-04-02 21:00:00",1.00,237.00,9.00,0.01,9,275.00,0.23,4464,529.00,18.40,274.00,1.00,9,275.00,1.20,3266,470.00,16.70,275.00,0.30,9,275.00,0.70,4922,503.00,19.90,274.00
"2025-04-02 21:15:00",0.90,243.00,9.00,-0.03,9,276.00,0.19,4033,496.00,17.20,252.00,0.80,9,276.00,1.20,2802,407.00,15.80,254.00,0.40,9,276.00,0.60,4536,435.00,19.30,256.00
"2025-04-02 21:30:00",0.90,237.00,9.00,-0.04,9,274.00,0.20,4575,541.00,18.50,272.00,0.80,9,274.00,1.10,3034,443.00,16.50,272.00,0.30,9,274.00,0.70,5008,492.00,20.20,271.00
"2025-04-02 21:45:00",0.70,253.00,9.00,-0.06,9,274.00,0.19,4731,507.00,19.40,274.00,0.50,9,274.00,0.90,3457,420.00,18.10,274.00,0.40,9,274.00,0.70,4713,464.00,20.00,273.00
"2025-04-02 22:00:00",0.60,247.00,9.00,-0.05,9,274.00,0.22,4405,522.00,18.40,272.00,0.50,9,274.00,0.80,3169,400.00,17.80,273.00,0.30,9,274.00,0.50,5079,463.00,20.80,270.00
"2025-04-02 22:15:00",0.50,259.00,9.00,-0.02,9,276.00,0.19,4312,506.00,17.60,257.00,0.40,9,276.00,0.80,2745,362.00,16.50,256.00,0.30,9,276.00,0.60,4946,417.00,20.20,256.00
"2025-04-02 22:30:00",0.20,234.00,9.00,0.02,9,273.00,0.20,4153,554.00,17.40,270.00,0.20,9,273.00,0.60,3048,367.00,18.10,271.00,0.00,9,273.00,0.50,4999,429.00,21.20,272.00
"2025-04-02 22:45:00",0.40,252.00,9.00,0.00,9,274.00,0.17,4436,601.00,17.50,272.00,0.30,9,274.00,0.90,3289,563.00,15.50,270.00,0.20,9,274.00,0.70,4464,598.00,17.60,270.00
"2025-04-02 23:00:00",0.70,244.00,9.00,0.04,9,274.00,0.18,4944,722.00,16.80,273.00,0.60,9,274.00,1.10,3475,749.00,13.10,270.00,0.30,9,274.00,0.70,4605,769.00,15.50,268.00
"2025-04-02 23:15:00",1.00,235.00,9.00,0.00,9,276.00,0.18,4952,599.00,17.50,253.00,0.90,9,276.00,0.90,3757,531.00,16.20,255.00,0.30,9,276.00,0.90,4168,535.00,17.10,253.00
"2025-04-02 23:30:00",0.50,212.00,9.00,0.04,9,274.00,0.17,5574,573.00,19.90,271.00,0.50,9,274.00,0.80,4242,468.00,19.00,274.00,-0.10,9,274.00,0.80,4648,502.00,19.20,274.00
"2025-04-02 23:45:00",0.20,28.00,9.00,0.06,9,274.00,0.19,4893,477.00,20.10,273.00,-0.20,9,274.00,0.60,3358,362.00,19.10,274.00,0.00,9,274.00,0.60,5012,408.00,21.70,274.00
"2025-04-03 00:00:00",0.40,180.00,9.00,0.07,9,274.00,0.15,5555,613.00,19.10,274.00,0.30,9,274.00,0.60,3756,448.00,18.30,274.00,-0.30,9,274.00,0.60,4251,418.00,20.00,272.00
"2025-04-03 00:15:00",0.30,140.00,9.00,0.05,9,276.00,0.11,5362,591.00,18.10,256.00,0.10,9,276.00,0.70,3054,426.00,16.00,256.00,-0.30,9,276.00,0.70,3050,333.00,18.10,256.00
"2025-04-03 00:30:00",0.20,228.00,9.00,0.07,9,275.00,0.10,5651,649.00,18.80,275.00,0.20,9,275.00,0.70,3019,470.00,16.10,275.00,0.00,9,275.00,0.50,3727,408.00,19.20,275.00
"2025-04-03 00:45:00",0.50,127.00,9.00,0.14,9,274.00,0.11,5610,658.00,18.60,273.00,0.00,9,274.00,0.50,3212,451.00,17.00,273.00,-0.50,9,274.00,0.50,3698,348.00,20.50,274.00
"2025-04-03 01:00:00",0.20,177.00,9.00,0.10,9,274.00,0.09,5553,647.00,18.70,274.00,0.20,9,274.00,0.70,3059,436.00,16.90,274.00,-0.10,9,274.00,0.40,3976,350.00,21.00,274.00
"2025-04-03 01:15:00",0.70,129.00,9.00,0.15,9,277.00,0.11,4703,624.00,16.60,256.00,0.00,9,277.00,0.50,3154,407.00,16.80,256.00,-0.70,9,277.00,0.50,3422,357.00,18.50,256.00
"2025-04-03 01:30:00",0.40,109.00,9.00,0.16,9,274.00,0.15,5403,628.00,18.70,274.00,-0.10,9,274.00,0.60,3492,465.00,17.40,274.00,-0.40,9,274.00,0.50,3811,428.00,18.90,274.00
"2025-04-03 01:45:00",0.20,135.00,9.00,0.09,9,274.00,0.15,5081,570.00,19.00,274.00,0.00,9,274.00,0.50,3924,417.00,19.30,274.00,-0.20,9,274.00,0.50,4736,425.00,20.80,274.00
"2025-04-03 02:00:00",0.20,188.00,9.00,0.04,9,275.00,0.15,5346,596.00,19.10,275.00,0.20,9,275.00,0.70,3883,453.00,18.60,275.00,-0.10,9,275.00,0.50,4323,407.00,20.50,274.00
"2025-04-03 02:15:00",0.10,200.00,9.00,0.02,9,276.00,0.15,4875,584.00,17.50,257.00,0.10,9,276.00,0.50,3375,429.00,17.00,256.00,0.00,9,276.00,0.40,3574,370.00,18.50,257.00
"2025-04-03 02:30:00",0.20,75.00,9.00,0.10,9,274.00,0.13,4457,688.00,16.10,274.00,-0.20,9,274.00,0.50,3848,429.00,19.00,274.00,-0.10,9,274.00,0.50,3067,397.00,17.60,272.00
"2025-04-03 02:45:00",0.30,221.00,9.00,0.00,9,274.00,0.12,4921,583.00,18.50,274.00,0.30,9,274.00,0.30,3758,389.00,19.50,271.00,0.00,9,274.00,0.40,4444,374.00,21.40,274.00
"2025-04-03 03:00:00",0.60,235.00,9.00,-0.04,9,275.00,0.13,5502,587.00,19.40,274.00,0.60,9,275.00,0.30,3705,406.00,19.10,273.00,0.20,9,275.00,0.40,3518,367.00,19.50,275.00
"2025-04-03 03:15:00",0.50,311.00,9.00,-0.02,9,276.00,0.20,5113,555.00,18.40,257.00,0.00,9,276.00,0.50,3012,382.00,17.00,255.00,0.50,9,276.00,0.60,3517,402.00,17.80,257.00
"2025-04-03 03:30:00",0.70,281.00,9.00,-0.12,9,274.00,0.12,5748,558.00,20.30,274.00,0.30,9,274.00,0.40,3610,404.00,18.90,271.00,0.60,9,274.00,0.60,3567,425.00,18.50,274.00
"2025-04-03 03:45:00",0.90,282.00,9.00,-0.13,9,275.00,0.07,5826,499.00,21.40,275.00,0.40,9,275.00,0.40,3316,325.00,20.10,275.00,0.80,9,275.00,0.70,3324,488.00,16.50,275.00
"2025-04-03 04:00:00",1.60,299.00,9.00,-0.15,9,274.00,0.08,5688,533.00,20.60,273.00,0.30,9,274.00,0.30,3833,345.00,20.90,274.00,1.60,9,274.00,0.50,2993,465.00,16.10,271.00
"2025-04-03 04:15:00",1.20,250.00,9.00,-0.15,9,277.00,0.08,5754,512.00,19.90,254.00,1.00,9,277.00,0.50,3495,371.00,18.40,255.00,0.60,9,277.00,0.60,4099,436.00,18.30,257.00
"2025-04-03 04:30:00",0.40,198.00,9.00,0.05,9,274.00,0.17,5263,541.00,19.70,274.00,0.40,9,274.00,0.30,3506,391.00,18.90,272.00,-0.10,9,274.00,0.40,4896,423.00,21.10,273.00
"2025-04-03 04:45:00",0.20,242.00,9.00,0.06,9,274.00,0.10,5470,498.00,20.80,274.00,0.20,9,274.00,0.40,3126,372.00,18.30,272.00,0.10,9,274.00,0.30,5655,326.00,24.80,274.00
"2025-04-03 05:00:00",0.80,267.00,9.00,-0.07,9,273.00,0.10,5724,531.00,20.70,273.00,0.50,9,273.00,0.20,4078,357.00,21.00,272.00,0.60,9,273.00,0.50,3943,434.00,19.20,273.00
"2025-04-03 05:15:00",0.90,245.00,9.00,-0.07,9,275.00,0.09,5736,449.00,21.10,256.00,0.80,9,275.00,0.30,3300,334.00,18.80,255.00,0.40,9,275.00,0.50,4567,428.00,19.50,256.00
"2025-04-03 05:30:00",1.00,263.00,9.00,-0.09,9,274.00,0.06,6563,387.00,24.70,273.00,0.70,9,274.00,0.30,3406,355.00,19.60,273.00,0.70,9,274.00,0.60,4532,481.00,19.40,274.00
"2025-04-03 05:45:00",0.80,284.00,9.00,-0.04,9,273.00,0.06,6652,364.00,25.40,273.00,0.30,9,273.00,0.50,3256,349.00,19.10,273.00,0.80,9,273.00,0.50,4467,446.00,19.80,273.00
"2025-04-03 06:00:00",0.50,255.00,9.00,-0.06,9,273.00,0.05,6466,364.00,25.10,273.00,0.40,9,273.00,0.30,4047,382.00,20.40,273.00,0.30,9,273.00,0.50,4413,426.00,20.30,272.00
"2025-04-03 06:15:00",0.60,267.00,9.00,-0.08,9,276.00,0.06,6183,326.00,24.30,256.00,0.40,9,276.00,0.30,3356,319.00,19.20,253.00,0.40,9,276.00,0.70,3085,434.00,16.00,256.00
"2025-04-03 06:30:00",0.60,266.00,9.00,-0.06,9,273.00,0.04,6582,324.00,26.20,270.00,0.40,9,273.00,0.30,3117,316.00,19.80,271.00,0.50,9,273.00,0.60,3560,454.00,17.70,273.00
"2025-04-03 06:45:00",0.40,275.00,9.00,0.00,9,273.00,0.12,5326,433.00,21.70,273.00,0.20,9,273.00,0.60,3164,342.00,19.10,272.00,0.30,9,273.00,0.60,4651,456.00,20.00,272.00
"2025-04-03 07:00:00",0.80,270.00,9.00,-0.03,9,274.00,0.06,6029,410.00,23.40,274.00,0.50,9,274.00,0.40,3019,285.00,20.30,274.00,0.70,9,274.00,0.50,3895,474.00,18.10,274.00
"2025-04-03 07:15:00",1.10,281.00,9.00,-0.15,9,275.00,0.08,5110,448.00,20.00,256.00,0.50,9,275.00,0.50,2649,282.00,18.20,256.00,1.00,9,275.00,0.40,3190,461.00,15.90,256.00
"2025-04-03 07:30:00",0.90,290.00,9.00,-0.05,9,274.00,0.10,5601,465.00,21.60,274.00,0.30,9,274.00,0.60,2513,323.00,17.60,274.00,0.80,9,274.00,0.50,3602,476.00,17.30,270.00
"2025-04-03 07:45:00",0.80,282.00,9.00,-0.08,9,274.00,0.14,4910,540.00,19.10,274.00,0.40,9,274.00,0.50,2821,332.00,18.40,272.00,0.70,9,274.00,0.60,3782,485.00,17.60,272.00
"2025-04-03 08:00:00",0.80,272.00,9.00,-0.10,9,274.00,0.12,5325,486.00,20.80,274.00,0.50,9,274.00,0.60,2572,334.00,17.40,274.00,0.70,9,274.00,0.60,4393,489.00,18.90,274.00
"2025-04-03 08:15:00",0.50,273.00,9.00,0.00,9,276.00,0.14,4551,482.00,18.40,255.00,0.30,9,276.00,0.60,2821,337.00,17.20,254.00,0.40,9,276.00,0.60,4060,465.00,17.80,255.00
"2025-04-03 08:30:00",0.60,270.00,9.00,-0.02,9,275.00,0.15,4670,467.00,19.90,274.00,0.40,9,275.00,0.70,2992,367.00,18.00,270.00,0.50,9,275.00,0.60,4560,455.00,19.90,275.00
"2025-04-03 08:45:00",0.60,281.00,9.00,-0.03,9,274.00,0.13,4516,470.00,19.50,272.00,0.30,9,274.00,0.70,3070,357.00,18.30,273.00,0.50,9,274.00,0.60,4521,478.00,19.40,273.00
"2025-04-03 09:00:00",0.70,277.00,9.00,-0.09,9,273.00,0.15,4402,442.00,19.80,269.00,0.40,9,273.00,0.60,2999,367.00,17.90,271.00,0.60,9,273.00,0.50,4689,459.00,20.10,269.00
"2025-04-03 09:15:00",0.30,252.00,9.00,0.00,9,276.00,0.19,4173,455.00,18.20,256.00,0.20,9,276.00,0.70,3159,379.00,17.20,255.00,0.20,9,276.00,0.60,4351,456.00,18.40,255.00
"2025-04-03 09:30:00",0.30,312.00,9.00,-0.08,9,274.00,0.19,4197,495.00,18.40,274.00,0.00,9,274.00,0.70,3332,388.00,18.50,273.00,0.30,9,274.00,0.60,4598,476.00,19.60,273.00
"2025-04-03 09:45:00",0.20,44.00,9.00,-0.05,9,274.00,0.21,4472,498.00,19.00,271.00,-0.20,9,274.00,0.80,3628,407.00,18.90,274.00,0.00,9,274.00,0.70,4840,454.00,20.50,274.00
"2025-04-03 10:00:00",0.40,88.00,9.00,0.06,2,274.00,0.24,4674,538.00,18.70,269.00,-0.30,2,274.00,1.10,4125,468.00,18.80,274.00,-0.30,2,274.00,0.80,5092,487.00,20.40,270.00
"2025-04-03 10:15:00",0.40,76.00,9.00,0.03,2,276.00,0.22,4146,463.00,18.10,251.00,-0.30,2,276.00,1.00,3407,400.00,17.60,256.00,-0.20,2,276.00,0.70,4199,396.00,19.30,254.00
"2025-04-03 10:30:00",0.90,70.00,9.00,-0.01,2,275.00,0.21,4422,481.00,19.20,270.00,-0.80,2,275.00,1.10,3511,442.00,17.80,275.00,-0.50,2,275.00,0.70,4545,460.00,19.80,270.00
"2025-04-03 10:45:00",0.50,89.00,9.00,0.02,2,275.00,0.20,4172,455.00,19.20,270.00,-0.30,2,275.00,1.00,3233,398.00,18.20,273.00,-0.40,2,275.00,0.80,4071,432.00,19.40,272.00
"2025-04-03 11:00:00",0.70,93.00,9.00,0.11,2,276.00,0.30,4356,542.00,18.20,271.00,-0.40,2,276.00,1.40,3769,460.00,18.30,275.00,-0.60,2,276.00,1.10,4205,485.00,18.90,275.00
"2025-04-03 11:15:00",0.50,98.00,9.00,0.03,2,278.00,0.24,3807,423.00,18.10,253.00,-0.30,2,278.00,1.20,3157,398.00,17.10,255.00,-0.50,2,278.00,0.80,3664,398.00,18.30,253.00
"2025-04-03 11:30:00",0.40,92.00,9.00,0.03,2,276.00,0.23,3959,460.00,18.70,271.00,-0.20,2,276.00,1.20,3278,377.00,18.70,276.00,-0.30,2,276.00,0.70,3927,411.00,19.50,271.00
"2025-04-03 11:45:00",0.60,91.00,9.00,-0.02,2,276.00,0.22,4181,432.00,19.70,275.00,-0.40,2,276.00,1.10,3183,374.00,18.50,276.00,-0.50,2,276.00,0.90,3850,428.00,19.00,275.00
"2025-04-03 12:00:00",0.80,98.00,9.00,0.04,2,276.00,0.29,4259,482.00,18.90,273.00,-0.40,2,276.00,1.00,3566,411.00,18.70,273.00,-0.70,2,276.00,1.30,3859,473.00,18.20,276.00
"2025-04-03 12:15:00",0.90,68.00,9.00,0.11,2,278.00,0.32,3825,493.00,17.00,255.00,-0.80,2,278.00,1.20,3145,426.00,16.50,255.00,-0.40,2,278.00,1.10,3573,437.00,17.40,256.00
"2025-04-03 12:30:00",0.50,83.00,9.00,0.05,2,277.00,0.27,4229,456.00,19.50,272.00,-0.40,2,277.00,1.30,3245,400.00,18.20,275.00,-0.40,2,277.00,0.90,3703,403.00,19.10,274.00
"2025-04-03 12:45:00",0.60,95.00,9.00,0.02,2,276.00,0.22,4144,421.00,19.90,274.00,-0.30,2,276.00,1.20,3082,391.00,17.80,272.00,-0.50,2,276.00,0.70,3735,407.00,19.10,273.00
"2025-04-03 13:00:00",0.90,95.00,9.00,0.01,2,276.00,0.25,4216,490.00,18.70,271.00,-0.50,2,276.00,1.60,3582,455.00,18.00,276.00,-0.80,2,276.00,1.40,4064,507.00,18.30,274.00
"2025-04-03 13:15:00",1.10,78.00,9.00,0.04,2,279.00,0.30,4194,500.00,17.80,254.00,-0.90,2,279.00,1.40,3574,470.00,16.70,257.00,-0.70,2,279.00,1.30,3858,498.00,16.90,259.00
"2025-04-03 13:30:00",1.10,82.00,9.00,0.08,2,277.00,0.35,4392,557.00,18.10,272.00,-0.80,2,277.00,1.70,3866,532.00,17.10,275.00,-0.70,2,277.00,1.30,3909,532.00,17.50,274.00
"2025-04-03 13:45:00",0.90,69.00,9.00,-0.01,2,276.00,0.28,4389,501.00,19.00,275.00,-0.80,2,276.00,1.20,3620,466.00,17.80,273.00,-0.50,2,276.00,1.30,3988,494.00,18.20,276.00
"2025-04-03 14:00:00",0.90,87.00,9.00,0.12,2,277.00,0.32,4266,514.00,18.50,275.00,-0.60,2,277.00,1.30,3676,449.00,18.20,277.00,-0.70,2,277.00,1.10,3985,480.00,18.40,274.00
"2025-04-03 14:15:00",0.80,80.00,9.00,-0.04,2,278.00,0.26,4116,421.00,18.70,258.00,-0.60,2,278.00,1.40,3388,444.00,16.80,257.00,-0.50,2,278.00,0.90,3518,407.00,17.70,254.00
"2025-04-03 14:30:00",0.60,87.00,9.00,0.00,2,277.00,0.18,3934,382.00,20.00,274.00,-0.40,2,277.00,0.80,3140,343.00,19.20,272.00,-0.40,2,277.00,0.80,3427,383.00,18.90,275.00
"2025-04-03 14:45:00",0.30,105.00,9.00,0.03,9,277.00,0.21,3940,390.00,19.90,274.00,-0.10,9,277.00,0.80,2927,321.00,18.90,277.00,-0.30,9,277.00,0.70,3541,348.00,19.90,275.00
"2025-04-03 15:00:00",0.40,342.00,9.00,0.10,9,276.00,0.33,4461,519.00,18.70,274.00,-0.20,9,276.00,1.30,3945,489.00,18.20,274.00,0.40,9,276.00,1.30,4073,514.00,18.10,272.00
"2025-04-03 15:15:00",0.90,26.00,9.00,0.00,2,279.00,0.32,3963,463.00,17.70,259.00,-0.90,2,279.00,1.60,3391,454.00,16.70,258.00,0.20,2,279.00,1.00,3517,398.00,17.90,256.00
"2025-04-03 15:30:00",0.50,347.00,9.00,-0.04,9,276.00,0.22,4100,453.00,19.10,273.00,-0.30,9,276.00,1.10,3609,426.00,18.50,275.00,0.40,9,276.00,0.90,3607,413.00,18.70,272.00
"2025-04-03 15:45:00",0.70,4.00,9.00,0.00,9,277.00,0.22,4159,440.00,19.60,273.00,-0.60,9,277.00,1.00,3551,418.00,18.60,272.00,0.40,9,277.00,0.90,3966,418.00,19.60,274.00
"2025-04-03 16:00:00",0.50,318.00,9.00,-0.04,9,276.00,0.19,4097,418.00,19.80,275.00,-0.10,9,276.00,0.90,3364,382.00,18.80,275.00,0.40,9,276.00,0.80,3817,392.00,19.70,273.00
"2025-04-03 16:15:00",0.30,254.00,9.00,0.06,9,279.00,0.27,3969,535.00,16.60,254.00,0.20,9,279.00,1.10,3592,462.00,17.10,259.00,0.20,9,279.00,1.30,3861,520.00,16.80,254.00
"2025-04-03 16:30:00",0.60,235.00,9.00,0.09,9,276.00,0.30,4399,575.00,17.80,271.00,0.60,9,276.00,1.70,3583,533.00,16.70,271.00,0.20,9,276.00,1.10,4274,559.00,17.80,271.00
"2025-04-03 16:45:00",0.50,225.00,9.00,0.07,9,277.00,0.25,3983,494.00,18.10,273.00,0.50,9,277.00,1.20,3380,440.00,17.70,275.00,0.10,9,277.00,0.60,4255,452.00,19.50,272.00
"2025-04-03 17:00:00",0.40,232.00,9.00,0.04,9,276.00,0.21,3848,487.00,17.90,273.00,0.40,9,276.00,1.00,3312,425.00,18.00,271.00,0.10,9,276.00,0.70,4188,475.00,18.90,274.00
"2025-04-03 17:15:00",0.60,223.00,9.00,0.03,9,279.00,0.17,3762,435.00,17.70,258.00,0.60,9,279.00,0.80,2969,367.00,17.10,254.00,0.00,9,279.00,0.60,4413,421.00,19.40,257.00
"2025-04-03 17:30:00",0.40,201.00,9.00,0.06,9,276.00,0.18,3937,433.00,19.10,276.00,0.30,9,276.00,0.70,2811,350.00,17.90,273.00,-0.10,9,276.00,0.50,4962,387.00,22.10,275.00
"2025-04-03 17:45:00",0.20,137.00,9.00,0.12,9,276.00,0.16,4012,450.00,18.90,275.00,0.00,9,276.00,0.70,2865,338.00,18.30,276.00,-0.20,9,276.00,0.60,4639,399.00,21.10,276.00
"2025-04-03 18:00:00",0.10,221.00,9.00,0.09,9,276.00,0.16,3883,439.00,18.70,275.00,0.10,9,276.00,0.70,2690,341.00,17.70,275.00,0.00,9,276.00,0.40,5162,359.00,23.00,272.00
"2025-04-03 18:15:00",0.20,234.00,9.00,0.03,9,277.00,0.19,3379,404.00,17.30,258.00,0.20,9,277.00,0.70,2496,308.00,17.10,257.00,0.00,9,277.00,0.60,4256,357.00,20.20,256.00
"2025-04-03 18:30:00",0.30,265.00,9.00,0.00,9,276.00,0.20,3735,456.00,18.00,276.00,0.20,9,276.00,0.70,2532,334.00,17.40,274.00,0.20,9,276.00,0.40,5357,347.00,23.70,271.00
"2025-04-03 18:45:00",0.10,249.00,9.00,0.05,9,276.00,0.18,3771,458.00,18.00,276.00,0.10,9,276.00,0.90,2461,337.00,17.00,275.00,0.10,9,276.00,0.40,5861,324.00,25.30,276.00
"2025-04-03 19:00:00",0.30,255.00,9.00,0.07,9,276.00,0.19,3679,484.00,17.40,276.00,0.20,9,276.00,0.90,2538,361.00,16.70,275.00,0.20,9,276.00,0.50,5352,395.00,22.70,276.00
"2025-04-03 19:15:00",0.20,310.00,9.00,0.09,9,277.00,0.19,3939,431.00,18.10,257.00,0.00,9,277.00,0.90,2619,363.00,16.10,253.00,0.20,9,277.00,0.60,4792,382.00,20.80,258.00
"2025-04-03 19:30:00",0.20,321.00,9.00,0.09,9,274.00,0.17,4077,436.00,19.20,274.00,-0.10,9,274.00,0.80,2733,359.00,17.30,272.00,0.20,9,274.00,0.60,5148,385.00,22.50,273.00
"2025-04-03 19:45:00",0.30,317.00,9.00,0.05,9,274.00,0.18,3727,452.00,18.10,271.00,0.00,9,274.00,0.70,2783,356.00,17.60,273.00,0.30,9,274.00,0.50,4982,376.00,22.40,272.00
"2025-04-03 20:00:00",0.30,347.00,9.00,0.06,9,274.00,0.19,3920,504.00,17.70,269.00,-0.20,9,274.00,0.80,2822,384.00,17.20,270.00,0.30,9,274.00,0.60,5087,411.00,22.00,273.00
"2025-04-03 20:15:00",0.30,292.00,9.00,0.07,9,276.00,0.19,3385,457.00,16.30,254.00,0.10,9,276.00,0.90,2571,356.00,16.10,252.00,0.30,9,276.00,0.60,4570,399.00,20.00,254.00
"2025-04-03 20:30:00",0.50,248.00,9.00,0.04,9,274.00,0.22,3524,501.00,16.80,270.00,0.50,9,274.00,0.90,2831,387.00,17.20,270.00,0.30,9,274.00,0.70,4452,445.00,20.00,272.00
"2025-04-03 20:45:00",0.80,256.00,9.00,-0.01,9,274.00,0.22,3785,522.00,17.10,273.00,0.60,9,274.00,1.00,2703,403.00,16.40,270.00,0.50,9,274.00,0.70,4240,461.00,19.20,272.00
"2025-04-03 21:00:00",0.60,243.00,9.00,0.03,9,274.00,0.20,3712,515.00,17.10,269.00,0.50,9,274.00,1.00,2728,397.00,16.50,270.00,0.20,9,274.00,0.70,4323,454.00,19.50,273.00
"2025-04-03 21:15:00",0.70,239.00,9.00,0.01,9,276.00,0.25,3339,489.00,15.70,255.00,0.60,9,276.00,1.00,2561,366.00,15.90,254.00,0.30,9,276.00,0.70,3868,436.00,17.90,254.00
"2025-04-03 21:30:00",0.70,274.00,9.00,0.00,9,274.00,0.22,3609,495.00,17.10,270.00,0.40,9,274.00,0.90,2599,384.00,16.50,273.00,0.60,9,274.00,0.70,4263,444.00,19.60,273.00
"2025-04-03 21:45:00",0.60,268.00,9.00,0.00,9,274.00,0.24,3675,538.00,16.60,272.00,0.40,9,274.00,0.90,2802,398.00,16.80,269.00,0.50,9,274.00,0.70,4369,437.00,19.90,274.00
"2025-04-03 22:00:00",0.60,266.00,9.00,0.00,9,274.00,0.24,3807,509.00,17.40,273.00,0.40,9,274.00,1.10,2757,394.00,16.90,270.00,0.40,9,274.00,0.70,4395,442.00,20.00,272.00
"2025-04-03 22:15:00",0.90,270.00,9.00,-0.09,9,276.00,0.20,3832,468.00,17.30,256.00,0.60,9,276.00,1.00,2432,346.00,15.90,255.00,0.70,9,276.00,0.60,4278,410.00,19.20,256.00
"2025-04-03 22:30:00",0.40,304.00,9.00,0.00,9,273.00,0.21,3903,474.00,18.10,273.00,0.00,9,273.00,0.90,2512,357.00,16.80,272.00,0.40,9,273.00,0.80,4320,417.00,20.10,272.00
"2025-04-03 22:45:00",0.70,275.00,9.00,-0.03,9,274.00,0.20,3986,498.00,18.00,271.00,0.40,9,274.00,1.00,2779,384.00,17.00,273.00,0.60,9,274.00,0.70,4203,434.00,19.60,274.00
"2025-04-03 23:00:00",0.80,257.00,9.00,-0.05,9,274.00,0.25,4030,548.00,17.30,269.00,0.60,9,274.00,1.30,3175,436.00,17.20,270.00,0.50,9,274.00,0.80,4445,490.00,19.20,270.00
"2025-04-03 23:15:00",1.00,259.00,9.00,-0.07,9,276.00,0.28,3870,529.00,16.30,251.00,0.70,9,276.00,1.50,3200,438.00,16.20,254.00,0.70,9,276.00,0.90,4202,480.00,17.90,252.00
"2025-04-03 23:30:00",0.80,260.00,9.00,-0.02,9,274.00,0.19,4263,514.00,18.30,271.00,0.60,9,274.00,0.90,2930,379.00,17.50,272.00,0.60,9,274.00,0.50,4871,417.00,21.20,271.00
"2025-04-03 23:45:00",0.20,107.00,9.00,0.03,9,274.00,0.19,4471,501.00,18.80,273.00,-0.10,9,274.00,0.70,3618,367.00,19.70,271.00,-0.20,9,274.00,0.70,4250,444.00,19.50,273.00
"2025-04-04 00:00:00",0.80,269.00,9.00,-0.14,9,274.00,0.17,4516,496.00,19.10,274.00,0.50,9,274.00,0.40,3056,334.00,19.00,273.00,0.60,9,274.00,0.30,5263,386.00,22.60,269.00
"2025-04-04 00:15:00",0.80,263.00,9.00,-0.11,9,276.00,0.15,4486,415.00,19.60,257.00,0.60,9,276.00,0.40,3260,306.00,19.30,254.00,0.60,9,276.00,0.50,4671,386.00,20.40,257.00
"2025-04-04 00:30:00",0.90,263.00,9.00,-0.10,9,274.00,0.13,4077,431.00,19.40,274.00,0.60,9,274.00,0.40,3419,318.00,20.40,274.00,0.60,9,274.00,0.50,4135,406.00,19.70,273.00
"2025-04-04 00:45:00",1.20,235.00,9.00,-0.15,9,275.00,0.11,5063,391.00,22.20,275.00,1.20,9,275.00,0.40,3707,351.00,20.20,275.00,0.40,9,275.00,1.00,3230,431.00,17.10,274.00
"2025-04-04 01:00:00",0.40,255.00,9.00,0.01,9,273.00,0.17,4634,397.00,21.20,273.00,0.30,9,273.00,0.60,2873,317.00,18.90,273.00,0.20,9,273.00,0.60,4134,429.00,19.40,273.00
"2025-04-04 01:15:00",0.20,84.00,9.00,0.10,9,276.00,0.12,4510,348.00,21.00,256.00,-0.10,9,276.00,0.70,2252,315.00,15.90,255.00,-0.10,9,276.00,0.50,4577,342.00,21.30,256.00
"2025-04-04 01:30:00",0.70,216.00,9.00,-0.03,9,274.00,0.13,4768,406.00,21.40,274.00,0.70,9,274.00,0.40,4045,374.00,20.50,273.00,0.00,9,274.00,0.70,4013,440.00,19.10,274.00
"2025-04-04 01:45:00",0.70,242.00,9.00,-0.01,9,273.00,0.13,4813,424.00,21.20,273.00,0.60,9,273.00,0.30,3444,374.00,19.20,271.00,0.30,9,273.00,0.70,3700,462.00,17.90,271.00
"2025-04-04 02:00:00",0.40,252.00,9.00,-0.05,9,274.00,0.17,5405,416.00,22.20,274.00,0.40,9,274.00,0.70,3595,392.00,18.90,273.00,0.30,9,274.00,0.60,4475,431.00,20.20,272.00
"2025-04-04 02:15:00",0.40,188.00,9.00,-0.03,9,275.00,0.14,4505,432.00,19.30,253.00,0.40,9,275.00,0.70,3248,373.00,17.70,256.00,-0.20,9,275.00,0.80,4341,469.00,18.30,256.00
"2025-04-04 02:30:00",0.40,194.00,9.00,-0.03,9,274.00,0.18,4958,498.00,19.90,274.00,0.40,9,274.00,0.70,3505,401.00,18.60,274.00,-0.20,9,274.00,0.70,5005,494.00,20.20,272.00
"2025-04-04 02:45:00",0.60,247.00,9.00,-0.03,9,273.00,0.15,5099,458.00,20.90,272.00,0.60,9,273.00,0.70,2846,359.00,17.70,272.00,0.30,9,273.00,0.60,4832,434.00,20.90,273.00
"2025-04-04 03:00:00",1.00,256.00,9.00,-0.09,9,274.00,0.16,5171,468.00,20.90,274.00,0.80,9,274.00,0.70,2663,390.00,16.60,273.00,0.60,9,274.00,0.50,4249,460.00,19.20,274.00
"2025-04-04 03:15:00",0.80,281.00,9.00,-0.07,9,275.00,0.14,5339,373.00,21.90,256.00,0.40,9,275.00,0.60,2830,338.00,17.30,255.00,0.70,9,275.00,0.40,4729,404.00,20.20,254.00
"2025-04-04 03:30:00",0.60,297.00,9.00,-0.08,9,274.00,0.14,5824,428.00,22.80,274.00,0.10,9,274.00,0.70,3244,399.00,18.00,273.00,0.60,9,274.00,0.40,4977,441.00,21.00,273.00
"2025-04-04 03:45:00",1.10,277.00,9.00,-0.11,9,273.00,0.10,5860,400.00,23.40,273.00,0.50,9,273.00,0.70,3412,401.00,18.30,273.00,0.90,9,273.00,0.50,5146,483.00,20.50,272.00
"2025-04-04 04:00:00",1.80,271.00,9.00,-0.19,9,274.00,0.06,5985,362.00,24.50,273.00,1.10,9,274.00,0.50,3113,334.00,19.20,274.00,1.50,9,274.00,0.50,4504,479.00,19.30,274.00
"2025-04-04 04:15:00",1.10,294.00,9.00,-0.07,9,275.00,0.06,5123,321.00,22.80,256.00,0.30,9,275.00,0.50,2373,329.00,16.20,255.00,1.10,9,275.00,0.50,3463,421.00,17.00,256.00
"2025-04-04 04:30:00",1.30,269.00,9.00,-0.09,9,274.00,0.08,6391,339.00,25.70,274.00,0.80,9,274.00,0.60,2548,325.00,17.70,274.00,1.00,9,274.00,0.50,4212,464.00,19.00,274.00
"2025-04-04 04:45:00",0.70,292.00,9.00,-0.02,9,273.00,0.11,5571,387.00,23.20,273.00,0.20,9,273.00,0.40,2908,309.00,19.30,273.00,0.70,9,273.00,0.60,4345,423.00,20.10,273.00
"2025-04-04 05:00:00",0.60,293.00,9.00,0.00,9,273.00,0.10,5640,403.00,22.90,273.00,0.10,9,273.00,0.40,2526,328.00,17.30,268.00,0.50,9,273.00,0.60,4624,433.00,20.50,273.00
"2025-04-04 05:15:00",0.30,147.00,9.00,0.03,9,276.00,0.13,5179,406.00,21.10,255.00,0.10,9,276.00,0.70,3333,376.00,17.80,255.00,-0.30,9,276.00,0.90,4377,491.00,18.20,251.00
"2025-04-04 05:30:00",0.20,199.00,9.00,0.04,9,273.00,0.14,5535,434.00,22.20,272.00,0.20,9,273.00,0.80,3547,423.00,18.20,272.00,-0.10,9,273.00,0.70,4850,491.00,20.10,268.00
"2025-04-04 05:45:00",0.20,240.00,9.00,0.08,9,274.00,0.15,5065,443.00,21.20,271.00,0.20,9,274.00,0.90,3417,436.00,17.70,271.00,0.10,9,274.00,0.70,4396,489.00,19.10,269.00
"2025-04-04 06:00:00",0.70,170.00,9.00,0.08,9,273.00,0.21,5416,583.00,19.50,271.00,0.50,9,273.00,1.40,3942,596.00,16.50,268.00,-0.50,9,273.00,1.20,5033,660.00,18.00,268.00
"2025-04-04 06:15:00",0.60,175.00,9.00,0.11,9,275.00,0.19,4877,490.00,19.00,252.00,0.50,9,275.00,1.40,3536,520.00,15.80,253.00,-0.40,9,275.00,0.80,4819,546.00,18.10,250.00
"2025-04-04 06:30:00",0.30,223.00,9.00,0.03,9,274.00,0.19,4973,482.00,20.30,271.00,0.30,9,274.00,0.90,3395,430.00,17.90,272.00,0.00,9,274.00,0.70,4528,478.00,19.40,272.00
"2025-04-04 06:45:00",0.00,293.00,9.00,0.00,9,273.00,0.17,4856,448.00,20.60,273.00,0.00,9,273.00,0.70,3003,406.00,17.30,269.00,0.00,9,273.00,0.60,4862,463.00,20.50,271.00
"2025-04-04 07:00:00",0.20,204.00,9.00,-0.02,9,274.00,0.20,4106,480.00,18.50,273.00,0.20,9,274.00,1.00,2911,404.00,17.00,270.00,0.00,9,274.00,0.80,4414,570.00,18.00,269.00
"2025-04-04 07:15:00",0.10,254.00,9.00,0.01,9,275.00,0.18,4103,442.00,18.40,252.00,0.10,9,275.00,1.00,2773,370.00,16.50,254.00,0.10,9,275.00,0.70,4317,483.00,18.10,255.00
"2025-04-04 07:30:00",0.30,263.00,9.00,-0.05,9,273.00,0.19,4206,445.00,19.40,271.00,0.20,9,273.00,0.90,3057,362.00,18.30,271.00,0.20,9,273.00,0.70,4748,491.00,19.90,268.00
"2025-04-04 07:45:00",0.50,198.00,9.00,-0.01,9,274.00,0.17,4667,471.00,19.80,273.00,0.50,9,274.00,1.00,3314,402.00,18.20,273.00,-0.20,9,274.00,0.60,5074,441.00,21.30,271.00
"2025-04-04 08:00:00",0.40,199.00,9.00,-0.04,9,273.00,0.20,4303,492.00,18.70,272.00,0.40,9,273.00,0.90,3603,405.00,18.80,272.00,-0.10,9,273.00,0.70,4973,482.00,20.40,271.00
"2025-04-04 08:15:00",0.30,235.00,9.00,-0.03,9,277.00,0.20,3984,465.00,17.60,252.00,0.30,9,277.00,1.10,3254,399.00,17.20,257.00,0.10,9,277.00,0.80,4500,472.00,18.60,255.00
"2025-04-04 08:30:00",0.40,197.00,9.00,0.00,9,274.00,0.29,4137,546.00,17.60,270.00,0.40,9,274.00,1.30,3581,469.00,17.70,273.00,-0.10,9,274.00,0.80,4934,533.00,19.50,269.00
"2025-04-04 08:45:00",0.70,180.00,9.00,0.01,9,274.00,0.36,4258,629.00,16.60,273.00,0.50,9,274.00,1.70,3880,530.00,17.30,273.00,-0.40,9,274.00,1.10,4904,619.00,18.20,269.00
"2025-04-04 09:00:00",0.70,185.00,9.00,-0.02,9,274.00,0.31,4118,559.00,17.30,274.00,0.60,9,274.00,1.80,3641,507.00,17.10,272.00,-0.40,9,274.00,0.90,4901,576.00,18.60,269.00
"2025-04-04 09:15:00",0.70,157.00,9.00,0.04,9,276.00,0.30,3800,555.00,15.90,251.00,0.40,9,276.00,1.60,3256,504.00,15.50,255.00,-0.70,9,276.00,1.10,4363,589.00,16.60,250.00
"2025-04-04 09:30:00",0.90,153.00,9.00,0.03,9,274.00,0.32,4334,612.00,17.10,271.00,0.40,9,274.00,1.80,3701,543.00,16.80,269.00,-0.80,9,274.00,1.20,4586,638.00,17.30,271.00
"2025-04-04 09:45:00",0.80,162.00,9.00,0.11,9,274.00,0.34,4620,606.00,17.70,273.00,0.40,9,274.00,1.70,3850,551.00,17.10,272.00,-0.70,9,274.00,1.20,4455,602.00,17.50,269.00
"2025-04-04 10:00:00",0.70,144.00,9.00,0.20,2,276.00,0.36,4667,616.00,17.70,273.00,0.20,2,276.00,1.30,4102,538.00,17.60,276.00,-0.60,2,276.00,1.10,4491,548.00,18.30,275.00
"2025-04-04 10:15:00",0.70,123.00,9.00,-0.01,2,278.00,0.33,4188,524.00,17.20,258.00,-0.10,2,278.00,1.50,3651,478.00,16.80,257.00,-0.70,2,278.00,1.50,3788,565.00,15.80,253.00
"2025-04-04 10:30:00",0.70,120.00,9.00,0.03,2,276.00,0.28,4492,593.00,17.80,272.00,-0.10,2,276.00,1.20,3881,488.00,18.20,275.00,-0.70,2,276.00,1.30,4267,610.00,17.10,273.00
"2025-04-04 10:45:00",0.90,117.00,9.00,0.11,2,276.00,0.36,4514,628.00,17.40,271.00,-0.20,2,276.00,1.50,4026,533.00,17.60,275.00,-0.90,2,276.00,1.50,4388,648.00,16.90,271.00
"2025-04-04 11:00:00",1.10,90.00,9.00,0.06,2,277.00,0.24,4361,492.00,19.10,272.00,-0.70,2,277.00,1.00,3358,407.00,18.20,275.00,-0.80,2,277.00,1.00,4030,516.00,17.90,274.00
"2025-04-04 11:15:00",0.60,146.00,9.00,0.07,2,279.00,0.32,4335,586.00,16.70,254.00,0.20,2,279.00,1.70,3860,545.00,16.30,259.00,-0.60,2,279.00,1.50,4101,610.00,15.90,256.00
"2025-04-04 11:30:00",0.80,84.00,9.00,0.08,2,276.00,0.34,4386,523.00,18.80,271.00,-0.60,2,276.00,1.40,3606,468.00,17.80,272.00,-0.60,2,276.00,1.20,3959,510.00,17.90,273.00
