"2025-04-01 00:00:00",0.70,127.00,9.00,0.05,9,274.00,0.17,989,129.00,17.40,272.00,0.00,9,274.00,0.80,564,111.00,13.70,271.00,-0.70,9,274.00,0.90,616,103.00,15.30,272.00
"2025-04-01 00:15:00",0.90,140.00,9.00,0.02,9,277.00,0.13,1028,153.00,16.10,252.00,0.20,9,277.00,1.00,590,129.00,12.70,250.00,-0.90,9,277.00,1.20,620,127.00,13.40,249.00
"2025-04-01 00:30:00",0.50,125.00,9.00,0.00,9,274.00,0.14,1051,130.00,17.90,274.00,0.00,9,274.00,0.60,618,114.00,14.30,273.00,-0.50,9,274.00,0.80,621,101.00,15.60,273.00
"2025-04-01 00:45:00",0.60,133.00,9.00,0.03,9,274.00,0.14,986,134.00,17.00,274.00,0.00,9,274.00,0.80,579,120.00,13.30,269.00,-0.60,9,274.00,0.90,679,104.00,16.00,274.00
"2025-04-01 01:00:00",0.60,119.00,9.00,0.07,9,275.00,0.16,873,142.00,15.50,275.00,-0.10,9,275.00,0.80,562,127.00,12.60,272.00,-0.60,9,275.00,0.80,651,111.00,15.10,271.00
"2025-04-01 01:15:00",0.30,109.00,9.00,0.04,9,276.00,0.15,802,153.00,13.70,255.00,-0.10,9,276.00,0.70,478,147.00,9.70,235.00,-0.30,9,276.00,0.70,579,117.00,13.10,253.00
"2025-04-01 01:30:00",0.40,133.00,9.00,0.03,9,274.00,0.16,842,164.00,14.10,266.00,0.00,9,274.00,0.80,498,149.00,10.30,245.00,-0.40,9,274.00,0.90,658,133.00,13.90,264.00
"2025-04-01 01:45:00",0.40,121.00,9.00,0.06,9,275.00,0.17,831,147.00,14.70,273.00,-0.10,9,275.00,0.80,478,134.00,10.70,255.00,-0.40,9,275.00,0.80,631,114.00,14.50,270.00
"2025-04-01 02:00:00",0.30,121.00,9.00,0.05,9,274.00,0.14,988,149.00,16.00,274.00,0.00,9,274.00,0.70,480,136.00,10.50,250.00,-0.30,9,274.00,0.60,641,116.00,14.40,273.00
"2025-04-01 02:15:00",0.30,117.00,9.00,0.03,9,277.00,0.12,961,148.00,15.50,255.00,-0.10,9,277.00,0.70,535,138.00,11.20,244.00,-0.30,9,277.00,0.50,669,114.00,14.60,256.00
"2025-04-01 02:30:00",0.60,65.00,9.00,0.06,9,274.00,0.10,1014,156.00,16.10,274.00,-0.50,9,274.00,0.70,525,147.00,10.80,263.00,-0.30,9,274.00,0.30,907,121.00,17.40,274.00
"2025-04-01 02:45:00",0.60,79.00,9.00,0.10,9,274.00,0.13,1064,157.00,16.40,272.00,-0.50,9,274.00,0.60,505,141.00,10.80,261.00,-0.40,9,274.00,0.50,713,117.00,15.50,273.00
"2025-04-01 03:00:00",0.30,77.00,9.00,0.07,9,275.00,0.13,850,147.00,15.50,269.00,-0.20,9,275.00,0.70,442,114.00,11.70,257.00,-0.20,9,275.00,0.50,681,105.00,16.90,269.00
"2025-04-01 03:15:00",0.30,258.00,9.00,-0.03,9,276.00,0.16,799,117.00,15.90,257.00,0.30,9,276.00,0.70,478,99.00,12.90,255.00,0.20,9,276.00,0.50,615,81.00,16.60,257.00
"2025-04-01 03:30:00",0.10,165.00,9.00,0.04,9,274.00,0.16,850,117.00,16.80,273.00,0.10,9,274.00,0.70,489,99.00,13.50,271.00,-0.10,9,274.00,0.50,592,80.00,17.10,274.00
"2025-04-01 03:45:00",0.10,128.00,9.00,0.03,9,275.00,0.15,802,120.00,16.20,275.00,0.00,9,275.00,0.70,486,103.00,13.20,273.00,-0.10,9,275.00,0.50,667,90.00,17.10,275.00
"2025-04-01 04:00:00",0.20,260.00,9.00,-0.03,9,274.00,0.16,852,123.00,16.60,273.00,0.10,9,274.00,0.50,558,106.00,14.10,267.00,0.10,9,274.00,0.70,634,86.00,17.10,274.00
"2025-04-01 04:15:00",0.10,157.00,9.00,0.08,9,277.00,0.19,674,135.00,13.60,249.00,0.10,9,277.00,0.50,538,105.00,14.00,248.00,-0.10,9,277.00,0.60,546,92.00,14.90,254.00
"2025-04-01 04:30:00",0.30,148.00,9.00,0.07,9,273.00,0.17,749,136.00,14.60,272.00,0.10,9,273.00,0.70,546,118.00,13.00,273.00,-0.30,9,273.00,0.70,576,90.00,15.70,269.00
"2025-04-01 04:45:00",0.90,42.00,9.00,0.11,9,273.00,0.13,900,122.00,17.10,273.00,-0.90,9,273.00,0.90,449,111.00,11.80,269.00,-0.10,9,273.00,0.50,707,88.00,17.90,272.00
"2025-04-01 05:00:00",0.20,358.00,9.00,0.05,9,274.00,0.18,719,126.00,14.80,265.00,-0.10,9,274.00,0.70,530,102.00,14.10,273.00,0.10,9,274.00,0.70,605,88.00,16.50,273.00
"2025-04-01 05:15:00",0.30,64.00,9.00,0.02,9,275.00,0.21,632,126.00,13.50,248.00,-0.30,9,275.00,0.80,450,111.00,11.70,243.00,-0.10,9,275.00,0.60,591,93.00,15.50,253.00
"2025-04-01 05:30:00",0.40,13.00,9.00,0.03,9,274.00,0.15,758,136.00,15.20,266.00,-0.40,9,274.00,1.40,440,111.00,12.00,255.00,0.20,9,274.00,0.60,581,103.00,15.60,265.00
"2025-04-01 05:45:00",0.20,268.00,9.00,0.01,9,273.00,0.16,773,136.00,15.00,271.00,0.10,9,273.00,0.70,509,112.00,12.80,262.00,0.20,9,273.00,0.70,595,94.00,15.80,269.00
"2025-04-01 06:00:00",0.10,256.00,9.00,-0.06,9,274.00,0.14,773,114.00,16.20,274.00,0.10,9,274.00,0.50,570,96.00,15.30,273.00,0.10,9,274.00,0.50,673,87.00,17.50,274.00
"2025-04-01 06:15:00",0.10,86.00,9.00,-0.04,9,275.00,0.18,741,117.00,15.20,255.00,-0.10,9,275.00,0.60,572,99.00,14.60,255.00,-0.10,9,275.00,0.70,536,88.00,15.00,254.00
"2025-04-01 06:30:00",0.30,315.00,9.00,-0.05,9,273.00,0.14,723,112.00,15.90,272.00,0.00,9,273.00,0.60,559,96.00,15.10,271.00,0.30,9,273.00,0.50,706,81.00,18.60,273.00
"2025-04-01 06:45:00",0.30,310.00,9.00,-0.02,9,274.00,0.15,703,139.00,14.40,262.00,0.00,9,274.00,0.50,616,108.00,15.40,264.00,0.30,9,274.00,0.50,608,98.00,16.50,264.00
"2025-04-01 07:00:00",0.30,22.00,9.00,0.04,9,273.00,0.32,875,173.00,15.00,261.00,-0.30,9,273.00,0.60,573,132.00,12.80,256.00,0.10,9,273.00,0.60,708,122.00,16.40,258.00
"2025-04-01 07:15:00",0.30,195.00,9.00,0.05,9,276.00,0.16,775,121.00,15.30,255.00,0.30,9,276.00,1.10,629,119.00,13.30,253.00,-0.10,9,276.00,0.60,686,84.00,17.20,255.00
"2025-04-01 07:30:00",0.50,207.00,9.00,0.07,9,274.00,0.20,833,131.00,15.80,270.00,0.50,9,274.00,1.20,626,130.00,13.10,269.00,-0.10,9,274.00,0.70,714,95.00,17.30,272.00
"2025-04-01 07:45:00",0.20,342.00,9.00,0.02,9,274.00,0.18,800,130.00,15.40,271.00,-0.10,9,274.00,0.90,590,129.00,12.40,262.00,0.10,9,274.00,0.80,702,96.00,17.10,271.00
"2025-04-01 08:00:00",0.00,19.00,9.00,0.04,9,274.00,0.23,860,137.00,15.60,271.00,0.00,9,274.00,1.30,711,136.00,13.70,265.00,0.00,9,274.00,0.80,734,97.00,17.50,268.00
"2025-04-01 08:15:00",0.30,274.00,9.00,0.06,9,277.00,0.24,842,200.00,12.90,235.00,0.10,9,277.00,1.00,650,164.00,11.60,236.00,0.20,9,277.00,0.90,716,144.00,14.10,242.00
"2025-04-01 08:30:00",0.30,171.00,9.00,-0.01,9,274.00,0.23,931,144.00,15.90,268.00,0.20,9,274.00,1.30,686,134.00,13.70,271.00,-0.30,9,274.00,0.90,813,109.00,17.40,268.00
"2025-04-01 08:45:00",0.50,13.00,9.00,0.23,9,274.00,0.36,908,166.00,14.50,272.00,-0.50,9,274.00,1.50,836,152.00,14.30,272.00,0.20,9,274.00,1.50,789,134.00,15.30,268.00
"2025-04-01 09:00:00",0.50,353.00,9.00,-0.03,9,274.00,0.20,812,139.00,15.10,270.00,-0.40,9,274.00,0.80,635,124.00,13.90,269.00,0.40,9,274.00,0.70,700,95.00,17.10,270.00
"2025-04-01 09:15:00",0.50,33.00,9.00,-0.05,9,277.00,0.21,760,136.00,14.10,254.00,-0.50,9,277.00,1.00,544,127.00,11.80,243.00,0.00,9,277.00,0.70,628,100.00,15.10,252.00
"2025-04-01 09:30:00",0.90,346.00,9.00,-0.05,9,273.00,0.28,914,192.00,13.80,255.00,-0.50,9,273.00,1.30,821,171.00,13.50,261.00,0.70,9,273.00,1.00,810,149.00,15.20,267.00
"2025-04-01 09:45:00",0.90,6.00,9.00,-0.03,9,274.00,0.36,922,160.00,15.00,271.00,-0.70,9,274.00,1.60,793,135.00,14.80,272.00,0.50,9,274.00,1.30,784,124.00,15.90,267.00
"2025-04-01 10:00:00",1.10,359.00,9.00,-0.06,2,274.00,0.27,939,154.00,15.40,269.00,-0.80,2,274.00,1.50,718,143.00,13.50,271.00,0.70,2,274.00,1.10,776,116.00,16.30,270.00
"2025-04-01 10:15:00",0.50,323.00,9.00,0.14,9,276.00,0.33,799,153.00,13.80,251.00,-0.10,9,276.00,1.70,594,130.00,12.50,249.00,0.50,9,276.00,1.70,635,131.00,13.20,250.00
"2025-04-01 10:30:00",1.10,282.00,9.00,-0.05,2,275.00,0.28,742,140.00,14.30,267.00,0.50,2,275.00,1.90,616,127.00,13.30,267.00,1.00,2,275.00,1.80,602,122.00,14.20,268.00
"2025-04-01 10:45:00",0.50,273.00,9.00,0.10,9,276.00,0.46,806,183.00,13.60,250.00,0.30,9,276.00,2.40,617,155.00,12.30,247.00,0.40,9,276.00,1.50,661,146.00,13.70,252.00
"2025-04-01 11:00:00",1.10,262.00,9.00,0.02,2,275.00,0.37,818,174.00,13.70,266.00,0.80,2,275.00,2.50,687,154.00,13.00,258.00,0.70,2,275.00,1.70,645,142.00,13.60,265.00
"2025-04-01 11:15:00",1.40,288.00,9.00,0.08,2,278.00,0.46,808,157.00,13.60,252.00,0.50,2,278.00,2.00,643,132.00,12.90,254.00,1.30,2,278.00,2.50,631,138.00,12.80,255.00
"2025-04-01 11:30:00",1.30,299.00,9.00,-0.03,2,276.00,0.54,839,156.00,14.30,275.00,0.20,2,276.00,2.10,747,135.00,14.40,273.00,1.30,2,276.00,2.30,746,140.00,14.70,270.00
"2025-04-01 11:45:00",1.70,328.00,9.00,0.10,2,276.00,0.52,897,176.00,14.20,269.00,-0.60,2,276.00,2.70,710,138.00,13.90,276.00,1.60,2,276.00,2.90,731,144.00,14.00,274.00
"2025-04-01 12:00:00",1.30,286.00,9.00,0.16,2,276.00,0.55,819,162.00,14.10,270.00,0.50,2,276.00,2.60,757,144.00,13.90,274.00,1.20,2,276.00,3.00,664,145.00,13.40,272.00
"2025-04-01 12:15:00",0.90,285.00,9.00,0.03,2,278.00,0.36,716,172.00,12.20,245.00,0.30,2,278.00,2.30,580,151.00,11.50,235.00,0.80,2,278.00,1.80,590,151.00,12.00,237.00
"2025-04-01 12:30:00",0.90,283.00,9.00,0.01,2,275.00,0.34,742,142.00,14.30,269.00,0.40,2,275.00,1.90,551,119.00,13.10,268.00,0.80,2,275.00,1.90,560,110.00,14.20,269.00
"2025-04-01 12:45:00",0.90,269.00,9.00,-0.03,2,276.00,0.39,714,164.00,12.90,266.00,0.60,2,276.00,1.80,543,135.00,12.40,263.00,0.70,2,276.00,1.50,619,139.00,13.30,258.00
"2025-04-01 13:00:00",0.70,252.00,9.00,0.00,2,276.00,0.24,709,137.00,14.30,267.00,0.60,2,276.00,1.60,498,119.00,12.80,258.00,0.40,2,276.00,1.10,592,109.00,14.90,269.00
"2025-04-01 13:15:00",0.80,270.00,9.00,-0.04,2,278.00,0.30,660,140.00,12.90,252.00,0.50,2,278.00,1.90,525,120.00,12.40,249.00,0.70,2,278.00,1.20,572,112.00,13.70,252.00
"2025-04-01 13:30:00",1.30,289.00,9.00,-0.10,2,276.00,0.54,790,191.00,12.80,254.00,0.40,2,276.00,2.90,614,152.00,12.30,264.00,1.20,2,276.00,1.80,637,156.00,12.80,257.00
"2025-04-01 13:45:00",0.40,276.00,9.00,-0.02,9,275.00,0.22,645,133.00,13.80,268.00,0.20,9,275.00,1.80,459,104.00,12.80,268.00,0.30,9,275.00,0.80,593,107.00,14.80,268.00
"2025-04-01 14:00:00",0.70,284.00,9.00,0.01,2,276.00,0.30,755,136.00,14.70,271.00,0.30,2,276.00,2.00,569,121.00,13.40,267.00,0.60,2,276.00,1.60,646,117.00,15.00,271.00
"2025-04-01 14:15:00",0.50,300.00,9.00,0.01,9,278.00,0.34,648,134.00,13.10,251.00,0.10,9,278.00,1.70,538,116.00,12.60,250.00,0.50,9,278.00,1.40,578,106.00,14.40,253.00
"2025-04-01 14:30:00",1.00,290.00,9.00,0.03,9,276.00,0.35,684,144.00,13.50,269.00,0.30,9,276.00,2.00,523,122.00,12.60,268.00,0.90,9,276.00,1.80,568,115.00,14.00,267.00
"2025-04-01 14:45:00",0.90,304.00,9.00,-0.03,9,276.00,0.48,669,157.00,13.00,261.00,0.10,9,276.00,2.40,486,121.00,12.00,260.00,0.90,9,276.00,2.10,533,129.00,13.00,256.00
"2025-04-01 15:00:00",3.10,297.00,9.00,-0.06,2,276.00,0.69,761,175.00,12.70,265.00,0.60,2,276.00,3.30,630,148.00,12.50,270.00,3.00,2,276.00,4.20,628,155.00,12.30,269.00
"2025-04-01 15:15:00",1.30,270.00,9.00,-0.01,2,279.00,0.41,640,139.00,12.70,253.00,0.80,2,279.00,2.50,470,113.00,11.80,255.00,1.00,2,279.00,2.40,514,115.00,12.70,252.00
"2025-04-01 15:30:00",1.40,272.00,9.00,-0.06,2,276.00,0.49,659,149.00,12.80,270.00,0.80,2,276.00,3.30,541,127.00,12.40,269.00,1.10,2,276.00,2.40,591,135.00,13.00,264.00
"2025-04-01 15:45:00",0.80,290.00,9.00,0.00,2,277.00,0.30,641,134.00,13.50,269.00,0.20,2,277.00,1.70,497,116.00,12.60,264.00,0.70,2,277.00,2.20,555,122.00,13.50,268.00
"2025-04-01 16:00:00",0.50,243.00,9.00,0.03,2,276.00,0.28,620,128.00,13.50,267.00,0.50,2,276.00,1.80,462,114.00,12.20,262.00,0.20,2,276.00,1.30,537,108.00,14.00,267.00
"2025-04-01 16:15:00",0.50,254.00,9.00,-0.02,2,277.00,0.25,622,151.00,12.20,236.00,0.40,2,277.00,1.80,419,115.00,11.10,238.00,0.30,2,277.00,0.80,503,120.00,12.60,237.00
"2025-04-01 16:30:00",0.40,280.00,9.00,-0.02,2,276.00,0.25,591,125.00,13.30,266.00,0.20,2,276.00,1.30,425,102.00,12.40,265.00,0.40,2,276.00,0.90,492,102.00,13.70,269.00
"2025-04-01 16:45:00",0.30,274.00,9.00,-0.01,2,276.00,0.26,609,124.00,13.70,267.00,0.20,2,276.00,1.50,408,99.00,12.20,265.00,0.30,2,276.00,0.80,518,100.00,14.20,269.00
"2025-04-01 17:00:00",0.40,264.00,9.00,0.00,2,276.00,0.22,610,119.00,14.00,266.00,0.30,2,276.00,1.10,425,103.00,12.40,263.00,0.30,2,276.00,0.90,503,95.00,14.40,267.00
"2025-04-01 17:15:00",0.40,261.00,9.00,0.04,9,277.00,0.22,597,125.00,13.10,253.00,0.30,9,277.00,1.30,396,111.00,10.80,238.00,0.30,9,277.00,1.00,474,106.00,12.70,244.00
"2025-04-01 17:30:00",0.40,261.00,9.00,0.03,9,276.00,0.21,606,115.00,14.20,272.00,0.30,9,276.00,1.00,417,101.00,12.40,263.00,0.20,9,276.00,0.70,535,90.00,15.20,272.00
"2025-04-01 17:45:00",0.30,263.00,9.00,0.01,9,276.00,0.22,640,131.00,14.00,265.00,0.20,9,276.00,1.00,426,110.00,12.10,258.00,0.20,9,276.00,0.60,553,105.00,14.80,268.00
"2025-04-01 18:00:00",0.20,228.00,9.00,0.05,9,276.00,0.20,628,117.00,14.40,273.00,0.20,9,276.00,0.90,422,94.00,12.90,265.00,0.00,9,276.00,0.60,501,92.00,14.70,266.00
"2025-04-01 18:15:00",0.10,230.00,9.00,0.07,9,277.00,0.19,588,114.00,13.60,254.00,0.10,9,277.00,0.80,404,94.00,12.20,253.00,0.00,9,277.00,0.70,549,83.00,15.60,256.00
"2025-04-01 18:30:00",0.20,222.00,9.00,0.07,9,274.00,0.21,665,152.00,13.60,252.00,0.20,9,274.00,0.80,450,116.00,12.20,246.00,0.00,9,274.00,0.70,584,116.00,14.90,253.00
"2025-04-01 18:45:00",0.40,238.00,9.00,0.04,9,274.00,0.20,636,115.00,14.50,273.00,0.40,9,274.00,0.80,411,95.00,12.40,267.00,0.10,9,274.00,0.60,563,87.00,15.90,271.00
"2025-04-01 19:00:00",0.20,253.00,9.00,0.05,9,274.00,0.19,653,115.00,14.70,273.00,0.20,9,274.00,0.90,436,99.00,12.60,263.00,0.10,9,274.00,0.60,588,85.00,16.60,272.00
"2025-04-01 19:15:00",0.30,228.00,9.00,0.03,9,276.00,0.20,621,139.00,12.70,246.00,0.30,9,276.00,0.90,419,117.00,10.70,246.00,0.10,9,276.00,0.70,531,107.00,13.70,248.00
"2025-04-01 19:30:00",0.50,239.00,9.00,0.00,9,274.00,0.22,677,126.00,14.30,273.00,0.50,9,274.00,1.00,438,111.00,11.70,266.00,0.20,9,274.00,0.70,565,91.00,15.60,273.00
"2025-04-01 19:45:00",0.30,261.00,9.00,0.01,9,274.00,0.19,675,114.00,15.10,271.00,0.30,9,274.00,0.80,444,108.00,12.10,269.00,0.20,9,274.00,0.70,548,84.00,16.00,271.00
"2025-04-01 20:00:00",0.30,245.00,9.00,0.02,9,274.00,0.20,698,118.00,15.10,273.00,0.20,9,274.00,0.90,439,108.00,12.00,263.00,0.10,9,274.00,0.70,562,86.00,15.90,271.00
"2025-04-01 20:15:00",0.20,241.00,9.00,0.02,9,276.00,0.21,640,115.00,14.10,256.00,0.20,9,276.00,0.80,424,102.00,11.80,245.00,0.10,9,276.00,0.70,529,81.00,15.40,255.00
"2025-04-01 20:30:00",0.10,344.00,9.00,0.04,9,274.00,0.18,678,118.00,14.80,273.00,-0.10,9,274.00,0.80,448,101.00,12.70,265.00,0.10,9,274.00,0.60,571,89.00,15.80,271.00
"2025-04-01 20:45:00",0.10,308.00,9.00,0.05,9,274.00,0.21,741,174.00,13.80,252.00,0.00,9,274.00,0.90,505,135.00,12.40,251.00,0.10,9,274.00,0.70,629,142.00,14.50,245.00
"2025-04-01 21:00:00",0.30,267.00,9.00,0.03,9,273.00,0.20,709,128.00,14.60,270.00,0.20,9,273.00,1.00,462,112.00,12.40,260.00,0.20,9,273.00,0.70,567,112.00,14.20,261.00
"2025-04-01 21:15:00",0.40,248.00,9.00,0.03,9,277.00,0.20,653,126.00,13.50,250.00,0.30,9,277.00,1.10,471,112.00,11.90,251.00,0.20,9,277.00,0.70,549,121.00,12.70,245.00
"2025-04-01 21:30:00",1.20,264.00,9.00,0.01,9,274.00,0.29,763,157.00,13.80,264.00,0.80,9,274.00,1.20,592,144.00,12.50,248.00,0.80,9,274.00,1.40,672,159.00,12.80,250.00
"2025-04-01 21:45:00",1.00,269.00,9.00,0.06,9,274.00,0.25,799,137.00,15.10,269.00,0.60,9,274.00,1.50,577,118.00,13.70,269.00,0.80,9,274.00,1.40,651,127.00,14.10,269.00
"2025-04-01 22:00:00",0.60,274.00,9.00,0.08,9,273.00,0.23,796,155.00,14.60,255.00,0.40,9,273.00,1.30,578,121.00,13.80,259.00,0.50,9,273.00,1.20,645,134.00,14.20,259.00
"2025-04-01 22:15:00",0.80,260.00,9.00,0.03,9,277.00,0.25,764,168.00,13.30,243.00,0.60,9,277.00,1.40,560,135.00,12.20,245.00,0.50,9,277.00,1.00,639,138.00,13.50,246.00
"2025-04-01 22:30:00",0.70,268.00,9.00,0.01,9,273.00,0.24,751,129.00,15.10,269.00,0.40,9,273.00,1.00,515,107.00,13.40,263.00,0.50,9,273.00,1.00,623,99.00,15.80,267.00
"2025-04-01 22:45:00",0.80,265.00,9.00,0.02,9,275.00,0.26,762,133.00,14.90,270.00,0.50,9,275.00,1.50,563,115.00,13.40,269.00,0.60,9,275.00,0.90,636,100.00,16.00,270.00
"2025-04-01 23:00:00",1.10,264.00,9.00,-0.08,9,274.00,0.28,753,137.00,14.60,266.00,0.80,9,274.00,1.60,582,121.00,13.20,260.00,0.80,9,274.00,1.00,610,105.00,15.20,268.00
"2025-04-01 23:15:00",0.60,263.00,9.00,-0.01,9,276.00,0.19,743,123.00,14.80,251.00,0.40,9,276.00,1.30,476,107.00,12.30,250.00,0.40,9,276.00,0.80,576,87.00,15.50,253.00
"2025-04-01 23:30:00",0.60,270.00,9.00,0.03,9,273.00,0.26,775,184.00,13.20,250.00,0.40,9,273.00,1.50,569,138.00,12.40,254.00,0.50,9,273.00,1.00,656,145.00,14.00,250.00
"2025-04-01 23:45:00",0.40,256.00,9.00,0.01,9,274.00,0.21,706,119.00,15.00,270.00,0.30,9,274.00,1.30,488,103.00,13.20,267.00,0.20,9,274.00,0.70,572,89.00,15.80,270.00
"2025-04-02 00:00:00",0.20,299.00,9.00,0.02,9,274.00,0.21,766,175.00,13.70,243.00,0.00,9,274.00,0.90,478,125.00,11.90,257.00,0.20,9,274.00,0.60,675,130.00,15.20,253.00
"2025-04-02 00:15:00",0.40,272.00,9.00,-0.01,9,277.00,0.22,663,124.00,13.80,254.00,0.20,9,277.00,1.10,442,103.00,12.00,247.00,0.30,9,277.00,0.70,536,91.00,14.50,252.00
"2025-04-02 00:30:00",0.50,262.00,9.00,-0.02,9,274.00,0.21,670,120.00,14.70,269.00,0.40,9,274.00,1.00,470,97.00,13.40,271.00,0.40,9,274.00,0.70,558,87.00,15.80,269.00
"2025-04-02 00:45:00",0.30,260.00,9.00,0.03,9,274.00,0.22,732,164.00,13.40,253.00,0.20,9,274.00,1.00,471,121.00,12.00,248.00,0.20,9,274.00,0.70,608,123.00,14.60,256.00
"2025-04-02 01:00:00",0.40,265.00,9.00,0.00,9,275.00,0.16,706,117.00,15.30,270.00,0.30,9,275.00,0.90,444,92.00,13.40,271.00,0.30,9,275.00,0.70,597,89.00,16.30,275.00
"2025-04-02 01:15:00",0.60,305.00,9.00,-0.02,9,276.00,0.26,857,353.00,9.30,168.00,0.00,9,276.00,2.80,726,334.00,8.30,141.00,0.60,9,276.00,0.90,853,391.00,8.90,141.00
"2025-04-02 01:30:00",0.50,276.00,9.00,-0.02,9,274.00,0.22,854,269.00,10.90,207.00,0.30,9,274.00,1.00,631,250.00,9.00,181.00,0.40,9,274.00,0.70,754,280.00,10.00,189.00
"2025-04-02 01:45:00",1.30,275.00,9.00,-0.08,9,274.00,0.32,918,299.00,10.70,215.00,0.70,9,274.00,1.60,722,290.00,8.90,171.00,1.10,9,274.00,1.60,830,329.00,9.50,175.00
"2025-04-02 02:00:00",0.80,239.00,9.00,0.01,9,274.00,0.19,828,157.00,14.80,262.00,0.70,9,274.00,1.40,558,135.00,12.50,256.00,0.30,9,274.00,0.80,717,130.00,15.40,263.00
"2025-04-02 02:15:00",1.80,234.00,9.00,-0.01,9,277.00,0.23,797,135.00,14.70,253.00,1.70,9,277.00,2.10,594,126.00,12.70,254.00,0.50,9,277.00,0.90,664,104.00,15.40,252.00
"2025-04-02 02:30:00",1.60,251.00,9.00,-0.04,9,274.00,0.36,891,159.00,15.10,268.00,1.30,9,274.00,1.80,656,139.00,13.40,266.00,0.90,9,274.00,1.40,735,146.00,14.40,257.00
"2025-04-02 02:45:00",1.70,241.00,9.00,-0.01,9,274.00,0.24,951,237.00,13.30,241.00,1.50,9,274.00,1.70,695,225.00,11.20,204.00,0.70,9,274.00,1.00,799,248.00,12.50,204.00
"2025-04-02 03:00:00",1.80,249.00,9.00,-0.01,9,275.00,0.32,1013,365.00,9.30,198.00,1.50,9,275.00,2.20,823,354.00,7.60,145.00,0.90,9,275.00,1.20,900,408.00,7.50,142.00
"2025-04-02 03:15:00",1.70,262.00,9.00,-0.06,9,277.00,0.27,935,256.00,11.90,233.00,1.20,9,277.00,1.40,737,236.00,10.50,215.00,1.20,9,277.00,1.30,832,265.00,11.00,215.00
"2025-04-02 03:30:00",1.30,259.00,9.00,-0.01,9,274.00,0.22,953,191.00,14.30,256.00,0.90,9,274.00,1.10,761,176.00,12.90,249.00,0.80,9,274.00,1.00,827,191.00,13.50,245.00
"2025-04-02 03:45:00",0.60,218.00,9.00,0.06,9,275.00,0.18,990,142.00,16.60,272.00,0.60,9,275.00,0.80,714,116.00,15.50,271.00,0.00,9,275.00,0.70,878,112.00,17.70,274.00
"2025-04-02 04:00:00",1.30,238.00,9.00,0.03,9,274.00,0.24,1011,152.00,16.20,273.00,1.20,9,274.00,1.40,829,133.00,15.40,273.00,0.40,9,274.00,0.90,942,115.00,18.00,272.00
"2025-04-02 04:15:00",1.50,253.00,9.00,-0.02,9,276.00,0.19,932,138.00,15.70,254.00,1.20,9,276.00,1.20,655,120.00,13.90,255.00,0.80,9,276.00,0.90,816,105.00,16.80,257.00
"2025-04-02 04:30:00",2.10,241.00,9.00,0.03,9,274.00,0.22,1141,160.00,16.70,272.00,1.90,9,274.00,1.60,880,154.00,14.70,274.00,0.80,9,274.00,0.90,946,131.00,17.10,270.00
"2025-04-02 04:45:00",0.70,238.00,9.00,0.04,9,274.00,0.22,1062,173.00,15.60,268.00,0.70,9,274.00,1.00,851,163.00,13.90,267.00,0.20,9,274.00,0.70,867,125.00,17.00,271.00
"2025-04-02 05:00:00",0.90,257.00,9.00,-0.02,9,273.00,0.21,1104,156.00,16.70,272.00,0.70,9,273.00,1.10,757,146.00,13.80,268.00,0.60,9,273.00,0.80,831,118.00,16.70,271.00
"2025-04-02 05:15:00",0.90,266.00,9.00,0.09,9,276.00,0.22,1030,160.00,15.30,251.00,0.60,9,276.00,1.10,691,147.00,12.60,252.00,0.60,9,276.00,0.80,821,115.00,16.20,252.00
"2025-04-02 05:30:00",0.20,302.00,9.00,0.04,9,273.00,0.15,1042,145.00,16.90,270.00,0.00,9,273.00,0.70,553,134.00,12.20,262.00,0.20,9,273.00,0.60,615,107.00,15.00,268.00
"2025-04-02 05:45:00",0.20,299.00,9.00,0.02,9,274.00,0.15,918,152.00,15.30,271.00,0.00,9,274.00,0.90,516,138.00,11.30,263.00,0.20,9,274.00,0.70,612,114.00,14.50,269.00
"2025-04-02 06:00:00",0.70,256.00,9.00,0.07,9,273.00,0.18,1013,164.00,15.90,270.00,0.50,9,273.00,1.10,669,156.00,12.20,264.00,0.40,9,273.00,0.70,787,126.00,15.60,271.00
"2025-04-02 06:15:00",1.00,260.00,9.00,0.02,9,276.00,0.19,1138,167.00,15.90,254.00,0.70,9,276.00,0.90,798,148.00,13.60,251.00,0.70,9,276.00,0.80,878,125.00,15.80,256.00
"2025-04-02 06:30:00",0.40,291.00,9.00,0.06,9,273.00,0.19,1137,160.00,16.70,272.00,0.10,9,273.00,0.90,832,151.00,14.30,270.00,0.40,9,273.00,0.80,944,125.00,17.30,273.00
"2025-04-02 06:45:00",0.40,343.00,9.00,0.04,9,273.00,0.18,1104,156.00,16.70,272.00,-0.20,9,273.00,0.90,712,139.00,13.80,271.00,0.30,9,273.00,0.70,813,115.00,16.70,273.00
"2025-04-02 07:00:00",0.50,16.00,9.00,0.11,9,274.00,0.21,995,158.00,15.80,272.00,-0.50,9,274.00,0.90,751,148.00,13.70,272.00,0.20,9,274.00,0.90,880,133.00,16.40,270.00
"2025-04-02 07:15:00",0.60,350.00,9.00,0.08,9,275.00,0.24,985,145.00,15.70,256.00,-0.40,9,275.00,1.10,822,131.00,14.80,254.00,0.40,9,275.00,0.90,866,124.00,16.10,254.00
"2025-04-02 07:30:00",0.50,285.00,9.00,0.00,9,274.00,0.22,978,270.00,11.40,237.00,0.20,9,274.00,0.80,828,262.00,10.10,204.00,0.50,9,274.00,0.90,877,278.00,10.80,213.00
"2025-04-02 07:45:00",0.20,189.00,9.00,0.02,9,275.00,0.17,949,141.00,16.40,272.00,0.20,9,275.00,0.70,688,115.00,15.30,269.00,-0.10,9,275.00,0.70,808,113.00,17.00,269.00
"2025-04-02 08:00:00",0.40,101.00,9.00,0.04,9,274.00,0.14,953,141.00,16.40,273.00,-0.20,9,274.00,0.60,636,111.00,15.00,268.00,-0.40,9,274.00,0.60,705,105.00,16.30,266.00
"2025-04-02 08:15:00",0.20,169.00,9.00,-0.04,9,275.00,0.20,996,151.00,15.60,255.00,0.10,9,275.00,0.80,745,130.00,14.20,249.00,-0.10,9,275.00,0.90,797,113.00,16.00,256.00
"2025-04-02 08:30:00",0.20,105.00,9.00,0.02,9,275.00,0.18,926,132.00,16.50,273.00,-0.10,9,275.00,0.80,580,108.00,14.20,271.00,-0.10,9,275.00,0.70,797,102.00,17.70,272.00
"2025-04-02 08:45:00",0.10,205.00,9.00,-0.05,9,274.00,0.18,849,203.00,14.10,247.00,0.10,9,274.00,0.80,536,142.00,12.30,239.00,0.00,9,274.00,0.60,711,136.00,15.70,254.00
"2025-04-02 09:00:00",0.30,97.00,9.00,-0.04,9,274.00,0.18,810,157.00,14.60,265.00,-0.10,9,274.00,0.80,574,123.00,13.20,260.00,-0.20,9,274.00,0.70,668,121.00,15.50,261.00
"2025-04-02 09:15:00",0.40,12.00,9.00,-0.05,9,276.00,0.27,787,236.00,11.20,210.00,-0.30,9,276.00,1.80,580,212.00,9.60,182.00,0.20,9,276.00,0.90,651,220.00,10.70,187.00
"2025-04-02 09:30:00",0.70,261.00,9.00,-0.06,9,274.00,0.22,905,362.00,8.60,170.00,0.50,9,274.00,1.20,699,360.00,6.10,87.00,0.40,9,274.00,0.80,824,429.00,6.20,86.00
"2025-04-02 09:45:00",1.30,235.00,9.00,-0.04,9,274.00,0.25,838,179.00,13.90,259.00,1.30,9,274.00,1.50,594,166.00,11.50,237.00,0.40,9,274.00,0.90,723,165.00,14.00,242.00
"2025-04-02 10:00:00",0.80,234.00,9.00,0.01,2,274.00,0.21,782,163.00,14.20,254.00,0.70,2,274.00,1.30,544,136.00,12.30,252.00,0.20,2,274.00,0.80,662,128.00,15.30,252.00
"2025-04-02 10:15:00",0.30,216.00,9.00,0.00,2,276.00,0.18,773,149.00,14.20,248.00,0.30,2,276.00,0.70,489,124.00,12.00,242.00,0.00,2,276.00,0.60,644,108.00,15.60,251.00
"2025-04-02 10:30:00",0.20,236.00,9.00,-0.01,9,274.00,0.17,756,119.00,15.80,270.00,0.20,9,274.00,0.80,462,96.00,13.40,264.00,0.10,9,274.00,0.60,631,85.00,17.30,265.00
"2025-04-02 10:45:00",0.20,233.00,9.00,-0.03,9,275.00,0.19,737,121.00,15.40,272.00,0.20,9,275.00,0.80,474,98.00,13.40,262.00,0.10,9,275.00,0.70,620,86.00,17.00,272.00
"2025-04-02 11:00:00",0.40,210.00,9.00,0.05,9,274.00,0.24,763,141.00,14.90,268.00,0.40,9,274.00,1.80,530,118.00,12.90,261.00,-0.10,9,274.00,0.80,640,99.00,16.20,267.00
"2025-04-02 11:15:00",0.10,273.00,9.00,0.07,9,276.00,0.43,736,160.00,12.60,250.00,0.10,9,276.00,1.90,621,156.00,11.30,243.00,0.10,9,276.00,1.30,601,122.00,13.20,250.00
"2025-04-02 11:30:00",0.40,252.00,9.00,0.06,9,274.00,0.25,767,193.00,12.40,253.00,0.30,9,274.00,1.50,546,173.00,9.90,240.00,0.20,9,274.00,1.00,625,157.00,12.60,242.00
"2025-04-02 11:45:00",0.40,237.00,9.00,0.12,9,275.00,0.33,751,146.00,14.00,269.00,0.40,9,275.00,1.50,564,141.00,11.60,261.00,0.10,9,275.00,1.10,591,115.00,14.10,270.00
"2025-04-02 12:00:00",1.70,256.00,9.00,0.23,2,275.00,0.56,920,169.00,14.50,269.00,1.30,2,275.00,3.20,828,169.00,13.30,275.00,1.10,2,275.00,2.40,703,138.00,14.00,273.00
"2025-04-02 12:15:00",0.70,324.00,9.00,0.12,9,278.00,0.36,698,130.00,14.00,251.00,-0.20,9,278.00,1.40,522,102.00,13.20,251.00,0.60,9,278.00,2.50,522,102.00,13.90,252.00
"2025-04-02 12:30:00",0.50,299.00,9.00,0.00,9,276.00,0.23,709,158.00,13.70,253.00,0.10,9,276.00,1.20,540,139.00,12.50,236.00,0.50,9,276.00,1.10,623,146.00,14.10,238.00
"2025-04-02 12:45:00",0.50,264.00,9.00,0.05,9,276.00,0.28,771,188.00,13.40,253.00,0.30,9,276.00,1.30,556,142.00,12.60,252.00,0.30,9,276.00,1.10,648,145.00,14.10,252.00
"2025-04-02 13:00:00",1.50,304.00,9.00,-0.05,2,274.00,0.31,792,184.00,13.00,254.00,0.10,2,274.00,1.50,621,159.00,12.10,245.00,1.50,2,274.00,2.00,693,182.00,12.30,248.00
"2025-04-02 13:15:00",0.90,311.00,9.00,0.06,2,276.00,0.33,728,137.00,13.90,245.00,0.00,2,276.00,1.10,494,99.00,13.30,249.00,0.90,2,276.00,1.80,565,110.00,14.00,246.00
"2025-04-02 13:30:00",1.00,264.00,9.00,0.08,2,276.00,0.34,742,176.00,12.90,245.00,0.70,2,276.00,2.10,553,158.00,11.30,235.00,0.70,2,276.00,1.70,625,181.00,11.80,230.00
"2025-04-02 13:45:00",0.90,238.00,9.00,-0.04,2,276.00,0.24,817,177.00,14.10,256.00,0.90,2,276.00,1.00,597,162.00,12.50,240.00,0.30,2,276.00,0.90,701,174.00,13.90,232.00
"2025-04-02 14:00:00",0.50,236.00,9.00,0.06,9,274.00,0.31,807,147.00,15.10,260.00,0.50,9,274.00,1.20,644,119.00,14.70,263.00,0.20,9,274.00,0.80,687,110.00,16.40,265.00
"2025-04-02 14:15:00",0.40,297.00,9.00,0.03,9,276.00,0.28,751,176.00,13.00,241.00,0.10,9,276.00,1.20,551,136.00,12.20,232.00,0.40,9,276.00,1.10,612,134.00,13.70,236.00
"2025-04-02 14:30:00",0.50,338.00,9.00,0.01,9,276.00,0.23,759,141.00,14.40,270.00,-0.30,9,276.00,1.20,500,104.00,13.30,268.00,0.50,9,276.00,1.40,616,107.00,15.30,270.00
"2025-04-02 14:45:00",0.70,283.00,9.00,0.00,2,276.00,0.27,690,166.00,12.20,258.00,0.30,2,276.00,1.50,508,120.00,12.40,262.00,0.60,2,276.00,1.80,558,122.00,13.30,263.00
"2025-04-02 15:00:00",0.80,293.00,9.00,0.03,9,275.00,0.31,732,182.00,11.70,249.00,0.20,9,275.00,1.80,589,138.00,12.30,260.00,0.80,9,275.00,2.00,592,132.00,13.00,262.00
"2025-04-02 15:15:00",1.20,251.00,9.00,-0.04,2,278.00,0.41,657,171.00,11.30,240.00,1.00,2,278.00,3.20,470,134.00,10.60,240.00,0.60,2,278.00,1.80,530,124.00,12.20,247.00
"2025-04-02 15:30:00",0.80,288.00,9.00,0.04,2,276.00,0.43,696,166.00,12.70,258.00,0.30,2,276.00,2.60,524,141.00,11.50,255.00,0.80,2,276.00,2.30,559,140.00,12.50,256.00
"2025-04-02 15:45:00",0.70,340.00,9.00,0.07,2,276.00,0.41,650,128.00,14.00,268.00,-0.40,2,276.00,2.30,445,111.00,12.30,261.00,0.60,2,276.00,2.00,497,106.00,13.50,266.00
"2025-04-02 16:00:00",1.10,239.00,9.00,0.04,2,275.00,0.47,691,146.00,13.50,269.00,1.00,2,275.00,3.10,523,120.00,12.80,269.00,0.40,2,275.00,1.50,593,117.00,14.40,266.00
"2025-04-02 16:15:00",0.60,239.00,9.00,-0.01,9,278.00,0.25,603,115.00,14.00,253.00,0.60,9,278.00,1.50,417,93.00,12.60,252.00,0.20,9,278.00,0.80,479,83.00,14.80,252.00
"2025-04-02 16:30:00",0.50,232.00,9.00,0.06,9,276.00,0.29,653,125.00,14.30,271.00,0.50,9,276.00,1.60,495,106.00,13.20,272.00,0.10,9,276.00,1.10,546,97.00,15.00,270.00
"2025-04-02 16:45:00",0.40,327.00,9.00,0.01,9,275.00,0.21,638,127.00,14.10,266.00,-0.10,9,275.00,1.00,419,100.00,12.60,263.00,0.40,9,275.00,1.20,520,104.00,14.20,263.00
"2025-04-02 17:00:00",0.50,295.00,9.00,0.06,9,276.00,0.35,645,122.00,14.30,270.00,0.10,9,276.00,1.90,458,98.00,13.10,270.00,0.50,9,276.00,1.70,536,102.00,14.60,271.00
"2025-04-02 17:15:00",0.20,298.00,9.00,0.06,9,278.00,0.22,572,108.00,13.70,253.00,0.00,9,278.00,1.20,415,89.00,12.60,250.00,0.20,9,278.00,0.90,499,86.00,14.60,253.00
"2025-04-02 17:30:00",0.20,293.00,9.00,0.04,9,274.00,0.20,582,106.00,14.50,267.00,0.10,9,274.00,0.90,371,85.00,12.50,264.00,0.20,9,274.00,0.80,481,80.00,15.30,271.00
"2025-04-02 17:45:00",0.20,263.00,9.00,0.03,9,274.00,0.19,593,102.00,14.90,268.00,0.10,9,274.00,0.70,393,82.00,13.40,269.00,0.10,9,274.00,0.60,504,76.00,16.10,272.00
"2025-04-02 18:00:00",0.30,236.00,9.00,0.05,9,274.00,0.16,645,102.00,15.60,269.00,0.30,9,274.00,0.80,386,89.00,12.50,265.00,0.10,9,274.00,0.70,498,74.00,16.30,274.00
"2025-04-02 18:15:00",0.10,314.00,9.00,0.03,9,276.00,0.20,583,123.00,13.30,247.00,0.00,9,276.00,0.80,380,104.00,11.10,241.00,0.10,9,276.00,0.60,482,92.00,14.60,243.00
"2025-04-02 18:30:00",0.30,234.00,9.00,0.02,9,274.00,0.19,624,111.00,14.70,270.00,0.30,9,274.00,0.80,392,98.00,11.80,264.00,0.10,9,274.00,0.70,521,78.00,16.20,271.00
"2025-04-02 18:45:00",0.40,240.00,9.00,0.02,9,274.00,0.19,668,168.00,12.70,243.00,0.40,9,274.00,0.80,444,154.00,10.10,211.00,0.20,9,274.00,0.60,581,163.00,12.80,223.00
"2025-04-02 19:00:00",0.90,248.00,9.00,0.01,9,274.00,0.21,754,123.00,15.60,273.00,0.80,9,274.00,1.10,519,109.00,13.40,270.00,0.40,9,274.00,0.90,615,91.00,16.40,269.00
"2025-04-02 19:15:00",0.70,237.00,9.00,0.04,9,276.00,0.19,698,107.00,15.40,257.00,0.70,9,276.00,1.00,444,96.00,12.70,250.00,0.20,9,276.00,0.70,538,83.00,15.30,252.00
"2025-04-02 19:30:00",0.60,245.00,9.00,0.04,9,274.00,0.20,713,116.00,15.40,273.00,0.50,9,274.00,0.90,485,88.00,14.50,270.00,0.30,9,274.00,0.70,581,85.00,16.50,271.00
"2025-04-02 19:45:00",1.50,238.00,9.00,0.04,9,274.00,0.24,903,169.00,14.60,264.00,1.40,9,274.00,1.50,627,131.00,13.60,265.00,0.50,9,274.00,1.00,709,124.00,15.50,264.00
"2025-04-02 20:00:00",1.50,237.00,9.00,0.03,9,274.00,0.24,852,150.00,14.80,270.00,1.40,9,274.00,1.50,634,125.00,13.80,269.00,0.50,9,274.00,1.00,676,107.00,15.70,269.00
"2025-04-02 20:15:00",1.10,239.00,9.00,-0.03,9,276.00,0.17,722,114.00,15.20,253.00,1.00,9,276.00,1.30,448,96.00,12.70,250.00,0.40,9,276.00,0.70,542,81.00,15.60,254.00
"2025-04-02 20:30:00",1.10,244.00,9.00,-0.01,9,274.00,0.22,792,218.00,12.20,230.00,1.00,9,274.00,1.40,577,210.00,9.80,188.00,0.50,9,274.00,0.80,679,235.00,11.10,191.00
"2025-04-02 20:45:00",1.80,238.00,9.00,0.00,9,273.00,0.24,905,131.00,16.50,273.00,1.70,9,273.00,1.70,596,118.00,13.70,272.00,0.60,9,273.00,0.80,729,98.00,17.10,272.00
"2025-04-02 21:00:00",1.50,241.00,9.00,0.04,9,275.00,0.27,838,133.00,15.70,272.00,1.40,9,275.00,1.50,595,117.00,13.90,273.00,0.60,9,275.00,0.90,669,101.00,16.20,270.00
"2025-04-02 21:15:00",1.50,240.00,9.00,-0.01,9,276.00,0.24,754,135.00,14.30,250.00,1.40,9,276.00,1.60,546,113.00,13.00,252.00,0.60,9,276.00,1.00,611,103.00,14.90,252.00
"2025-04-02 21:30:00",1.40,239.00,9.00,0.00,9,274.00,0.24,838,169.00,13.80,264.00,1.30,9,274.00,1.30,637,140.00,12.90,267.00,0.50,9,274.00,0.80,698,120.00,15.30,270.00
"2025-04-02 21:45:00",1.40,248.00,9.00,0.04,9,274.00,0.21,891,138.00,15.90,273.00,1.20,9,274.00,1.20,673,125.00,14.30,273.00,0.70,9,274.00,1.00,713,103.00,16.40,273.00
"2025-04-02 22:00:00",1.30,239.00,9.00,0.08,9,274.00,0.22,954,141.00,16.20,271.00,1.20,9,274.00,1.10,722,137.00,14.10,271.00,0.50,9,274.00,0.80,803,112.00,16.80,268.00
"2025-04-02 22:15:00",1.20,254.00,9.00,0.06,9,276.00,0.21,830,126.00,15.50,255.00,1.00,9,276.00,1.00,614,108.00,14.20,256.00,0.70,9,276.00,1.00,664,102.00,15.40,252.00
"2025-04-02 22:30:00",0.50,259.00,9.00,0.04,9,273.00,0.16,882,135.00,16.10,273.00,0.30,9,273.00,0.80,526,112.00,13.10,269.00,0.30,9,273.00,0.70,750,104.00,16.90,271.00
"2025-04-02 22:45:00",1.10,262.00,9.00,0.00,9,274.00,0.23,885,257.00,11.80,240.00,0.80,9,274.00,1.40,658,235.00,9.80,202.00,0.80,9,274.00,1.00,760,272.00,10.20,200.00
"2025-04-02 23:00:00",1.20,245.00,9.00,0.01,9,274.00,0.25,1009,400.00,8.20,190.00,1.10,9,274.00,1.40,742,375.00,5.90,100.00,0.50,9,274.00,1.10,878,442.00,6.10,103.00
"2025-04-02 23:15:00",1.30,245.00,9.00,-0.03,9,276.00,0.25,927,176.00,14.50,253.00,1.20,9,276.00,1.10,655,153.00,12.80,241.00,0.60,9,276.00,0.90,787,166.00,14.20,239.00
"2025-04-02 23:30:00",1.30,238.00,9.00,0.04,9,274.00,0.22,895,140.00,15.80,274.00,1.20,9,274.00,1.10,754,129.00,15.00,273.00,0.50,9,274.00,0.90,792,111.00,16.80,274.00
"2025-04-02 23:45:00",0.10,80.00,9.00,0.11,9,274.00,0.24,906,152.00,15.20,270.00,-0.10,9,274.00,1.00,701,130.00,14.10,271.00,-0.10,9,274.00,0.90,706,111.00,15.70,272.00
"2025-04-03 00:00:00",0.40,64.00,9.00,0.03,9,274.00,0.24,956,152.00,15.70,274.00,-0.40,9,274.00,1.00,834,133.00,15.50,274.00,-0.20,9,274.00,0.90,772,107.00,16.90,272.00
"2025-04-03 00:15:00",0.80,99.00,9.00,0.09,9,276.00,0.19,786,148.00,13.90,251.00,-0.40,9,276.00,0.70,568,113.00,13.20,250.00,-0.70,9,276.00,0.70,785,99.00,17.20,253.00
"2025-04-03 00:30:00",0.60,83.00,9.00,0.10,9,275.00,0.22,767,194.00,12.60,255.00,-0.40,9,275.00,0.60,589,139.00,12.60,259.00,-0.40,9,275.00,0.50,774,133.00,15.70,265.00
"2025-04-03 00:45:00",0.80,93.00,9.00,0.06,9,274.00,0.16,725,126.00,14.70,273.00,-0.50,9,274.00,0.40,573,101.00,15.00,274.00,-0.60,9,274.00,0.50,666,89.00,17.20,274.00
"2025-04-03 01:00:00",1.30,81.00,9.00,0.13,9,274.00,0.14,745,122.00,15.50,271.00,-0.90,9,274.00,0.50,461,96.00,13.30,268.00,-0.90,9,274.00,0.30,722,82.00,18.80,273.00
"2025-04-03 01:15:00",0.50,51.00,9.00,0.03,9,277.00,0.19,641,126.00,13.40,256.00,-0.40,9,277.00,0.50,546,104.00,13.80,257.00,-0.10,9,277.00,0.30,777,88.00,18.10,257.00
"2025-04-03 01:30:00",0.60,34.00,9.00,0.05,9,274.00,0.21,799,144.00,14.60,272.00,-0.60,9,274.00,0.60,737,121.00,15.00,269.00,0.00,9,274.00,0.70,778,111.00,16.90,272.00
"2025-04-03 01:45:00",0.50,15.00,9.00,0.01,9,274.00,0.21,807,134.00,15.20,274.00,-0.40,9,274.00,0.90,587,116.00,13.60,273.00,0.20,9,274.00,0.70,692,102.00,16.40,269.00
"2025-04-03 02:00:00",0.40,68.00,9.00,0.09,9,275.00,0.21,770,193.00,12.70,247.00,-0.30,9,275.00,0.70,668,141.00,13.40,264.00,-0.20,9,275.00,0.80,815,146.00,15.50,267.00
"2025-04-03 02:15:00",0.70,99.00,9.00,0.16,9,276.00,0.22,713,141.00,13.40,255.00,-0.30,9,276.00,0.60,588,109.00,14.10,254.00,-0.60,9,276.00,0.70,599,108.00,14.40,255.00
"2025-04-03 02:30:00",0.40,150.00,9.00,0.01,9,274.00,0.17,727,126.00,15.00,274.00,0.10,9,274.00,0.50,527,95.00,14.70,273.00,-0.30,9,274.00,0.40,614,89.00,16.40,274.00
"2025-04-03 02:45:00",0.30,176.00,9.00,0.00,9,274.00,0.18,723,181.00,13.00,248.00,0.30,9,274.00,0.50,645,133.00,14.20,272.00,-0.20,9,274.00,0.60,546,122.00,14.10,251.00
"2025-04-03 03:00:00",0.90,251.00,9.00,-0.14,9,275.00,0.16,834,135.00,15.50,274.00,0.80,9,275.00,0.40,734,110.00,16.30,273.00,0.50,9,275.00,0.50,704,94.00,17.50,275.00
"2025-04-03 03:15:00",0.30,221.00,9.00,-0.04,9,276.00,0.17,768,128.00,14.80,257.00,0.30,9,276.00,0.50,524,104.00,13.50,255.00,0.00,9,276.00,0.50,635,92.00,15.90,257.00
"2025-04-03 03:30:00",0.30,129.00,9.00,-0.01,9,274.00,0.21,629,130.00,13.50,274.00,0.00,9,274.00,0.60,464,102.00,12.80,264.00,-0.30,9,274.00,0.30,813,89.00,19.10,273.00
"2025-04-03 03:45:00",0.40,159.00,9.00,0.01,9,275.00,0.17,817,135.00,15.50,275.00,0.20,9,275.00,0.40,614,100.00,15.20,270.00,-0.30,9,275.00,0.40,813,94.00,18.60,275.00
"2025-04-03 04:00:00",0.50,150.00,9.00,0.04,9,274.00,0.27,616,129.00,13.30,274.00,0.20,9,274.00,0.70,481,99.00,13.30,270.00,-0.50,9,274.00,0.40,738,81.00,18.90,274.00
"2025-04-03 04:15:00",0.20,31.00,9.00,0.07,9,277.00,0.27,677,181.00,11.60,232.00,-0.20,9,277.00,0.50,567,130.00,12.50,247.00,0.00,9,277.00,0.70,538,112.00,13.70,250.00
"2025-04-03 04:30:00",0.50,205.00,9.00,0.02,9,274.00,0.14,792,135.00,15.20,273.00,0.50,9,274.00,0.50,618,113.00,14.40,270.00,-0.10,9,274.00,0.60,578,96.00,15.30,273.00
"2025-04-03 04:45:00",0.10,32.00,9.00,0.07,9,274.00,0.18,825,137.00,15.30,274.00,-0.10,9,274.00,0.70,640,115.00,14.60,273.00,0.00,9,274.00,0.60,612,98.00,15.70,274.00
"2025-04-03 05:00:00",0.20,73.00,9.00,0.09,9,273.00,0.21,602,144.00,12.50,266.00,-0.20,9,273.00,0.90,462,122.00,11.50,258.00,-0.10,9,273.00,0.50,698,105.00,16.60,267.00
"2025-04-03 05:15:00",0.40,268.00,9.00,-0.08,9,275.00,0.12,780,119.00,15.70,255.00,0.30,9,275.00,0.70,436,113.00,11.40,240.00,0.30,9,275.00,0.50,565,93.00,15.10,251.00
"2025-04-03 05:30:00",0.60,241.00,9.00,0.01,9,274.00,0.14,839,156.00,15.50,255.00,0.60,9,274.00,1.30,401,128.00,10.00,225.00,0.20,9,274.00,0.60,554,115.00,14.10,250.00
"2025-04-03 05:45:00",0.40,258.00,9.00,-0.03,9,273.00,0.15,658,128.00,14.20,271.00,0.30,9,273.00,0.80,412,115.00,11.10,259.00,0.30,9,273.00,0.50,565,100.00,15.00,270.00
"2025-04-03 06:00:00",0.30,227.00,9.00,0.01,9,273.00,0.16,733,119.00,15.50,269.00,0.30,9,273.00,0.80,410,102.00,11.90,255.00,0.10,9,273.00,0.30,759,83.00,19.10,272.00
"2025-04-03 06:15:00",0.30,209.00,9.00,0.05,9,276.00,0.10,931,119.00,17.00,254.00,0.30,9,276.00,0.70,465,109.00,12.10,245.00,0.00,9,276.00,0.50,558,83.00,16.00,256.00
"2025-04-03 06:30:00",0.80,266.00,9.00,-0.04,9,273.00,0.13,931,133.00,16.80,269.00,0.50,9,273.00,0.80,568,116.00,13.60,268.00,0.60,9,273.00,0.70,656,100.00,16.30,273.00
"2025-04-03 06:45:00",0.40,288.00,9.00,-0.01,9,273.00,0.16,820,150.00,14.90,261.00,0.20,9,273.00,0.70,493,120.00,12.50,250.00,0.40,9,273.00,0.60,671,110.00,16.20,266.00
"2025-04-03 07:00:00",0.40,229.00,9.00,0.00,9,274.00,0.19,769,142.00,14.60,266.00,0.40,9,274.00,0.40,662,109.00,15.30,268.00,0.10,9,274.00,0.50,783,99.00,18.00,270.00
"2025-04-03 07:15:00",0.10,314.00,9.00,0.03,9,275.00,0.19,751,138.00,14.20,254.00,0.00,9,275.00,0.50,515,108.00,13.00,252.00,0.10,9,275.00,0.50,667,95.00,16.20,255.00
"2025-04-03 07:30:00",0.40,233.00,9.00,0.03,9,274.00,0.15,883,133.00,16.20,273.00,0.40,9,274.00,0.60,512,110.00,13.10,267.00,0.10,9,274.00,0.50,701,91.00,17.40,273.00
"2025-04-03 07:45:00",0.20,205.00,9.00,0.06,9,274.00,0.15,847,130.00,16.00,273.00,0.20,9,274.00,0.60,547,110.00,13.70,273.00,0.00,9,274.00,0.70,750,95.00,17.70,274.00
"2025-04-03 08:00:00",0.30,247.00,9.00,0.02,9,274.00,0.16,844,138.00,15.40,273.00,0.20,9,274.00,0.70,532,116.00,13.00,268.00,0.10,9,274.00,0.60,671,100.00,16.30,271.00
"2025-04-03 08:15:00",0.30,150.00,9.00,0.05,9,276.00,0.18,777,155.00,13.80,242.00,0.10,9,276.00,0.60,528,125.00,12.20,245.00,-0.30,9,276.00,0.70,693,109.00,15.60,253.00
"2025-04-03 08:30:00",0.90,225.00,9.00,0.01,9,275.00,0.17,831,140.00,15.20,273.00,0.90,9,275.00,1.00,576,123.00,13.10,271.00,0.10,9,275.00,0.70,764,101.00,17.20,273.00
"2025-04-03 08:45:00",0.20,203.00,9.00,0.06,9,274.00,0.19,787,140.00,14.70,268.00,0.20,9,274.00,0.80,532,116.00,13.00,272.00,0.00,9,274.00,0.70,712,96.00,17.10,272.00
"2025-04-03 09:00:00",0.30,86.00,9.00,0.02,9,273.00,0.19,797,139.00,15.00,269.00,-0.20,9,273.00,0.80,479,110.00,12.50,259.00,-0.20,9,273.00,0.70,675,102.00,16.30,270.00
"2025-04-03 09:15:00",0.30,239.00,9.00,0.01,9,276.00,0.20,804,154.00,14.00,250.00,0.30,9,276.00,1.10,582,128.00,12.70,247.00,0.10,9,276.00,0.80,707,116.00,15.20,252.00
"2025-04-03 09:30:00",0.20,117.00,9.00,-0.03,9,274.00,0.19,895,167.00,14.90,266.00,0.00,9,274.00,0.70,687,145.00,13.70,257.00,-0.20,9,274.00,0.70,801,134.00,16.00,261.00
"2025-04-03 09:45:00",0.30,82.00,9.00,-0.05,9,274.00,0.19,885,148.00,15.20,272.00,-0.20,9,274.00,0.90,645,125.00,13.90,268.00,-0.20,9,274.00,0.80,770,114.00,16.50,271.00
"2025-04-03 10:00:00",0.70,110.00,9.00,0.19,2,274.00,0.38,1045,164.00,15.80,269.00,-0.20,2,274.00,1.60,920,142.00,15.70,274.00,-0.60,2,274.00,0.80,744,105.00,16.60,271.00
"2025-04-03 10:15:00",0.40,66.00,9.00,-0.01,2,276.00,0.21,765,150.00,13.60,251.00,-0.30,2,276.00,0.90,557,122.00,12.40,246.00,-0.20,2,276.00,0.70,650,104.00,15.20,253.00
"2025-04-03 10:30:00",0.60,51.00,9.00,-0.07,2,275.00,0.21,832,145.00,14.90,273.00,-0.60,2,275.00,1.00,675,124.00,14.40,271.00,-0.10,2,275.00,0.80,677,102.00,16.20,275.00
"2025-04-03 10:45:00",0.50,84.00,9.00,-0.01,2,275.00,0.20,721,125.00,14.90,270.00,-0.30,2,275.00,0.90,491,100.00,13.30,272.00,-0.30,2,275.00,0.80,618,86.00,16.60,273.00
"2025-04-03 11:00:00",0.80,73.00,9.00,0.06,2,276.00,0.28,740,153.00,13.70,261.00,-0.60,2,276.00,1.30,539,123.00,12.30,256.00,-0.40,2,276.00,0.90,605,113.00,14.80,263.00
"2025-04-03 11:15:00",0.60,90.00,9.00,0.01,2,278.00,0.20,572,110.00,13.80,256.00,-0.40,2,278.00,1.20,426,89.00,12.80,254.00,-0.50,2,278.00,0.90,466,76.00,15.20,257.00
"2025-04-03 11:30:00",0.50,78.00,9.00,0.01,2,276.00,0.25,625,117.00,14.20,268.00,-0.40,2,276.00,1.20,459,99.00,12.70,264.00,-0.30,2,276.00,0.90,546,81.00,16.20,271.00
"2025-04-03 11:45:00",0.40,108.00,9.00,-0.01,2,276.00,0.18,607,116.00,14.10,269.00,-0.20,2,276.00,1.00,446,105.00,12.00,267.00,-0.40,2,276.00,0.90,520,80.00,16.00,272.00
"2025-04-03 12:00:00",0.50,115.00,9.00,0.02,2,276.00,0.25,658,116.00,14.80,275.00,-0.10,2,276.00,0.90,496,103.00,12.90,264.00,-0.50,2,276.00,1.20,539,81.00,16.20,274.00
"2025-04-03 12:15:00",1.00,62.00,9.00,0.09,2,278.00,0.36,696,172.00,12.80,235.00,-0.90,2,278.00,1.50,603,157.00,11.70,234.00,-0.40,2,278.00,1.20,563,121.00,14.00,249.00
"2025-04-03 12:30:00",0.80,74.00,9.00,-0.01,2,277.00,0.29,675,119.00,14.70,271.00,-0.60,2,277.00,1.50,549,108.00,13.30,268.00,-0.50,2,277.00,1.30,541,93.00,15.20,272.00
"2025-04-03 12:45:00",1.00,73.00,9.00,0.06,2,276.00,0.30,629,113.00,14.60,270.00,-0.80,2,276.00,1.10,525,103.00,13.50,267.00,-0.60,2,276.00,1.00,547,81.00,16.30,275.00
"2025-04-03 13:00:00",1.10,97.00,9.00,0.05,2,276.00,0.29,727,128.00,14.80,272.00,-0.60,2,276.00,1.30,562,116.00,13.00,266.00,-1.00,2,276.00,1.30,581,94.00,15.50,276.00
"2025-04-03 13:15:00",0.60,91.00,9.00,-0.04,2,279.00,0.20,570,107.00,13.80,256.00,-0.40,2,279.00,0.90,388,99.00,11.10,241.00,-0.50,2,279.00,0.90,470,80.00,14.50,254.00
"2025-04-03 13:30:00",0.90,93.00,9.00,0.01,2,277.00,0.27,721,151.00,14.20,253.00,-0.50,2,277.00,1.20,572,126.00,13.10,258.00,-0.70,2,277.00,1.00,562,111.00,14.80,261.00
"2025-04-03 13:45:00",0.80,84.00,9.00,0.01,2,276.00,0.23,663,136.00,13.90,263.00,-0.60,2,276.00,1.10,515,115.00,12.30,265.00,-0.60,2,276.00,1.10,556,98.00,15.00,271.00
"2025-04-03 14:00:00",0.90,91.00,9.00,0.09,2,277.00,0.32,680,117.00,14.90,273.00,-0.50,2,277.00,1.50,545,106.00,13.50,274.00,-0.70,2,277.00,1.10,555,85.00,16.00,272.00
"2025-04-03 14:15:00",0.90,72.00,9.00,0.03,2,278.00,0.31,655,114.00,14.20,257.00,-0.80,2,278.00,1.30,522,107.00,12.50,251.00,-0.50,2,278.00,1.00,495,79.00,14.90,253.00
"2025-04-03 14:30:00",0.30,54.00,9.00,-0.02,9,277.00,0.20,545,102.00,14.20,271.00,-0.30,9,277.00,1.00,421,98.00,12.30,267.00,-0.10,9,277.00,0.70,452,75.00,15.80,273.00
"2025-04-03 14:45:00",0.40,108.00,9.00,0.01,9,277.00,0.20,532,97.00,14.60,275.00,-0.10,9,277.00,1.00,410,90.00,12.70,271.00,-0.30,9,277.00,0.70,463,70.00,16.30,272.00
"2025-04-03 15:00:00",0.80,359.00,9.00,0.24,2,276.00,0.43,766,162.00,13.70,263.00,-0.60,2,276.00,2.00,697,150.00,13.30,267.00,0.50,2,276.00,1.70,706,142.00,14.40,266.00
"2025-04-03 15:15:00",1.60,29.00,9.00,-0.10,2,279.00,0.37,725,123.00,14.50,257.00,-1.60,2,279.00,2.20,619,124.00,13.10,258.00,0.30,2,279.00,1.30,565,88.00,15.50,257.00
"2025-04-03 15:30:00",1.10,14.00,9.00,-0.03,2,276.00,0.36,754,122.00,15.80,272.00,-1.10,2,276.00,1.70,646,115.00,14.30,272.00,0.50,2,276.00,1.20,597,88.00,16.30,271.00
"2025-04-03 15:45:00",1.50,5.00,9.00,-0.07,2,277.00,0.33,732,119.00,15.70,272.00,-1.30,2,277.00,1.70,685,118.00,14.40,272.00,0.80,2,277.00,1.20,644,94.00,16.70,271.00
"2025-04-03 16:00:00",0.90,352.00,9.00,0.03,9,276.00,0.23,634,97.00,15.90,275.00,-0.60,9,276.00,1.20,472,89.00,13.80,273.00,0.60,9,276.00,1.20,531,81.00,16.40,269.00
"2025-04-03 16:15:00",1.50,297.00,9.00,0.13,2,279.00,0.43,803,178.00,13.10,240.00,0.30,2,279.00,2.50,664,148.00,12.60,244.00,1.40,2,279.00,2.30,670,159.00,12.90,243.00
"2025-04-03 16:30:00",2.10,270.00,9.00,0.14,2,276.00,0.41,838,150.00,14.80,270.00,1.30,2,276.00,2.60,653,134.00,13.50,276.00,1.70,2,276.00,2.60,723,147.00,13.80,275.00
"2025-04-03 16:45:00",1.20,256.00,9.00,0.09,2,277.00,0.28,695,124.00,14.80,271.00,1.00,2,277.00,2.00,572,119.00,13.30,274.00,0.80,2,277.00,1.60,620,109.00,15.20,272.00
"2025-04-03 17:00:00",0.80,290.00,9.00,0.05,9,276.00,0.33,690,127.00,14.50,271.00,0.20,9,276.00,1.30,510,107.00,13.30,270.00,0.70,9,276.00,1.50,590,107.00,14.90,271.00
"2025-04-03 17:15:00",0.40,251.00,9.00,0.08,9,279.00,0.23,614,112.00,14.10,254.00,0.30,9,279.00,1.20,433,101.00,12.20,249.00,0.20,9,279.00,0.90,546,92.00,14.80,253.00
"2025-04-03 17:30:00",0.30,247.00,9.00,0.07,9,276.00,0.19,646,128.00,14.30,262.00,0.30,9,276.00,0.80,431,110.00,12.00,253.00,0.10,9,276.00,0.70,561,105.00,15.00,262.00
"2025-04-03 17:45:00",0.40,228.00,9.00,0.08,2,276.00,0.21,666,143.00,13.60,265.00,0.40,2,276.00,1.20,431,118.00,11.40,261.00,0.10,2,276.00,0.70,577,111.00,14.60,260.00
"2025-04-03 18:00:00",0.30,239.00,9.00,0.08,9,276.00,0.18,668,116.00,15.00,274.00,0.20,9,276.00,0.80,440,101.00,12.70,266.00,0.10,9,276.00,0.60,552,87.00,15.80,270.00
"2025-04-03 18:15:00",0.30,269.00,9.00,0.03,9,277.00,0.19,637,118.00,13.90,254.00,0.20,9,277.00,0.90,430,97.00,12.20,252.00,0.30,9,277.00,0.70,558,91.00,15.10,255.00
"2025-04-03 18:30:00",0.40,258.00,9.00,0.05,9,276.00,0.24,665,130.00,13.90,268.00,0.30,9,276.00,1.10,481,108.00,12.90,263.00,0.30,9,276.00,0.70,604,101.00,15.40,275.00
"2025-04-03 18:45:00",0.70,251.00,9.00,0.09,9,276.00,0.23,695,125.00,14.70,275.00,0.60,9,276.00,1.10,485,104.00,13.10,269.00,0.40,9,276.00,0.90,612,101.00,15.50,275.00
"2025-04-03 19:00:00",0.80,248.00,9.00,0.04,9,276.00,0.22,784,152.00,14.50,268.00,0.70,9,276.00,1.10,530,122.00,12.80,263.00,0.40,9,276.00,0.80,623,118.00,14.90,263.00
"2025-04-03 19:15:00",1.70,247.00,9.00,0.04,9,277.00,0.25,710,134.00,13.90,252.00,1.50,9,277.00,1.70,587,120.00,13.10,255.00,0.80,9,277.00,1.10,622,107.00,14.60,256.00
"2025-04-03 19:30:00",0.80,261.00,9.00,0.00,9,274.00,0.27,743,133.00,14.70,271.00,0.60,9,274.00,1.20,538,108.00,13.70,269.00,0.50,9,274.00,0.80,621,103.00,15.40,269.00
"2025-04-03 19:45:00",0.40,285.00,9.00,-0.01,9,274.00,0.22,732,131.00,14.80,272.00,0.20,9,274.00,1.50,566,118.00,13.30,268.00,0.40,9,274.00,0.90,581,99.00,15.10,270.00
"2025-04-03 20:00:00",1.40,266.00,9.00,-0.21,9,274.00,0.47,805,152.00,14.40,269.00,0.90,9,274.00,1.80,650,124.00,14.00,272.00,1.00,9,274.00,1.10,680,110.00,15.60,268.00
"2025-04-03 20:15:00",1.30,270.00,9.00,-0.13,9,276.00,0.37,731,154.00,13.20,244.00,0.80,9,276.00,1.70,602,131.00,12.80,245.00,1.00,9,276.00,1.10,607,122.00,13.80,244.00
"2025-04-03 20:30:00",1.50,255.00,9.00,-0.06,9,274.00,0.29,752,140.00,14.40,271.00,1.20,9,274.00,1.40,557,116.00,13.40,271.00,0.90,9,274.00,1.10,615,110.00,14.80,271.00
"2025-04-03 20:45:00",1.80,256.00,9.00,-0.06,9,274.00,0.31,750,135.00,14.70,269.00,1.40,9,274.00,1.50,602,121.00,13.50,270.00,1.10,9,274.00,1.10,630,110.00,15.00,269.00
"2025-04-03 21:00:00",2.20,257.00,9.00,-0.17,9,274.00,0.40,796,148.00,14.50,269.00,1.70,9,274.00,1.50,753,137.00,14.30,270.00,1.40,9,274.00,1.10,648,108.00,15.40,269.00
"2025-04-03 21:15:00",2.20,250.00,9.00,-0.07,9,276.00,0.35,691,129.00,13.80,253.00,1.80,9,276.00,2.10,492,116.00,11.80,253.00,1.20,9,276.00,1.20,565,104.00,14.10,251.00
"2025-04-03 21:30:00",1.50,254.00,9.00,-0.01,9,274.00,0.28,762,138.00,14.50,269.00,1.20,9,274.00,1.50,548,127.00,12.40,268.00,0.90,9,274.00,1.00,596,107.00,14.80,269.00
"2025-04-03 21:45:00",1.80,258.00,9.00,-0.08,9,274.00,0.36,748,163.00,13.30,262.00,1.40,9,274.00,1.80,618,156.00,11.80,258.00,1.20,9,274.00,1.10,628,127.00,14.30,264.00
"2025-04-03 22:00:00",2.00,264.00,9.00,-0.18,9,274.00,0.42,825,162.00,13.90,268.00,1.40,9,274.00,1.70,757,159.00,13.10,272.00,1.40,9,274.00,1.20,703,120.00,15.20,269.00
"2025-04-03 22:15:00",1.60,254.00,9.00,-0.09,9,276.00,0.29,734,140.00,13.60,252.00,1.30,9,276.00,1.40,547,135.00,11.50,244.00,0.90,9,276.00,1.10,581,109.00,13.90,255.00
"2025-04-03 22:30:00",1.40,260.00,9.00,-0.07,9,273.00,0.26,775,136.00,14.80,269.00,1.10,9,273.00,1.30,595,129.00,12.90,266.00,1.00,9,273.00,0.90,632,100.00,15.80,271.00
"2025-04-03 22:45:00",1.80,260.00,9.00,-0.19,9,274.00,0.42,873,164.00,14.30,271.00,1.40,9,274.00,1.70,772,149.00,13.80,269.00,1.20,9,274.00,1.30,761,118.00,15.90,272.00
"2025-04-03 23:00:00",2.00,258.00,9.00,-0.11,9,274.00,0.51,1022,187.00,14.80,267.00,1.60,9,274.00,2.40,842,166.00,13.50,268.00,1.30,9,274.00,1.60,879,154.00,15.30,262.00
"2025-04-03 23:15:00",2.50,277.00,9.00,-0.18,9,276.00,0.39,915,159.00,14.30,253.00,1.30,9,276.00,2.00,917,157.00,14.20,255.00,2.20,9,276.00,1.80,804,134.00,14.70,255.00
"2025-04-03 23:30:00",1.30,264.00,9.00,0.01,9,274.00,0.29,884,153.00,14.80,270.00,0.90,9,274.00,1.30,745,141.00,13.80,264.00,0.90,9,274.00,1.30,782,121.00,16.00,269.00
"2025-04-03 23:45:00",0.40,113.00,9.00,0.08,9,274.00,0.27,969,158.00,15.10,274.00,-0.10,9,274.00,1.10,783,148.00,13.90,270.00,-0.30,9,274.00,1.00,857,122.00,16.30,274.00
"2025-04-04 00:00:00",0.50,304.00,9.00,-0.02,9,274.00,0.13,863,134.00,15.90,274.00,0.00,9,274.00,0.70,666,134.00,13.40,269.00,0.50,9,274.00,0.60,647,99.00,15.90,273.00
"2025-04-04 00:15:00",0.10,255.00,9.00,0.03,9,276.00,0.16,808,144.00,14.60,254.00,0.10,9,276.00,1.20,517,120.00,12.20,241.00,0.10,9,276.00,0.60,627,111.00,14.90,254.00
"2025-04-04 00:30:00",0.20,172.00,9.00,0.07,9,274.00,0.15,959,140.00,16.50,273.00,0.10,9,274.00,0.70,578,117.00,13.40,272.00,-0.10,9,274.00,0.60,650,100.00,16.10,274.00
"2025-04-04 00:45:00",0.10,58.00,9.00,0.05,9,275.00,0.18,675,123.00,14.30,274.00,-0.10,9,275.00,0.70,418,102.00,11.90,264.00,0.00,9,275.00,0.60,510,87.00,15.10,275.00
"2025-04-04 01:00:00",0.30,63.00,9.00,0.07,9,273.00,0.16,740,122.00,15.40,271.00,-0.30,9,273.00,0.70,433,106.00,11.90,269.00,-0.10,9,273.00,0.70,532,88.00,15.30,271.00
"2025-04-04 01:15:00",0.20,351.00,9.00,0.05,9,276.00,0.16,701,124.00,14.30,250.00,-0.10,9,276.00,0.50,559,104.00,13.80,256.00,0.10,9,276.00,0.60,586,93.00,15.10,256.00
"2025-04-04 01:30:00",0.30,106.00,9.00,0.04,9,274.00,0.16,864,131.00,16.00,274.00,-0.10,9,274.00,0.70,485,110.00,12.50,267.00,-0.30,9,274.00,0.80,549,97.00,14.80,273.00
"2025-04-04 01:45:00",1.00,117.00,9.00,0.10,9,273.00,0.17,983,183.00,15.40,252.00,-0.20,9,273.00,1.20,773,155.00,14.10,259.00,-1.00,9,273.00,1.10,790,159.00,14.70,255.00
"2025-04-04 02:00:00",0.90,136.00,9.00,-0.01,9,274.00,0.24,1072,150.00,16.50,273.00,0.10,9,274.00,0.90,898,134.00,15.80,272.00,-0.80,9,274.00,1.10,882,118.00,17.00,274.00
"2025-04-04 02:15:00",1.70,128.00,9.00,-0.01,9,275.00,0.17,887,137.00,15.40,256.00,0.00,9,275.00,0.80,656,117.00,13.90,255.00,-1.70,9,275.00,1.70,713,139.00,13.40,255.00
"2025-04-04 02:30:00",0.80,119.00,9.00,0.00,9,274.00,0.15,827,132.00,15.50,270.00,-0.10,9,274.00,0.70,556,112.00,13.50,270.00,-0.70,9,274.00,1.20,659,115.00,15.00,274.00
"2025-04-04 02:45:00",1.20,125.00,9.00,0.02,9,273.00,0.17,891,128.00,16.40,272.00,-0.10,9,273.00,0.70,612,110.00,14.40,273.00,-1.20,9,273.00,1.10,683,111.00,15.50,273.00
"2025-04-04 03:00:00",0.80,113.00,9.00,0.07,9,274.00,0.20,830,190.00,13.40,255.00,-0.20,9,274.00,0.80,700,160.00,12.80,255.00,-0.70,9,274.00,1.00,724,156.00,13.70,261.00
"2025-04-04 03:15:00",0.20,129.00,9.00,0.03,9,275.00,0.15,874,123.00,16.00,256.00,0.00,9,275.00,0.60,487,102.00,13.00,252.00,-0.20,9,275.00,0.80,584,88.00,15.50,256.00
"2025-04-04 03:30:00",0.20,49.00,9.00,0.03,9,274.00,0.15,872,132.00,16.00,272.00,-0.20,9,274.00,0.60,608,110.00,14.20,270.00,0.00,9,274.00,0.60,648,98.00,16.10,270.00
"2025-04-04 03:45:00",0.20,311.00,9.00,0.02,9,273.00,0.16,834,128.00,16.00,272.00,0.00,9,273.00,0.70,514,110.00,12.90,265.00,0.20,9,273.00,0.70,587,91.00,15.80,273.00
"2025-04-04 04:00:00",0.30,289.00,9.00,0.00,9,274.00,0.15,851,128.00,16.10,271.00,0.10,9,274.00,0.60,531,122.00,12.50,268.00,0.20,9,274.00,0.50,579,92.00,15.60,273.00
"2025-04-04 04:15:00",0.40,331.00,9.00,0.00,9,275.00,0.11,760,157.00,13.80,244.00,-0.20,9,275.00,0.50,510,120.00,12.50,236.00,0.40,9,275.00,0.80,461,118.00,12.00,237.00
"2025-04-04 04:30:00",0.20,355.00,9.00,0.07,9,274.00,0.17,690,125.00,14.10,272.00,-0.20,9,274.00,0.70,437,117.00,11.10,265.00,0.20,9,274.00,0.50,614,93.00,16.20,274.00
"2025-04-04 04:45:00",0.30,64.00,9.00,0.08,9,273.00,0.16,801,132.00,15.30,270.00,-0.30,9,273.00,0.60,512,121.00,12.20,258.00,-0.20,9,273.00,0.60,559,90.00,15.50,272.00
"2025-04-04 05:00:00",0.10,262.00,9.00,-0.04,9,273.00,0.17,754,126.00,15.30,273.00,0.10,9,273.00,0.60,518,108.00,13.30,268.00,0.10,9,273.00,0.60,541,93.00,15.00,271.00
"2025-04-04 05:15:00",0.40,126.00,9.00,-0.01,9,276.00,0.18,742,123.00,14.70,255.00,0.00,9,276.00,0.60,559,106.00,13.70,253.00,-0.40,9,276.00,0.80,577,96.00,14.70,255.00
"2025-04-04 05:30:00",2.30,129.00,9.00,0.06,9,273.00,0.24,1097,167.00,15.60,273.00,0.00,9,273.00,1.10,814,138.00,14.40,267.00,-2.30,9,273.00,2.30,880,169.00,13.80,272.00
"2025-04-04 05:45:00",4.30,132.00,9.00,0.14,9,274.00,0.30,1247,220.00,15.00,260.00,0.30,9,274.00,1.40,1210,201.00,15.30,269.00,-4.30,2,274.00,2.20,1107,238.00,13.30,258.00
"2025-04-04 06:00:00",3.80,129.00,9.00,0.19,9,273.00,0.40,1323,218.00,15.10,270.00,0.10,9,273.00,1.50,1079,187.00,14.10,267.00,-3.80,2,273.00,2.90,1203,223.00,13.90,270.00
"2025-04-04 06:15:00",5.50,128.00,9.00,0.17,9,275.00,0.39,1238,203.00,14.70,252.00,0.00,9,275.00,1.40,1228,186.00,15.00,251.00,-5.50,2,275.00,2.50,1157,236.00,12.80,254.00
"2025-04-04 06:30:00",4.30,130.00,9.00,0.17,9,274.00,0.31,1102,177.00,15.60,271.00,0.20,9,274.00,1.30,1075,169.00,15.70,273.00,-4.30,2,274.00,2.40,1031,214.00,13.50,273.00
"2025-04-04 06:45:00",4.70,125.00,9.00,0.14,9,273.00,0.31,1094,182.00,15.40,269.00,-0.20,9,273.00,1.60,991,169.00,14.70,270.00,-4.70,2,273.00,3.10,979,220.00,12.90,273.00
"2025-04-04 07:00:00",3.70,126.00,9.00,0.12,9,274.00,0.29,1023,198.00,14.20,266.00,-0.10,9,274.00,1.20,922,178.00,14.00,261.00,-3.70,2,274.00,2.60,974,208.00,13.30,270.00
"2025-04-04 07:15:00",3.00,125.00,9.00,0.10,9,275.00,0.28,949,159.00,14.60,255.00,-0.20,9,275.00,1.00,840,137.00,14.40,254.00,-3.00,2,275.00,2.00,856,165.00,13.60,256.00
"2025-04-04 07:30:00",3.60,128.00,9.00,0.04,9,273.00,0.33,1260,181.00,16.40,271.00,0.00,9,273.00,1.50,1097,162.00,16.00,272.00,-3.60,2,273.00,2.30,1142,212.00,14.50,273.00
"2025-04-04 07:45:00",2.70,135.00,9.00,-0.06,9,274.00,0.33,1615,208.00,17.20,274.00,0.30,9,274.00,1.10,1584,209.00,17.00,274.00,-2.60,9,274.00,1.80,1577,236.00,16.00,274.00
"2025-04-04 08:00:00",2.10,134.00,9.00,0.01,9,273.00,0.24,1092,184.00,15.00,265.00,0.20,9,273.00,1.10,1042,166.00,14.80,264.00,-2.10,9,273.00,1.60,1015,173.00,14.80,272.00
"2025-04-04 08:15:00",1.30,139.00,9.00,0.02,9,277.00,0.30,825,176.00,13.10,243.00,0.20,9,277.00,1.60,807,161.00,13.30,243.00,-1.30,9,277.00,1.80,773,152.00,13.80,248.00
"2025-04-04 08:30:00",1.10,154.00,9.00,0.00,9,274.00,0.32,770,162.00,13.30,267.00,0.50,9,274.00,1.70,650,146.00,12.50,266.00,-1.00,9,274.00,2.00,676,135.00,13.90,270.00
"2025-04-04 08:45:00",1.90,128.00,9.00,0.11,9,274.00,0.47,935,186.00,13.70,273.00,0.00,9,274.00,2.00,848,172.00,13.30,266.00,-1.90,9,274.00,2.40,845,156.00,14.70,271.00
"2025-04-04 09:00:00",1.60,151.00,9.00,0.02,9,274.00,0.43,864,174.00,13.60,266.00,0.60,9,274.00,2.30,794,158.00,13.50,267.00,-1.50,9,274.00,2.60,828,160.00,14.20,272.00
"2025-04-04 09:15:00",1.00,124.00,9.00,0.04,9,276.00,0.25,730,148.00,13.20,252.00,-0.10,9,276.00,1.70,526,125.00,12.00,247.00,-1.00,9,276.00,1.70,609,136.00,12.60,244.00
"2025-04-04 09:30:00",1.00,141.00,9.00,-0.01,9,274.00,0.27,779,154.00,13.80,268.00,0.20,9,274.00,1.30,545,121.00,12.80,264.00,-0.90,9,274.00,1.80,636,134.00,13.60,267.00
"2025-04-04 09:45:00",1.00,150.00,9.00,0.19,9,274.00,0.49,858,183.00,13.40,253.00,0.40,9,274.00,1.80,635,139.00,13.00,266.00,-0.90,9,274.00,1.50,786,152.00,14.50,258.00
"2025-04-04 10:00:00",1.20,137.00,9.00,0.42,2,276.00,0.58,1025,190.00,14.50,274.00,0.20,2,276.00,2.30,792,144.00,14.40,273.00,-1.20,2,276.00,2.30,896,150.00,15.30,275.00
"2025-04-04 10:15:00",1.00,140.00,9.00,-0.03,2,278.00,0.31,763,143.00,13.70,251.00,0.20,2,278.00,1.80,587,118.00,13.00,249.00,-0.90,2,278.00,1.90,620,119.00,13.70,252.00
"2025-04-04 10:30:00",0.80,112.00,9.00,0.20,2,276.00,0.45,776,162.00,13.40,267.00,-0.20,2,276.00,1.50,564,117.00,13.20,269.00,-0.80,2,276.00,1.60,636,116.00,14.50,273.00
"2025-04-04 10:45:00",1.40,127.00,9.00,0.39,2,276.00,0.61,906,182.00,13.90,274.00,0.00,2,276.00,2.10,711,139.00,13.80,274.00,-1.40,2,276.00,1.80,723,130.00,14.80,272.00
"2025-04-04 11:00:00",2.00,94.00,9.00,0.45,2,277.00,0.63,878,178.00,13.70,277.00,-1.10,2,277.00,1.80,624,123.00,13.60,275.00,-1.60,2,277.00,2.10,747,134.00,14.70,271.00
"2025-04-04 11:15:00",1.50,145.00,9.00,0.36,2,279.00,0.68,848,184.00,12.70,257.00,0.40,2,279.00,2.30,663,141.00,12.50,259.00,-1.50,2,279.00,2.30,690,134.00,13.60,257.00
"2025-04-04 11:30:00",1.90,100.00,9.00,0.36,2,276.00,0.62,872,170.00,14.10,272.00,-0.90,2,276.00,1.60,645,130.00,13.30,268.00,-1.70,2,276.00,1.70,650,118.00,14.50,271.00
