"2025-04-01 00:00:00",0.90,119.00,9.00,0.08,9,274.00,0.23,405,105.00,11.50,265.00,-0.10,9,274.00,1.10,241,90.00,8.20,205.00,-0.90,9,274.00,1.00,302,78.00,11.60,260.00
"2025-04-01 00:15:00",0.70,111.00,9.00,0.08,9,277.00,0.23,425,131.00,10.20,230.00,-0.20,9,277.00,1.40,275,109.00,7.60,172.00,-0.60,9,277.00,0.90,333,99.00,10.40,233.00
"2025-04-01 00:30:00",0.40,101.00,9.00,0.09,9,274.00,0.21,421,107.00,11.60,263.00,-0.20,9,274.00,1.00,247,94.00,8.10,212.00,-0.40,9,274.00,0.90,345,77.00,12.70,264.00
"2025-04-01 00:45:00",0.70,103.00,9.00,0.09,9,274.00,0.21,416,112.00,11.10,262.00,-0.30,9,274.00,0.90,282,97.00,9.00,222.00,-0.60,9,274.00,1.10,351,80.00,12.70,268.00
"2025-04-01 01:00:00",0.90,141.00,9.00,0.05,9,275.00,0.21,425,120.00,10.70,259.00,0.20,9,275.00,1.00,287,108.00,8.20,191.00,-0.80,9,275.00,1.10,338,88.00,11.40,259.00
"2025-04-01 01:15:00",0.60,131.00,9.00,0.04,9,276.00,0.21,393,136.00,8.80,221.00,0.00,9,276.00,1.10,277,134.00,6.00,117.00,-0.60,9,276.00,1.10,276,106.00,7.90,190.00
"2025-04-01 01:30:00",0.60,129.00,9.00,0.01,9,274.00,0.23,401,149.00,8.60,211.00,0.00,9,274.00,1.30,274,136.00,5.90,100.00,-0.60,9,274.00,1.20,309,117.00,8.50,226.00
"2025-04-01 01:45:00",0.20,190.00,9.00,0.01,9,275.00,0.21,368,131.00,8.70,221.00,0.20,9,275.00,0.90,232,121.00,5.50,87.00,-0.10,9,275.00,0.70,311,98.00,9.70,245.00
"2025-04-01 02:00:00",0.30,164.00,9.00,0.02,9,274.00,0.23,364,132.00,8.50,213.00,0.10,9,274.00,1.20,233,123.00,5.30,66.00,-0.20,9,274.00,0.80,303,101.00,9.30,228.00
"2025-04-01 02:15:00",0.30,215.00,9.00,0.00,9,277.00,0.21,405,133.00,9.20,230.00,0.30,9,277.00,0.90,252,124.00,5.90,109.00,0.00,9,277.00,0.70,347,100.00,10.40,248.00
"2025-04-01 02:30:00",0.50,321.00,9.00,0.01,9,274.00,0.23,349,136.00,8.00,209.00,-0.10,9,274.00,1.00,262,133.00,5.80,108.00,0.50,9,274.00,0.50,355,107.00,10.30,260.00
"2025-04-01 02:45:00",0.60,39.00,9.00,0.08,9,274.00,0.24,352,134.00,8.20,214.00,-0.60,9,274.00,0.90,271,131.00,6.30,118.00,0.00,9,274.00,0.50,361,102.00,11.00,254.00
"2025-04-01 03:00:00",0.30,59.00,9.00,0.02,9,275.00,0.17,425,129.00,10.60,243.00,-0.30,9,275.00,0.70,242,101.00,7.40,165.00,-0.10,9,275.00,0.50,346,90.00,12.30,254.00
"2025-04-01 03:15:00",0.10,176.00,9.00,0.05,9,276.00,0.21,376,98.00,11.10,250.00,0.10,9,276.00,0.80,205,84.00,7.40,165.00,-0.10,9,276.00,0.60,270,65.00,11.90,253.00
"2025-04-01 03:30:00",0.10,61.00,9.00,0.07,9,274.00,0.15,443,99.00,12.70,267.00,-0.10,9,274.00,0.90,218,82.00,8.20,200.00,-0.10,9,274.00,0.70,270,62.00,12.50,267.00
"2025-04-01 03:45:00",0.30,26.00,9.00,0.01,9,275.00,0.17,382,101.00,11.20,265.00,-0.30,9,275.00,0.80,197,87.00,6.90,143.00,0.10,9,275.00,0.60,257,68.00,11.40,260.00
"2025-04-01 04:00:00",0.20,231.00,9.00,0.00,9,274.00,0.18,401,105.00,11.40,268.00,0.20,9,274.00,0.80,204,92.00,6.70,133.00,0.00,9,274.00,0.70,251,69.00,11.10,252.00
"2025-04-01 04:15:00",0.20,48.00,9.00,0.06,9,277.00,0.15,416,115.00,11.20,243.00,-0.20,9,277.00,1.50,207,90.00,6.90,155.00,0.00,9,277.00,0.70,276,82.00,10.60,237.00
"2025-04-01 04:30:00",0.40,74.00,9.00,0.13,9,273.00,0.22,363,108.00,10.20,242.00,-0.30,9,273.00,0.90,214,107.00,5.90,102.00,-0.20,9,273.00,0.70,254,70.00,11.10,269.00
"2025-04-01 04:45:00",0.90,81.00,9.00,0.16,9,273.00,0.20,336,100.00,10.30,255.00,-0.70,9,273.00,0.70,242,88.00,8.40,208.00,-0.60,9,273.00,0.90,216,68.00,9.90,246.00
"2025-04-01 05:00:00",0.40,349.00,9.00,0.06,9,274.00,0.13,417,100.00,12.40,265.00,-0.20,9,274.00,0.60,227,84.00,8.60,215.00,0.30,9,274.00,0.90,264,72.00,11.00,256.00
"2025-04-01 05:15:00",0.50,60.00,9.00,0.12,9,275.00,0.18,389,104.00,11.10,237.00,-0.40,9,275.00,0.70,254,93.00,8.50,179.00,-0.20,9,275.00,0.70,261,76.00,10.40,229.00
"2025-04-01 05:30:00",0.50,220.00,9.00,-0.01,9,274.00,0.16,412,113.00,11.40,236.00,0.50,9,274.00,2.50,226,92.00,7.50,158.00,0.00,9,274.00,1.00,299,91.00,10.80,243.00
"2025-04-01 05:45:00",0.40,76.00,9.00,0.08,9,273.00,0.15,415,119.00,10.90,251.00,-0.30,9,273.00,0.60,262,98.00,8.40,183.00,-0.20,9,273.00,0.70,296,84.00,10.80,244.00
"2025-04-01 06:00:00",0.30,40.00,9.00,0.04,9,274.00,0.17,402,95.00,12.10,258.00,-0.30,9,274.00,0.60,215,80.00,8.50,202.00,0.00,9,274.00,0.70,228,68.00,10.40,233.00
"2025-04-01 06:15:00",0.20,330.00,9.00,-0.01,9,275.00,0.18,377,96.00,11.30,242.00,-0.10,9,275.00,0.80,222,83.00,8.20,199.00,0.20,9,275.00,0.70,259,68.00,11.20,239.00
"2025-04-01 06:30:00",0.30,287.00,9.00,-0.03,9,273.00,0.17,385,94.00,12.00,262.00,0.10,9,273.00,0.80,227,80.00,8.90,223.00,0.30,9,273.00,0.70,283,65.00,12.70,263.00
"2025-04-01 06:45:00",0.40,57.00,9.00,0.09,9,274.00,0.17,433,119.00,11.70,258.00,-0.40,9,274.00,0.80,253,90.00,9.00,229.00,-0.10,9,274.00,0.60,286,83.00,11.40,256.00
"2025-04-01 07:00:00",0.70,60.00,9.00,0.10,9,273.00,0.34,459,142.00,10.70,238.00,-0.60,9,273.00,0.90,285,113.00,7.90,190.00,-0.30,9,273.00,0.70,341,99.00,11.70,244.00
"2025-04-01 07:15:00",0.20,82.00,9.00,0.05,9,276.00,0.22,381,100.00,11.10,244.00,-0.10,9,276.00,1.10,242,103.00,7.00,156.00,-0.10,9,276.00,0.60,259,64.00,11.50,240.00
"2025-04-01 07:30:00",0.90,227.00,9.00,0.10,9,274.00,0.23,391,106.00,11.00,256.00,0.80,9,274.00,1.50,268,109.00,7.50,160.00,0.10,9,274.00,1.00,302,70.00,12.50,261.00
"2025-04-01 07:45:00",0.20,283.00,9.00,0.00,9,274.00,0.21,355,105.00,10.30,256.00,0.10,9,274.00,1.20,254,102.00,7.60,183.00,0.20,9,274.00,0.90,263,67.00,11.60,261.00
"2025-04-01 08:00:00",0.20,301.00,9.00,0.09,9,274.00,0.26,418,107.00,11.50,255.00,0.00,9,274.00,1.80,367,105.00,9.60,214.00,0.20,9,274.00,1.20,324,71.00,12.80,262.00
"2025-04-01 08:15:00",0.30,274.00,9.00,0.09,9,277.00,0.25,440,174.00,8.50,189.00,0.10,9,277.00,1.20,340,143.00,7.30,144.00,0.20,9,277.00,1.10,340,117.00,9.90,213.00
"2025-04-01 08:30:00",0.00,29.00,9.00,0.03,9,274.00,0.33,448,115.00,11.30,261.00,0.00,9,274.00,1.90,396,119.00,10.00,242.00,0.00,9,274.00,1.20,397,79.00,13.40,267.00
"2025-04-01 08:45:00",0.60,335.00,9.00,0.27,9,274.00,0.40,469,132.00,10.80,259.00,-0.30,9,274.00,1.70,415,125.00,9.90,232.00,0.60,9,274.00,2.00,358,88.00,11.90,265.00
"2025-04-01 09:00:00",0.80,9.00,9.00,-0.03,9,274.00,0.23,383,110.00,10.60,258.00,-0.70,9,274.00,1.10,340,107.00,9.70,240.00,0.40,9,274.00,1.10,346,74.00,13.00,267.00
"2025-04-01 09:15:00",0.90,23.00,9.00,-0.09,9,277.00,0.24,383,117.00,9.90,232.00,-0.80,9,277.00,1.20,286,115.00,7.30,148.00,0.20,9,277.00,0.80,307,85.00,10.90,223.00
"2025-04-01 09:30:00",1.40,350.00,9.00,-0.08,9,273.00,0.34,585,173.00,10.70,227.00,-1.00,9,273.00,1.50,483,151.00,10.00,217.00,1.10,9,273.00,1.60,505,130.00,12.50,250.00
"2025-04-01 09:45:00",1.40,351.00,9.00,-0.08,9,274.00,0.41,499,124.00,11.80,258.00,-1.00,9,274.00,2.10,410,106.00,11.20,248.00,1.00,9,274.00,1.60,395,88.00,12.70,263.00
"2025-04-01 10:00:00",1.50,4.00,9.00,0.00,2,274.00,0.34,468,117.00,11.60,253.00,-1.20,2,274.00,1.50,379,111.00,9.80,224.00,0.80,2,274.00,1.30,354,82.00,12.30,260.00
"2025-04-01 10:15:00",1.60,352.00,9.00,0.33,2,276.00,0.51,379,113.00,10.00,234.00,-1.10,2,276.00,2.60,269,97.00,8.20,175.00,1.20,2,276.00,3.40,285,87.00,9.90,229.00
"2025-04-01 10:30:00",1.90,272.00,9.00,-0.04,2,275.00,0.51,370,103.00,10.80,256.00,1.10,2,275.00,2.70,280,90.00,9.50,222.00,1.50,2,275.00,2.60,277,78.00,11.00,261.00
"2025-04-01 10:45:00",2.20,277.00,9.00,0.07,2,276.00,0.52,438,142.00,10.60,230.00,1.10,2,276.00,3.40,343,125.00,9.10,210.00,1.90,2,276.00,2.90,327,108.00,10.30,238.00
"2025-04-01 11:00:00",1.70,273.00,9.00,0.10,2,275.00,0.48,426,135.00,10.10,227.00,1.00,2,275.00,3.10,329,116.00,9.10,208.00,1.40,2,275.00,2.40,318,101.00,10.30,242.00
"2025-04-01 11:15:00",1.90,275.00,9.00,0.11,2,278.00,0.58,406,118.00,10.40,230.00,1.00,2,278.00,2.90,329,95.00,9.90,226.00,1.60,2,278.00,2.50,322,87.00,10.80,244.00
"2025-04-01 11:30:00",1.70,296.00,9.00,0.07,2,276.00,0.56,433,110.00,11.60,262.00,0.40,2,276.00,2.60,343,90.00,10.90,255.00,1.60,2,276.00,2.70,351,82.00,12.20,267.00
"2025-04-01 11:45:00",2.20,320.00,9.00,0.18,2,276.00,0.56,471,116.00,11.80,254.00,-0.50,2,276.00,2.80,338,94.00,10.50,242.00,2.10,2,276.00,2.90,354,87.00,11.70,260.00
"2025-04-01 12:00:00",2.40,296.00,9.00,0.21,2,276.00,0.74,395,112.00,10.70,258.00,0.50,2,276.00,3.20,350,89.00,10.90,249.00,2.40,2,276.00,3.90,301,84.00,10.90,262.00
"2025-04-01 12:15:00",1.20,291.00,9.00,0.04,2,278.00,0.45,381,138.00,9.00,220.00,0.30,2,278.00,3.00,296,113.00,8.40,194.00,1.10,2,278.00,2.30,297,112.00,8.90,206.00
"2025-04-01 12:30:00",1.10,285.00,9.00,0.00,2,275.00,0.42,339,102.00,10.20,245.00,0.50,2,275.00,2.10,242,86.00,8.60,208.00,1.00,2,275.00,2.10,256,74.00,10.60,254.00
"2025-04-01 12:45:00",2.10,279.00,9.00,-0.02,2,276.00,0.36,349,121.00,9.30,232.00,1.00,2,276.00,2.80,271,107.00,8.20,192.00,1.80,2,276.00,3.10,282,97.00,9.70,233.00
"2025-04-01 13:00:00",1.30,251.00,9.00,0.06,2,276.00,0.32,356,111.00,10.30,247.00,1.10,2,276.00,2.60,245,92.00,8.60,214.00,0.70,2,276.00,1.50,266,78.00,10.90,246.00
"2025-04-01 13:15:00",1.60,274.00,9.00,0.00,2,278.00,0.46,326,111.00,9.10,215.00,0.90,2,278.00,3.10,259,93.00,8.60,208.00,1.30,2,278.00,2.30,253,80.00,9.80,231.00
"2025-04-01 13:30:00",1.50,301.00,9.00,-0.02,2,276.00,0.57,397,134.00,9.50,226.00,0.20,2,276.00,4.20,301,112.00,8.60,195.00,1.40,2,276.00,2.80,318,106.00,9.90,230.00
"2025-04-01 13:45:00",1.10,310.00,9.00,-0.05,2,275.00,0.28,327,98.00,10.40,245.00,0.00,2,275.00,2.30,224,76.00,9.10,223.00,1.10,2,275.00,1.70,247,75.00,10.40,242.00
"2025-04-01 14:00:00",0.70,303.00,9.00,0.10,2,276.00,0.46,367,100.00,11.10,259.00,0.10,2,276.00,2.70,290,85.00,10.40,248.00,0.70,2,276.00,2.00,300,77.00,11.70,262.00
"2025-04-01 14:15:00",0.60,324.00,9.00,0.01,2,278.00,0.31,327,103.00,9.70,216.00,-0.20,2,278.00,2.30,250,89.00,8.60,188.00,0.60,2,278.00,1.60,271,74.00,11.00,235.00
"2025-04-01 14:30:00",1.60,291.00,9.00,0.03,2,276.00,0.37,321,98.00,10.00,240.00,0.40,2,276.00,2.50,243,88.00,8.60,198.00,1.50,2,276.00,2.80,246,70.00,10.70,252.00
"2025-04-01 14:45:00",1.50,298.00,9.00,-0.02,2,276.00,0.43,324,113.00,9.30,222.00,0.30,2,276.00,2.70,221,84.00,8.10,176.00,1.50,2,276.00,2.80,255,84.00,9.90,233.00
"2025-04-01 15:00:00",2.90,281.00,9.00,-0.03,2,276.00,0.69,352,116.00,9.50,227.00,1.30,2,276.00,4.00,292,94.00,9.40,226.00,2.60,2,276.00,3.60,287,90.00,9.90,228.00
"2025-04-01 15:15:00",1.90,265.00,9.00,0.07,2,279.00,0.59,301,95.00,9.60,232.00,1.30,2,279.00,3.40,243,83.00,8.90,215.00,1.40,2,279.00,3.10,258,77.00,10.30,239.00
"2025-04-01 15:30:00",2.80,286.00,9.00,-0.15,2,276.00,0.58,326,101.00,9.90,239.00,1.10,2,276.00,3.40,259,86.00,9.20,228.00,2.60,2,276.00,3.70,256,79.00,10.10,249.00
"2025-04-01 15:45:00",1.40,283.00,9.00,-0.07,2,277.00,0.46,313,98.00,9.90,238.00,0.60,2,277.00,2.70,250,89.00,8.80,221.00,1.30,2,277.00,2.30,254,77.00,10.50,251.00
"2025-04-01 16:00:00",1.10,272.00,9.00,-0.01,2,276.00,0.29,305,100.00,9.50,236.00,0.70,2,276.00,2.00,209,88.00,7.30,166.00,0.90,2,276.00,2.10,239,75.00,10.10,242.00
"2025-04-01 16:15:00",1.10,278.00,9.00,-0.04,2,277.00,0.28,319,119.00,8.50,197.00,0.50,2,277.00,2.20,208,91.00,7.10,160.00,0.90,2,277.00,1.70,233,86.00,8.90,207.00
"2025-04-01 16:30:00",0.80,264.00,9.00,-0.05,2,276.00,0.33,303,101.00,9.50,237.00,0.60,2,276.00,2.20,195,78.00,7.80,190.00,0.60,2,276.00,1.50,224,72.00,9.80,229.00
"2025-04-01 16:45:00",1.00,264.00,9.00,0.00,2,276.00,0.28,294,95.00,9.70,237.00,0.70,2,276.00,2.20,188,74.00,7.90,183.00,0.70,2,276.00,1.50,220,71.00,9.70,233.00
"2025-04-01 17:00:00",0.60,254.00,9.00,0.04,2,276.00,0.28,295,97.00,9.70,229.00,0.50,2,276.00,2.10,204,83.00,7.70,181.00,0.30,2,276.00,1.00,216,67.00,10.00,242.00
"2025-04-01 17:15:00",0.40,260.00,9.00,0.06,9,277.00,0.29,295,102.00,9.00,217.00,0.30,9,277.00,2.40,200,90.00,6.70,146.00,0.30,9,277.00,1.10,214,78.00,8.70,195.00
"2025-04-01 17:30:00",0.70,264.00,9.00,0.01,2,276.00,0.27,290,91.00,9.80,247.00,0.50,2,276.00,1.40,182,76.00,7.50,176.00,0.50,2,276.00,1.00,216,66.00,10.20,252.00
"2025-04-01 17:45:00",0.60,259.00,9.00,0.04,2,276.00,0.26,327,113.00,9.40,226.00,0.40,2,276.00,1.50,216,92.00,7.40,170.00,0.40,2,276.00,1.10,254,85.00,9.90,234.00
"2025-04-01 18:00:00",0.20,234.00,9.00,0.06,9,276.00,0.23,307,98.00,9.80,246.00,0.20,9,276.00,1.30,187,81.00,7.10,154.00,0.10,9,276.00,0.80,245,74.00,10.50,242.00
"2025-04-01 18:15:00",0.40,250.00,9.00,0.08,9,277.00,0.23,307,95.00,9.90,232.00,0.30,9,277.00,1.30,190,79.00,7.40,166.00,0.20,9,277.00,0.80,226,64.00,10.50,234.00
"2025-04-01 18:30:00",0.40,241.00,9.00,0.06,9,274.00,0.27,372,127.00,10.10,223.00,0.40,9,274.00,1.30,213,98.00,6.80,150.00,0.20,9,274.00,0.90,265,95.00,9.90,217.00
"2025-04-01 18:45:00",0.30,244.00,9.00,0.06,9,274.00,0.23,314,96.00,10.10,248.00,0.30,9,274.00,1.20,189,83.00,6.90,148.00,0.20,9,274.00,0.80,240,68.00,10.70,247.00
"2025-04-01 19:00:00",0.40,247.00,9.00,0.04,9,274.00,0.25,311,97.00,9.90,240.00,0.30,9,274.00,1.20,197,89.00,6.70,134.00,0.20,9,274.00,0.80,250,65.00,11.60,254.00
"2025-04-01 19:15:00",0.80,222.00,9.00,0.01,9,276.00,0.24,336,124.00,8.50,202.00,0.80,9,276.00,1.70,221,104.00,6.30,128.00,0.10,9,276.00,1.10,274,93.00,9.60,232.00
"2025-04-01 19:30:00",0.90,240.00,9.00,0.00,9,274.00,0.26,316,108.00,9.20,234.00,0.90,9,274.00,1.30,207,100.00,6.20,127.00,0.40,9,274.00,0.90,253,74.00,10.50,254.00
"2025-04-01 19:45:00",0.90,248.00,9.00,-0.01,9,274.00,0.23,324,94.00,10.50,261.00,0.80,9,274.00,1.30,201,90.00,6.80,147.00,0.50,9,274.00,0.80,244,62.00,11.70,264.00
"2025-04-01 20:00:00",0.50,261.00,9.00,-0.01,9,274.00,0.25,324,97.00,10.20,256.00,0.40,9,274.00,1.30,215,94.00,6.90,153.00,0.40,9,274.00,0.80,258,64.00,11.80,264.00
"2025-04-01 20:15:00",0.20,241.00,9.00,0.01,9,276.00,0.21,317,97.00,9.80,241.00,0.20,9,276.00,1.30,216,95.00,6.80,146.00,0.10,9,276.00,0.80,257,64.00,11.40,246.00
"2025-04-01 20:30:00",0.20,278.00,9.00,0.04,9,274.00,0.23,326,100.00,10.00,246.00,0.10,9,274.00,1.10,209,91.00,7.00,150.00,0.20,9,274.00,0.90,259,67.00,11.40,259.00
"2025-04-01 20:45:00",0.30,279.00,9.00,0.05,9,274.00,0.23,422,152.00,9.90,229.00,0.10,9,274.00,1.30,265,121.00,7.20,164.00,0.20,9,274.00,1.00,338,120.00,10.40,231.00
"2025-04-01 21:00:00",0.40,284.00,9.00,0.06,9,273.00,0.24,335,99.00,10.40,241.00,0.10,9,273.00,2.20,216,86.00,8.00,190.00,0.30,9,273.00,1.40,252,84.00,9.70,231.00
"2025-04-01 21:15:00",1.10,265.00,9.00,0.02,9,277.00,0.26,318,104.00,9.40,220.00,0.70,9,277.00,1.70,210,86.00,7.40,173.00,0.80,9,277.00,1.20,257,94.00,8.70,198.00
"2025-04-01 21:30:00",2.30,265.00,9.00,-0.02,9,274.00,0.32,393,123.00,10.30,236.00,1.60,9,274.00,2.00,295,111.00,8.80,201.00,1.70,9,274.00,2.40,338,122.00,9.50,214.00
"2025-04-01 21:45:00",1.70,267.00,9.00,0.02,9,274.00,0.32,371,98.00,11.30,268.00,1.10,9,274.00,2.20,273,83.00,10.00,239.00,1.30,9,274.00,2.00,293,82.00,10.90,267.00
"2025-04-01 22:00:00",1.40,267.00,9.00,0.06,9,273.00,0.29,409,124.00,10.90,244.00,0.90,9,273.00,2.30,285,94.00,9.70,235.00,1.10,9,273.00,1.50,324,100.00,10.80,245.00
"2025-04-01 22:15:00",1.40,264.00,9.00,0.01,9,277.00,0.28,422,145.00,9.50,208.00,1.00,9,277.00,1.90,283,112.00,7.90,152.00,1.00,9,277.00,1.40,314,107.00,9.70,211.00
"2025-04-01 22:30:00",1.40,264.00,9.00,-0.04,9,273.00,0.26,372,103.00,10.90,246.00,1.00,9,273.00,1.40,251,94.00,8.30,168.00,1.00,9,273.00,1.10,275,72.00,11.30,253.00
"2025-04-01 22:45:00",1.20,268.00,9.00,-0.01,9,275.00,0.27,397,104.00,11.30,251.00,0.80,9,275.00,2.20,279,93.00,9.10,199.00,0.90,9,275.00,1.20,301,74.00,12.00,256.00
"2025-04-01 23:00:00",1.80,266.00,9.00,-0.09,9,274.00,0.31,380,107.00,10.70,242.00,1.20,9,274.00,2.40,285,107.00,8.00,149.00,1.30,9,274.00,1.40,291,74.00,11.60,253.00
"2025-04-01 23:15:00",0.80,274.00,9.00,-0.03,9,276.00,0.30,348,105.00,10.00,235.00,0.50,9,276.00,1.60,246,97.00,7.60,188.00,0.70,9,276.00,1.10,260,68.00,11.10,245.00
"2025-04-01 23:30:00",1.70,273.00,9.00,-0.04,9,273.00,0.33,441,160.00,9.60,215.00,1.00,9,273.00,2.30,310,124.00,7.90,176.00,1.40,9,273.00,1.80,340,118.00,10.30,225.00
"2025-04-01 23:45:00",0.40,278.00,9.00,0.00,9,274.00,0.27,340,98.00,10.50,252.00,0.20,9,274.00,1.80,223,85.00,8.10,209.00,0.30,9,274.00,0.90,267,66.00,11.90,257.00
"2025-04-02 00:00:00",0.40,270.00,9.00,-0.01,9,274.00,0.31,406,154.00,9.30,210.00,0.20,9,274.00,1.50,245,107.00,7.20,163.00,0.30,9,274.00,0.90,307,112.00,9.80,214.00
"2025-04-02 00:15:00",0.90,272.00,9.00,-0.02,9,277.00,0.23,323,98.00,9.90,229.00,0.50,9,277.00,1.70,215,86.00,7.60,191.00,0.80,9,277.00,1.20,246,68.00,10.60,238.00
"2025-04-02 00:30:00",1.10,264.00,9.00,-0.03,9,274.00,0.26,334,94.00,10.80,261.00,0.80,9,274.00,1.60,220,83.00,8.20,204.00,0.80,9,274.00,1.10,251,64.00,11.70,267.00
"2025-04-02 00:45:00",0.90,251.00,9.00,0.00,9,274.00,0.26,381,140.00,9.30,214.00,0.70,9,274.00,1.60,236,105.00,7.10,155.00,0.50,9,274.00,1.10,304,101.00,10.40,238.00
"2025-04-02 01:00:00",0.80,256.00,9.00,-0.03,9,275.00,0.20,344,92.00,11.20,258.00,0.60,9,275.00,1.30,209,76.00,8.70,226.00,0.50,9,275.00,0.80,261,70.00,11.40,256.00
"2025-04-02 01:15:00",1.10,281.00,9.00,-0.05,9,276.00,0.24,608,321.00,7.10,127.00,0.50,9,276.00,1.20,503,300.00,5.40,75.00,1.00,9,276.00,1.20,643,365.00,6.10,92.00
"2025-04-02 01:30:00",0.50,266.00,9.00,-0.03,9,274.00,0.22,461,225.00,7.30,138.00,0.40,9,274.00,1.30,385,217.00,5.70,81.00,0.40,9,274.00,1.00,439,242.00,6.50,101.00
"2025-04-02 01:45:00",1.70,267.00,9.00,-0.05,9,274.00,0.23,559,263.00,7.70,149.00,1.10,9,274.00,1.90,445,242.00,6.20,107.00,1.30,9,274.00,1.90,517,286.00,6.30,113.00
"2025-04-02 02:00:00",1.10,250.00,9.00,-0.01,9,274.00,0.27,460,132.00,11.40,242.00,0.90,9,274.00,1.50,275,103.00,8.80,209.00,0.60,9,274.00,1.30,328,105.00,10.60,231.00
"2025-04-02 02:15:00",2.10,230.00,9.00,0.04,9,277.00,0.32,395,100.00,11.40,241.00,2.10,9,277.00,2.70,276,89.00,9.40,235.00,0.40,9,277.00,1.20,293,76.00,11.20,249.00
"2025-04-02 02:30:00",2.50,251.00,9.00,-0.07,9,274.00,0.32,450,116.00,11.80,254.00,2.10,9,274.00,2.30,343,101.00,10.50,250.00,1.30,9,274.00,1.60,380,102.00,11.90,246.00
"2025-04-02 02:45:00",2.30,251.00,9.00,-0.02,9,274.00,0.30,500,195.00,9.90,196.00,1.90,9,274.00,2.20,405,186.00,8.50,170.00,1.30,9,274.00,1.70,452,203.00,9.50,181.00
"2025-04-02 03:00:00",3.40,265.00,9.00,-0.07,9,275.00,0.35,623,328.00,6.10,101.00,2.30,9,275.00,2.30,556,313.00,5.30,65.00,2.50,9,275.00,2.80,632,374.00,5.00,57.00
"2025-04-02 03:15:00",1.70,251.00,9.00,-0.01,9,277.00,0.26,499,202.00,8.90,191.00,1.40,9,277.00,1.60,399,202.00,6.60,135.00,0.90,9,277.00,1.10,478,234.00,7.40,140.00
"2025-04-02 03:30:00",1.20,256.00,9.00,0.01,9,274.00,0.24,466,157.00,10.00,217.00,1.00,9,274.00,1.40,334,134.00,8.30,184.00,0.80,9,274.00,1.30,373,146.00,9.10,194.00
"2025-04-02 03:45:00",1.20,231.00,9.00,-0.01,9,275.00,0.21,488,103.00,13.10,271.00,1.10,9,275.00,1.20,322,85.00,11.20,267.00,0.30,9,275.00,0.80,376,79.00,13.50,270.00
"2025-04-02 04:00:00",1.80,242.00,9.00,-0.02,9,274.00,0.29,458,108.00,12.30,268.00,1.70,9,274.00,1.80,349,94.00,10.90,254.00,0.70,9,274.00,1.10,398,78.00,13.80,268.00
"2025-04-02 04:15:00",1.80,249.00,9.00,0.01,9,276.00,0.23,456,103.00,12.20,251.00,1.50,9,276.00,1.60,314,92.00,10.00,236.00,0.90,9,276.00,1.10,375,76.00,13.20,254.00
"2025-04-02 04:30:00",2.10,236.00,9.00,0.09,9,274.00,0.27,513,118.00,12.40,266.00,2.00,9,274.00,1.70,377,109.00,10.20,254.00,0.60,9,274.00,1.10,401,89.00,12.60,263.00
"2025-04-02 04:45:00",1.60,232.00,9.00,0.11,9,274.00,0.24,559,141.00,11.80,257.00,1.50,9,274.00,1.20,407,133.00,9.30,222.00,0.40,9,274.00,1.00,462,106.00,13.00,265.00
"2025-04-02 05:00:00",1.40,242.00,9.00,0.07,9,273.00,0.23,561,128.00,12.50,270.00,1.30,9,273.00,1.20,430,125.00,10.20,239.00,0.60,9,273.00,1.10,460,98.00,13.10,268.00
"2025-04-02 05:15:00",1.10,260.00,9.00,0.14,9,276.00,0.26,471,127.00,11.00,243.00,0.80,9,276.00,1.20,333,126.00,7.90,182.00,0.70,9,276.00,1.10,416,92.00,12.40,249.00
"2025-04-02 05:30:00",0.50,283.00,9.00,0.03,9,273.00,0.20,470,124.00,11.40,259.00,0.20,9,273.00,1.10,305,122.00,7.60,161.00,0.50,9,273.00,0.80,354,92.00,11.60,258.00
"2025-04-02 05:45:00",0.30,320.00,9.00,0.04,9,274.00,0.22,428,131.00,10.20,247.00,-0.10,9,274.00,0.80,281,123.00,7.00,142.00,0.30,9,274.00,0.80,335,98.00,10.60,242.00
"2025-04-02 06:00:00",1.40,255.00,9.00,0.06,9,273.00,0.22,497,141.00,10.90,250.00,1.10,9,273.00,1.30,356,142.00,7.70,175.00,0.80,9,273.00,0.90,417,105.00,12.00,259.00
"2025-04-02 06:15:00",2.00,245.00,9.00,0.06,9,276.00,0.25,540,132.00,11.60,245.00,1.70,9,276.00,1.30,424,118.00,10.40,233.00,0.90,9,276.00,1.10,441,100.00,12.10,254.00
"2025-04-02 06:30:00",1.00,249.00,9.00,0.13,9,273.00,0.24,559,129.00,12.40,264.00,0.80,9,273.00,1.10,483,132.00,10.60,249.00,0.50,9,273.00,1.20,452,98.00,12.80,261.00
"2025-04-02 06:45:00",0.60,288.00,9.00,0.07,9,273.00,0.25,572,130.00,12.60,267.00,0.20,9,273.00,1.60,476,127.00,10.70,240.00,0.50,9,273.00,1.00,473,96.00,13.40,270.00
"2025-04-02 07:00:00",0.80,20.00,9.00,0.16,9,274.00,0.33,594,137.00,12.50,261.00,-0.80,9,274.00,1.50,559,134.00,11.90,243.00,0.30,9,274.00,1.20,481,112.00,12.60,257.00
"2025-04-02 07:15:00",1.10,12.00,9.00,0.08,9,275.00,0.30,524,121.00,12.20,250.00,-1.00,9,275.00,1.40,429,103.00,11.60,239.00,0.50,9,275.00,1.10,439,92.00,12.90,255.00
"2025-04-02 07:30:00",0.50,278.00,9.00,0.05,9,274.00,0.21,564,251.00,7.70,164.00,0.30,9,274.00,1.20,405,216.00,5.70,74.00,0.40,9,274.00,1.00,522,253.00,7.20,141.00
"2025-04-02 07:45:00",0.60,254.00,9.00,-0.03,9,275.00,0.20,434,107.00,12.00,270.00,0.50,9,275.00,1.00,291,93.00,9.40,221.00,0.40,9,275.00,0.80,357,85.00,12.40,262.00
"2025-04-02 08:00:00",0.40,166.00,9.00,-0.01,9,274.00,0.17,456,108.00,12.50,260.00,0.20,9,274.00,0.80,244,97.00,8.00,184.00,-0.30,9,274.00,0.60,369,78.00,13.30,261.00
"2025-04-02 08:15:00",0.50,136.00,9.00,0.02,9,275.00,0.27,535,125.00,12.10,242.00,0.10,9,275.00,1.10,500,112.00,12.10,239.00,-0.50,9,275.00,1.00,504,97.00,13.80,251.00
"2025-04-02 08:30:00",0.10,108.00,9.00,0.10,9,275.00,0.25,450,110.00,11.90,265.00,0.00,9,275.00,1.00,370,93.00,11.20,243.00,-0.10,9,275.00,1.00,397,78.00,13.80,265.00
"2025-04-02 08:45:00",0.10,18.00,9.00,-0.06,9,274.00,0.24,482,183.00,9.80,219.00,-0.10,9,274.00,0.80,347,127.00,8.60,177.00,0.00,9,274.00,1.10,378,123.00,11.10,237.00
"2025-04-02 09:00:00",0.40,75.00,9.00,-0.08,9,274.00,0.28,440,132.00,10.40,231.00,-0.30,9,274.00,1.10,425,117.00,10.40,219.00,-0.20,9,274.00,0.90,387,104.00,11.70,251.00
"2025-04-02 09:15:00",0.80,44.00,9.00,-0.06,9,276.00,0.28,459,205.00,7.60,149.00,-0.80,9,276.00,2.80,356,184.00,6.30,103.00,-0.10,9,276.00,1.20,390,189.00,7.60,128.00
"2025-04-02 09:30:00",2.90,238.00,0.00,-0.02,9,274.00,0.32,609,338.00,5.50,64.00,2.70,0,274.00,2.50,527,323.00,4.40,22.00,1.00,0,274.00,1.10,618,385.00,4.30,17.00
"2025-04-02 09:45:00",2.80,242.00,9.00,-0.10,9,274.00,0.29,418,145.00,9.80,205.00,2.60,2,274.00,2.00,309,131.00,8.00,162.00,1.20,9,274.00,1.30,371,135.00,10.20,198.00
"2025-04-02 10:00:00",1.40,240.00,9.00,-0.03,2,274.00,0.25,407,137.00,10.20,224.00,1.30,2,274.00,1.50,271,113.00,7.70,157.00,0.50,2,274.00,1.00,321,100.00,11.20,234.00
"2025-04-02 10:15:00",0.50,235.00,9.00,0.00,2,276.00,0.22,365,129.00,9.30,203.00,0.50,2,276.00,0.90,223,108.00,6.30,86.00,0.10,2,276.00,0.90,268,86.00,10.10,218.00
"2025-04-02 10:30:00",0.30,223.00,9.00,0.01,9,274.00,0.21,335,94.00,10.90,237.00,0.30,9,274.00,0.90,205,84.00,7.60,149.00,0.00,9,274.00,0.70,252,64.00,11.90,250.00
"2025-04-02 10:45:00",0.00,234.00,9.00,-0.01,9,275.00,0.21,331,95.00,10.70,238.00,0.00,9,275.00,1.40,200,81.00,7.70,151.00,0.00,9,275.00,0.80,253,66.00,11.50,246.00
"2025-04-02 11:00:00",1.10,242.00,9.00,0.02,2,274.00,0.24,334,102.00,10.10,221.00,1.00,2,274.00,2.70,211,87.00,7.50,134.00,0.50,2,274.00,1.70,254,73.00,10.70,239.00
"2025-04-02 11:15:00",0.70,278.00,9.00,0.10,2,276.00,0.44,345,127.00,8.40,209.00,0.30,2,276.00,3.00,282,129.00,6.40,119.00,0.60,2,276.00,2.40,271,97.00,8.60,212.00
"2025-04-02 11:30:00",1.10,239.00,9.00,0.02,2,274.00,0.31,403,165.00,8.00,191.00,1.00,2,274.00,1.90,289,153.00,5.40,72.00,0.40,2,274.00,1.80,320,133.00,8.10,196.00
"2025-04-02 11:45:00",1.00,226.00,9.00,0.23,2,275.00,0.51,366,119.00,9.50,243.00,1.00,2,275.00,2.80,266,118.00,6.60,136.00,0.10,2,275.00,1.60,272,90.00,9.40,238.00
"2025-04-02 12:00:00",1.90,259.00,9.00,0.38,2,275.00,0.69,400,112.00,10.80,259.00,1.50,2,275.00,3.30,371,107.00,10.10,239.00,1.30,2,275.00,3.10,345,89.00,11.50,266.00
"2025-04-02 12:15:00",0.80,322.00,9.00,0.13,2,278.00,0.43,313,93.00,10.20,234.00,-0.20,2,278.00,2.50,224,74.00,8.70,199.00,0.80,2,278.00,2.60,244,66.00,10.90,239.00
"2025-04-02 12:30:00",0.70,307.00,9.00,0.03,2,276.00,0.24,360,132.00,9.80,220.00,0.00,2,276.00,1.50,264,112.00,8.10,173.00,0.70,2,276.00,1.60,303,118.00,10.00,220.00
"2025-04-02 12:45:00",0.50,279.00,9.00,0.05,9,276.00,0.33,443,165.00,9.60,219.00,0.30,9,276.00,1.50,274,116.00,7.80,169.00,0.50,9,276.00,1.30,316,116.00,10.10,222.00
"2025-04-02 13:00:00",1.60,308.00,9.00,0.00,2,274.00,0.30,370,141.00,8.80,199.00,0.00,2,274.00,1.30,280,123.00,7.30,147.00,1.60,2,274.00,2.60,298,128.00,8.20,182.00
"2025-04-02 13:15:00",0.90,309.00,9.00,0.02,2,276.00,0.27,315,97.00,9.80,225.00,0.00,2,276.00,1.30,204,77.00,7.60,175.00,0.90,2,276.00,1.90,244,70.00,10.60,240.00
"2025-04-02 13:30:00",1.70,281.00,9.00,0.12,2,276.00,0.50,390,133.00,9.50,218.00,0.80,2,276.00,2.60,306,128.00,8.20,167.00,1.50,2,276.00,2.70,324,134.00,9.00,203.00
"2025-04-02 13:45:00",1.30,244.00,9.00,-0.05,2,276.00,0.28,402,144.00,9.90,210.00,1.10,2,276.00,1.50,317,133.00,8.70,177.00,0.60,2,276.00,0.90,359,145.00,9.80,182.00
"2025-04-02 14:00:00",1.20,233.00,9.00,0.07,2,274.00,0.34,406,114.00,11.20,248.00,1.10,2,274.00,1.70,319,89.00,10.60,239.00,0.30,2,274.00,0.90,323,79.00,12.70,256.00
"2025-04-02 14:15:00",0.70,305.00,9.00,-0.03,9,276.00,0.30,391,146.00,9.00,183.00,0.00,9,276.00,1.60,263,108.00,7.70,138.00,0.70,9,276.00,1.30,305,104.00,9.90,194.00
"2025-04-02 14:30:00",1.10,3.00,9.00,0.00,2,276.00,0.28,343,110.00,9.70,210.00,-0.90,2,276.00,1.80,203,81.00,7.60,127.00,0.60,2,276.00,1.50,252,73.00,10.70,235.00
"2025-04-02 14:45:00",1.20,273.00,9.00,-0.05,2,276.00,0.27,321,138.00,7.30,132.00,0.70,2,276.00,1.90,202,93.00,6.50,93.00,1.00,2,276.00,1.90,243,85.00,9.00,196.00
"2025-04-02 15:00:00",1.20,247.00,9.00,0.09,2,275.00,0.44,359,158.00,6.90,111.00,1.00,2,275.00,3.00,277,110.00,7.60,138.00,0.60,2,275.00,2.10,272,98.00,8.70,190.00
"2025-04-02 15:15:00",1.90,260.00,9.00,-0.14,2,278.00,0.50,328,145.00,7.20,141.00,1.40,2,278.00,3.30,241,105.00,7.00,134.00,1.30,2,278.00,1.80,239,87.00,8.60,198.00
"2025-04-02 15:30:00",2.30,276.00,9.00,-0.03,2,276.00,0.55,348,128.00,8.60,198.00,1.20,2,276.00,3.60,270,103.00,8.10,186.00,1.90,2,276.00,3.20,274,98.00,9.00,220.00
"2025-04-02 15:45:00",1.10,311.00,9.00,0.07,2,276.00,0.41,296,95.00,9.70,243.00,-0.10,2,276.00,3.70,206,76.00,8.40,195.00,1.10,2,276.00,2.50,228,69.00,10.30,233.00
"2025-04-02 16:00:00",2.30,246.00,9.00,0.00,2,275.00,0.49,330,95.00,10.60,254.00,2.00,2,275.00,3.70,233,75.00,9.40,228.00,1.10,2,275.00,2.60,274,70.00,11.60,262.00
"2025-04-02 16:15:00",1.10,239.00,9.00,-0.02,2,278.00,0.29,288,86.00,10.30,236.00,1.00,2,278.00,2.10,188,68.00,8.50,200.00,0.40,2,278.00,1.30,221,56.00,11.50,242.00
"2025-04-02 16:30:00",0.50,259.00,9.00,0.13,9,276.00,0.38,293,91.00,10.00,241.00,0.40,9,276.00,2.50,210,74.00,8.80,215.00,0.40,9,276.00,2.20,232,66.00,10.80,254.00
"2025-04-02 16:45:00",0.50,315.00,9.00,0.02,9,275.00,0.29,292,98.00,9.50,230.00,-0.10,9,275.00,1.50,203,82.00,7.90,177.00,0.50,9,275.00,1.50,232,78.00,9.60,237.00
"2025-04-02 17:00:00",1.20,281.00,9.00,0.03,2,276.00,0.40,287,90.00,9.80,236.00,0.60,2,276.00,2.20,192,69.00,8.50,205.00,1.10,2,276.00,2.50,236,66.00,11.00,257.00
"2025-04-02 17:15:00",0.30,320.00,9.00,0.09,9,278.00,0.25,268,86.00,9.40,224.00,-0.10,9,278.00,2.00,183,70.00,8.00,199.00,0.30,9,278.00,1.30,209,63.00,10.10,241.00
"2025-04-02 17:30:00",0.30,2.00,9.00,0.07,9,274.00,0.28,270,87.00,9.60,237.00,-0.30,9,274.00,1.70,164,70.00,7.10,158.00,0.20,9,274.00,1.00,196,61.00,10.00,240.00
"2025-04-02 17:45:00",0.30,323.00,9.00,0.07,9,274.00,0.20,279,85.00,10.20,241.00,-0.10,9,274.00,1.00,162,69.00,7.20,168.00,0.30,9,274.00,1.00,209,59.00,10.80,245.00
"2025-04-02 18:00:00",0.10,257.00,9.00,0.05,9,274.00,0.24,269,83.00,10.00,253.00,0.10,9,274.00,1.20,165,76.00,6.40,129.00,0.10,9,274.00,0.80,198,55.00,10.90,251.00
"2025-04-02 18:15:00",0.30,10.00,9.00,0.05,9,276.00,0.21,290,103.00,8.90,211.00,-0.20,9,276.00,1.40,188,93.00,5.90,96.00,0.10,9,276.00,0.80,221,76.00,9.70,219.00
"2025-04-02 18:30:00",0.40,238.00,9.00,0.04,9,274.00,0.20,294,91.00,10.00,244.00,0.40,9,274.00,1.10,173,84.00,6.10,102.00,0.10,9,274.00,0.80,215,60.00,10.80,257.00
"2025-04-02 18:45:00",0.70,243.00,9.00,0.03,9,274.00,0.21,351,142.00,8.70,187.00,0.60,9,274.00,1.10,254,136.00,6.00,98.00,0.30,9,274.00,0.80,313,141.00,8.80,173.00
"2025-04-02 19:00:00",1.10,244.00,9.00,0.01,9,274.00,0.23,344,93.00,11.10,262.00,1.00,9,274.00,1.30,213,82.00,8.10,193.00,0.50,9,274.00,0.90,266,64.00,12.10,268.00
"2025-04-02 19:15:00",0.90,240.00,9.00,0.05,9,276.00,0.26,330,87.00,11.10,254.00,0.80,9,276.00,1.40,198,79.00,7.70,176.00,0.30,9,276.00,0.80,261,60.00,12.10,251.00
"2025-04-02 19:30:00",1.00,243.00,9.00,0.01,9,274.00,0.24,353,92.00,11.40,260.00,0.90,9,274.00,1.30,222,69.00,9.80,247.00,0.40,9,274.00,0.90,284,62.00,12.80,266.00
"2025-04-02 19:45:00",2.10,236.00,9.00,0.03,9,274.00,0.30,458,138.00,10.60,250.00,2.00,9,274.00,2.30,313,99.00,9.70,236.00,0.70,9,274.00,1.10,365,95.00,12.10,257.00
"2025-04-02 20:00:00",2.40,231.00,9.00,0.04,9,274.00,0.27,422,122.00,10.60,261.00,2.40,9,274.00,1.90,292,89.00,9.70,229.00,0.50,9,274.00,1.10,303,74.00,11.90,264.00
"2025-04-02 20:15:00",1.60,232.00,9.00,-0.01,9,276.00,0.23,359,90.00,11.40,250.00,1.50,9,276.00,1.80,200,72.00,8.50,220.00,0.40,9,276.00,0.80,248,60.00,11.70,245.00
"2025-04-02 20:30:00",2.50,241.00,9.00,-0.05,9,274.00,0.26,449,190.00,8.60,181.00,2.30,9,274.00,1.90,356,176.00,6.90,125.00,1.00,9,274.00,1.10,419,197.00,8.30,141.00
"2025-04-02 20:45:00",2.50,236.00,9.00,0.00,9,273.00,0.25,444,101.00,12.60,268.00,2.40,9,273.00,1.90,278,83.00,10.00,248.00,0.80,9,273.00,0.90,360,69.00,14.00,269.00
"2025-04-02 21:00:00",2.50,241.00,9.00,0.02,9,275.00,0.28,444,101.00,12.50,265.00,2.30,9,275.00,2.00,304,83.00,10.70,258.00,1.00,9,275.00,1.40,321,72.00,12.70,270.00
"2025-04-02 21:15:00",2.30,239.00,9.00,-0.03,9,276.00,0.31,398,107.00,11.00,245.00,2.20,9,276.00,1.90,263,88.00,9.00,216.00,0.90,9,276.00,1.10,311,78.00,11.70,246.00
"2025-04-02 21:30:00",2.20,238.00,9.00,-0.02,9,274.00,0.29,463,146.00,9.90,243.00,2.10,9,274.00,1.80,332,117.00,8.80,219.00,0.80,9,274.00,1.00,337,97.00,10.80,253.00
"2025-04-02 21:45:00",1.80,243.00,9.00,0.08,9,274.00,0.27,455,114.00,11.80,262.00,1.60,9,274.00,1.50,297,98.00,9.20,229.00,0.80,9,274.00,1.00,354,75.00,13.20,271.00
"2025-04-02 22:00:00",2.30,237.00,9.00,0.07,9,274.00,0.24,461,109.00,12.20,270.00,2.10,9,274.00,1.70,325,106.00,9.10,220.00,0.70,9,274.00,1.20,364,80.00,12.80,268.00
"2025-04-02 22:15:00",1.50,250.00,9.00,0.05,9,276.00,0.21,446,96.00,12.60,257.00,1.30,9,276.00,1.20,291,82.00,10.20,234.00,0.80,9,276.00,1.10,344,71.00,13.00,252.00
"2025-04-02 22:30:00",0.80,241.00,9.00,0.04,9,273.00,0.19,482,111.00,12.50,267.00,0.70,9,273.00,1.10,275,95.00,9.00,219.00,0.30,9,273.00,0.80,342,80.00,12.60,264.00
"2025-04-02 22:45:00",1.30,259.00,9.00,-0.04,9,274.00,0.25,494,224.00,7.70,166.00,1.00,9,274.00,1.60,384,200.00,6.40,118.00,0.90,9,274.00,1.10,461,237.00,6.90,124.00
"2025-04-02 23:00:00",1.70,244.00,0.00,0.00,9,274.00,0.25,668,368.00,5.30,70.00,1.50,0,274.00,1.70,535,331.00,4.20,21.00,0.70,0,274.00,1.00,657,403.00,4.20,14.00
"2025-04-02 23:15:00",1.70,252.00,9.00,-0.05,9,276.00,0.25,524,148.00,11.70,234.00,1.40,9,276.00,1.10,340,124.00,9.30,197.00,0.90,9,276.00,1.00,388,130.00,10.70,212.00
"2025-04-02 23:30:00",1.50,241.00,9.00,0.07,9,274.00,0.20,456,104.00,12.50,266.00,1.40,9,274.00,1.30,319,88.00,10.80,250.00,0.60,9,274.00,0.90,348,79.00,12.80,266.00
"2025-04-02 23:45:00",0.40,15.00,9.00,0.10,9,274.00,0.27,516,124.00,12.10,269.00,-0.40,9,274.00,1.60,378,112.00,10.00,236.00,0.20,9,274.00,1.10,350,86.00,11.80,265.00
"2025-04-03 00:00:00",0.60,52.00,9.00,0.05,9,274.00,0.17,597,115.00,14.00,273.00,-0.50,9,274.00,1.30,356,109.00,9.90,248.00,-0.10,9,274.00,0.70,395,78.00,13.90,272.00
"2025-04-03 00:15:00",0.50,205.00,9.00,-0.02,9,276.00,0.17,565,115.00,13.40,246.00,0.50,9,276.00,1.00,332,102.00,9.50,216.00,-0.10,9,276.00,0.90,326,79.00,11.70,245.00
"2025-04-03 00:30:00",0.20,39.00,9.00,0.05,9,275.00,0.13,689,172.00,13.00,259.00,-0.20,9,275.00,1.10,292,125.00,7.30,167.00,0.00,9,275.00,0.60,368,117.00,10.90,230.00
"2025-04-03 00:45:00",0.30,270.00,9.00,-0.03,9,274.00,0.14,500,103.00,13.50,274.00,0.20,9,274.00,0.70,264,97.00,8.60,239.00,0.20,9,274.00,0.70,268,74.00,11.00,264.00
"2025-04-03 01:00:00",0.40,292.00,9.00,-0.05,9,274.00,0.16,545,100.00,14.50,274.00,0.10,9,274.00,0.60,268,93.00,9.00,236.00,0.40,9,274.00,0.70,266,70.00,11.20,261.00
"2025-04-03 01:15:00",0.30,318.00,9.00,0.02,9,277.00,0.09,578,107.00,14.10,256.00,0.00,9,277.00,0.60,309,98.00,9.50,231.00,0.20,9,277.00,0.60,324,77.00,11.90,254.00
"2025-04-03 01:30:00",0.60,336.00,9.00,0.00,9,274.00,0.13,661,115.00,15.00,267.00,-0.30,9,274.00,0.90,403,104.00,11.20,237.00,0.50,9,274.00,0.90,402,92.00,12.80,259.00
"2025-04-03 01:45:00",0.50,24.00,9.00,0.02,9,274.00,0.16,549,109.00,13.60,267.00,-0.50,9,274.00,1.00,363,102.00,10.30,238.00,0.10,9,274.00,0.70,375,78.00,13.20,265.00
"2025-04-03 02:00:00",0.40,318.00,9.00,0.05,9,275.00,0.30,518,169.00,10.40,222.00,-0.10,9,275.00,0.90,421,126.00,10.20,230.00,0.40,9,275.00,1.00,425,123.00,11.40,238.00
"2025-04-03 02:15:00",0.20,284.00,9.00,0.00,9,276.00,0.11,631,111.00,14.40,256.00,0.10,9,276.00,0.70,336,100.00,9.90,213.00,0.20,9,276.00,0.70,293,85.00,10.10,230.00
"2025-04-03 02:30:00",0.20,291.00,9.00,0.00,9,274.00,0.15,520,99.00,14.30,273.00,0.10,9,274.00,0.60,283,81.00,10.60,256.00,0.20,9,274.00,0.80,269,69.00,11.60,264.00
"2025-04-03 02:45:00",0.60,38.00,9.00,0.07,9,274.00,0.14,685,160.00,14.10,239.00,-0.60,9,274.00,0.70,267,114.00,7.80,180.00,0.00,9,274.00,0.50,346,108.00,11.20,238.00
"2025-04-03 03:00:00",0.20,159.00,9.00,0.04,9,275.00,0.13,573,116.00,14.00,268.00,0.10,9,275.00,0.70,273,98.00,8.80,227.00,-0.10,9,275.00,0.60,341,77.00,12.90,270.00
"2025-04-03 03:15:00",0.10,215.00,9.00,0.01,9,276.00,0.14,499,104.00,13.20,255.00,0.10,9,276.00,0.70,274,94.00,9.00,228.00,0.00,9,276.00,0.80,277,71.00,11.50,252.00
"2025-04-03 03:30:00",0.40,276.00,9.00,-0.03,9,274.00,0.13,527,100.00,14.10,269.00,0.20,9,274.00,0.70,261,92.00,8.80,214.00,0.30,9,274.00,0.80,252,73.00,10.60,251.00
"2025-04-03 03:45:00",0.30,252.00,9.00,-0.02,9,275.00,0.11,614,106.00,14.90,274.00,0.30,9,275.00,0.70,268,97.00,8.40,200.00,0.20,9,275.00,0.80,294,74.00,11.80,269.00
"2025-04-03 04:00:00",0.30,132.00,9.00,-0.01,9,274.00,0.11,568,99.00,14.90,274.00,0.00,9,274.00,0.70,264,90.00,9.20,238.00,-0.30,9,274.00,1.00,215,68.00,9.80,251.00
"2025-04-03 04:15:00",0.60,48.00,9.00,0.10,9,277.00,0.15,569,166.00,11.10,234.00,-0.50,9,277.00,1.00,245,115.00,6.40,147.00,-0.10,9,277.00,0.60,327,104.00,10.20,230.00
"2025-04-03 04:30:00",0.20,167.00,9.00,0.07,9,274.00,0.16,468,112.00,12.00,263.00,0.10,9,274.00,0.70,262,98.00,8.40,224.00,-0.10,9,274.00,0.50,346,73.00,13.30,268.00
"2025-04-03 04:45:00",0.30,227.00,9.00,0.10,9,274.00,0.17,453,116.00,11.60,267.00,0.30,9,274.00,0.80,316,99.00,9.70,249.00,0.10,9,274.00,0.60,338,76.00,12.70,272.00
"2025-04-03 05:00:00",0.30,7.00,9.00,0.13,9,273.00,0.12,582,116.00,13.90,268.00,-0.30,9,273.00,0.80,307,104.00,9.30,224.00,0.20,9,273.00,0.70,349,89.00,11.80,258.00
"2025-04-03 05:15:00",0.70,346.00,9.00,0.13,9,275.00,0.12,442,106.00,12.10,244.00,-0.40,9,275.00,0.70,292,94.00,9.60,219.00,0.50,9,275.00,0.70,265,86.00,9.80,222.00
"2025-04-03 05:30:00",0.10,326.00,9.00,0.14,9,274.00,0.18,461,138.00,10.90,242.00,0.00,9,274.00,2.00,331,117.00,9.00,194.00,0.10,9,274.00,0.80,282,102.00,9.10,213.00
"2025-04-03 05:45:00",0.50,2.00,9.00,0.09,9,273.00,0.18,372,113.00,10.20,232.00,-0.40,9,273.00,0.80,276,100.00,8.50,186.00,0.30,9,273.00,0.80,272,87.00,9.80,223.00
"2025-04-03 06:00:00",0.70,64.00,9.00,0.17,9,273.00,0.14,507,103.00,13.70,269.00,-0.60,9,273.00,0.80,278,90.00,9.30,208.00,-0.30,9,273.00,0.70,266,76.00,10.60,230.00
"2025-04-03 06:15:00",0.60,79.00,9.00,0.21,9,276.00,0.17,420,100.00,12.00,249.00,-0.40,9,276.00,0.80,244,88.00,8.50,210.00,-0.40,9,276.00,0.50,282,72.00,11.60,241.00
"2025-04-03 06:30:00",0.50,52.00,9.00,0.13,9,273.00,0.18,499,114.00,12.90,262.00,-0.50,9,273.00,1.00,358,99.00,10.70,238.00,-0.10,9,273.00,0.70,339,81.00,12.20,257.00
"2025-04-03 06:45:00",0.40,358.00,9.00,0.03,9,273.00,0.21,433,130.00,10.90,249.00,-0.30,9,273.00,0.80,266,103.00,8.30,198.00,0.30,9,273.00,0.70,322,93.00,11.20,248.00
"2025-04-03 07:00:00",0.30,63.00,9.00,0.06,9,274.00,0.15,421,115.00,11.20,245.00,-0.30,9,274.00,0.90,230,92.00,7.80,180.00,-0.10,9,274.00,0.70,309,87.00,11.00,246.00
"2025-04-03 07:15:00",0.10,38.00,9.00,0.05,9,275.00,0.13,425,111.00,11.30,238.00,-0.10,9,275.00,0.90,200,90.00,6.80,141.00,0.00,9,275.00,0.70,246,75.00,10.00,228.00
"2025-04-03 07:30:00",0.10,144.00,9.00,0.05,9,274.00,0.18,369,108.00,10.40,247.00,0.00,9,274.00,0.80,206,92.00,6.80,141.00,-0.10,9,274.00,0.60,277,72.00,11.60,260.00
"2025-04-03 07:45:00",0.10,141.00,9.00,0.05,9,274.00,0.19,397,110.00,10.90,249.00,0.00,9,274.00,0.80,236,96.00,7.50,178.00,-0.10,9,274.00,0.70,291,75.00,11.60,262.00
"2025-04-03 08:00:00",0.20,231.00,9.00,0.07,9,274.00,0.20,390,118.00,10.30,245.00,0.20,9,274.00,0.90,236,103.00,7.10,159.00,0.00,9,274.00,0.60,284,80.00,11.00,247.00
"2025-04-03 08:15:00",0.20,201.00,9.00,0.04,9,276.00,0.19,403,132.00,9.60,205.00,0.20,9,276.00,0.70,237,111.00,6.40,116.00,-0.10,9,276.00,0.60,283,90.00,10.10,224.00
"2025-04-03 08:30:00",0.70,207.00,9.00,0.11,9,275.00,0.24,379,115.00,10.00,250.00,0.70,9,275.00,1.30,258,105.00,7.60,177.00,-0.10,9,275.00,0.80,294,78.00,11.40,263.00
"2025-04-03 08:45:00",0.30,250.00,9.00,0.05,9,274.00,0.21,395,122.00,10.10,245.00,0.20,9,274.00,1.10,238,103.00,7.10,142.00,0.10,9,274.00,0.70,327,76.00,12.40,264.00
"2025-04-03 09:00:00",0.40,40.00,9.00,0.02,9,273.00,0.21,384,117.00,10.20,236.00,-0.40,9,273.00,1.00,243,101.00,7.30,147.00,0.00,9,273.00,0.70,322,82.00,11.80,249.00
"2025-04-03 09:15:00",0.40,259.00,9.00,0.05,9,276.00,0.27,406,131.00,9.80,228.00,0.30,9,276.00,1.00,290,111.00,8.20,187.00,0.30,9,276.00,1.10,370,91.00,12.10,243.00
"2025-04-03 09:30:00",0.10,102.00,9.00,0.04,9,274.00,0.21,467,142.00,10.60,239.00,-0.10,9,274.00,1.00,398,121.00,9.90,210.00,-0.10,9,274.00,0.80,419,112.00,12.10,248.00
"2025-04-03 09:45:00",0.80,44.00,9.00,-0.09,9,274.00,0.25,489,127.00,11.40,260.00,-0.80,9,274.00,1.30,457,112.00,11.30,243.00,-0.10,9,274.00,1.10,462,97.00,13.40,265.00
"2025-04-03 10:00:00",0.80,81.00,9.00,0.16,2,274.00,0.36,472,122.00,11.40,257.00,-0.60,2,274.00,1.50,384,108.00,10.30,232.00,-0.50,2,274.00,0.80,362,79.00,12.80,264.00
"2025-04-03 10:15:00",0.60,57.00,9.00,-0.06,2,276.00,0.23,360,128.00,8.70,198.00,-0.60,2,276.00,1.00,267,102.00,7.90,171.00,-0.20,2,276.00,1.00,306,80.00,11.20,242.00
"2025-04-03 10:30:00",0.60,44.00,9.00,-0.04,2,275.00,0.27,361,119.00,9.30,225.00,-0.60,2,275.00,1.00,255,98.00,7.90,182.00,-0.10,2,275.00,0.80,319,77.00,12.00,260.00
"2025-04-03 10:45:00",0.40,84.00,9.00,0.03,2,275.00,0.22,306,100.00,9.40,227.00,-0.30,2,275.00,0.90,180,83.00,6.40,118.00,-0.30,2,275.00,0.80,253,67.00,11.30,250.00
"2025-04-03 11:00:00",0.70,76.00,9.00,0.07,2,276.00,0.28,316,126.00,8.00,186.00,-0.60,2,276.00,1.20,214,101.00,6.00,94.00,-0.40,2,276.00,1.20,264,88.00,9.60,226.00
"2025-04-03 11:15:00",0.30,105.00,9.00,0.02,2,278.00,0.24,254,95.00,8.20,190.00,-0.10,2,278.00,1.40,174,75.00,6.60,118.00,-0.30,2,278.00,0.90,195,58.00,10.20,235.00
"2025-04-03 11:30:00",0.40,76.00,9.00,0.03,2,276.00,0.25,280,99.00,8.70,214.00,-0.30,2,276.00,1.70,198,88.00,6.50,120.00,-0.30,2,276.00,0.70,238,62.00,11.30,258.00
"2025-04-03 11:45:00",0.50,110.00,9.00,0.02,2,276.00,0.26,267,101.00,8.20,200.00,-0.20,2,276.00,1.50,205,98.00,5.80,88.00,-0.50,2,276.00,0.90,223,63.00,10.80,249.00
"2025-04-03 12:00:00",0.30,98.00,9.00,0.04,2,276.00,0.27,259,93.00,8.70,212.00,-0.20,2,276.00,1.70,208,88.00,6.70,114.00,-0.30,2,276.00,0.90,219,57.00,11.30,261.00
"2025-04-03 12:15:00",1.00,54.00,9.00,0.15,2,278.00,0.34,391,152.00,8.70,184.00,-1.00,2,278.00,2.00,317,130.00,7.40,138.00,-0.30,2,278.00,1.30,307,101.00,10.30,231.00
"2025-04-03 12:30:00",1.10,41.00,9.00,-0.03,2,277.00,0.42,307,94.00,9.80,253.00,-1.10,2,277.00,2.40,271,87.00,8.80,201.00,-0.10,2,277.00,1.60,251,67.00,11.10,257.00
"2025-04-03 12:45:00",1.10,69.00,9.00,0.09,2,276.00,0.34,288,92.00,9.60,247.00,-0.90,2,276.00,1.70,222,80.00,8.00,166.00,-0.60,2,276.00,1.00,232,60.00,11.40,258.00
"2025-04-03 13:00:00",1.40,88.00,9.00,0.12,2,276.00,0.38,308,100.00,9.40,236.00,-0.90,2,276.00,1.50,267,97.00,8.00,170.00,-1.10,2,276.00,1.40,247,65.00,11.10,259.00
"2025-04-03 13:15:00",0.90,87.00,9.00,-0.06,2,279.00,0.26,241,91.00,8.10,190.00,-0.60,2,279.00,1.50,166,85.00,5.60,96.00,-0.70,2,279.00,1.20,203,62.00,9.80,239.00
"2025-04-03 13:30:00",0.90,85.00,9.00,0.01,2,277.00,0.28,327,124.00,9.00,210.00,-0.60,2,277.00,1.10,231,100.00,7.10,144.00,-0.70,2,277.00,1.10,267,85.00,10.70,246.00
"2025-04-03 13:45:00",0.60,80.00,9.00,0.01,2,276.00,0.26,302,115.00,8.50,201.00,-0.50,2,276.00,1.20,215,94.00,6.80,133.00,-0.40,2,276.00,1.10,253,76.00,10.40,244.00
"2025-04-03 14:00:00",0.80,109.00,9.00,0.13,2,277.00,0.40,274,88.00,9.50,242.00,-0.30,2,277.00,1.70,227,81.00,8.20,186.00,-0.70,2,277.00,1.20,238,57.00,11.70,257.00
"2025-04-03 14:15:00",1.10,65.00,9.00,0.01,2,278.00,0.34,274,86.00,9.40,220.00,-1.00,2,278.00,1.60,208,84.00,7.10,149.00,-0.50,2,278.00,1.30,200,57.00,10.30,234.00
"2025-04-03 14:30:00",0.80,61.00,9.00,-0.05,2,277.00,0.25,250,87.00,8.90,224.00,-0.80,2,277.00,1.30,190,85.00,6.50,121.00,-0.30,2,277.00,1.00,199,59.00,10.60,252.00
"2025-04-03 14:45:00",0.30,125.00,9.00,0.01,2,277.00,0.27,248,83.00,9.20,232.00,0.00,2,277.00,1.40,200,83.00,7.10,153.00,-0.30,2,277.00,1.00,207,57.00,11.20,258.00
"2025-04-03 15:00:00",1.00,17.00,9.00,0.26,2,276.00,0.56,408,132.00,10.20,245.00,-0.90,2,276.00,2.70,378,120.00,9.90,226.00,0.30,2,276.00,2.30,333,102.00,11.10,245.00
"2025-04-03 15:15:00",2.30,32.00,9.00,-0.08,2,279.00,0.41,330,93.00,10.50,234.00,-2.30,2,279.00,2.20,321,97.00,9.50,211.00,0.30,2,279.00,1.60,263,63.00,11.80,241.00
"2025-04-03 15:30:00",1.50,13.00,9.00,0.01,2,276.00,0.45,326,89.00,11.00,260.00,-1.40,2,276.00,2.20,320,87.00,10.50,221.00,0.60,2,276.00,1.80,299,67.00,12.90,264.00
"2025-04-03 15:45:00",1.80,10.00,9.00,-0.05,2,277.00,0.34,346,85.00,11.70,264.00,-1.60,2,277.00,1.80,340,84.00,10.90,228.00,0.80,2,277.00,1.40,309,64.00,13.20,264.00
"2025-04-03 16:00:00",1.00,0.00,9.00,0.04,2,276.00,0.25,275,78.00,10.70,258.00,-0.80,2,276.00,1.30,216,69.00,9.00,211.00,0.60,2,276.00,1.20,227,54.00,12.10,261.00
"2025-04-03 16:15:00",2.40,284.00,9.00,0.10,2,279.00,0.48,410,142.00,9.60,222.00,1.00,2,279.00,2.70,323,111.00,9.20,192.00,2.20,2,279.00,2.90,334,114.00,10.00,222.00
"2025-04-03 16:30:00",2.30,263.00,9.00,0.19,2,276.00,0.49,418,101.00,12.00,268.00,1.60,2,276.00,2.80,295,87.00,10.10,244.00,1.60,2,276.00,2.50,325,83.00,11.60,268.00
"2025-04-03 16:45:00",1.50,262.00,9.00,0.14,2,277.00,0.33,343,96.00,10.90,259.00,1.10,2,277.00,2.50,235,82.00,8.60,208.00,1.00,2,277.00,2.10,266,71.00,11.30,267.00
"2025-04-03 17:00:00",1.50,270.00,9.00,0.03,2,276.00,0.29,321,91.00,10.80,258.00,0.90,2,276.00,2.40,228,83.00,8.40,204.00,1.20,2,276.00,2.10,256,68.00,11.30,258.00
"2025-04-03 17:15:00",0.90,246.00,9.00,0.06,9,279.00,0.24,299,87.00,10.20,238.00,0.80,9,279.00,1.90,192,80.00,7.30,169.00,0.40,9,279.00,1.00,245,64.00,11.20,247.00
"2025-04-03 17:30:00",0.60,240.00,9.00,0.06,2,276.00,0.23,330,106.00,10.20,244.00,0.60,2,276.00,1.40,188,89.00,6.50,136.00,0.20,2,276.00,0.80,252,81.00,10.50,247.00
"2025-04-03 17:45:00",0.60,235.00,9.00,0.09,2,276.00,0.23,349,123.00,9.40,227.00,0.60,2,276.00,1.40,206,97.00,6.40,122.00,0.20,2,276.00,0.80,274,90.00,10.00,224.00
"2025-04-03 18:00:00",0.70,229.00,9.00,0.09,9,276.00,0.23,311,93.00,10.40,263.00,0.60,9,276.00,1.40,187,80.00,7.30,172.00,0.10,9,276.00,0.90,237,65.00,11.10,256.00
"2025-04-03 18:15:00",0.80,243.00,9.00,0.08,9,277.00,0.23,326,98.00,10.10,238.00,0.70,9,277.00,1.50,192,84.00,7.00,149.00,0.30,9,277.00,0.80,245,70.00,10.50,240.00
"2025-04-03 18:30:00",1.00,245.00,9.00,0.08,9,276.00,0.26,360,108.00,10.30,250.00,0.90,9,276.00,1.60,227,89.00,7.90,178.00,0.40,9,276.00,1.00,265,78.00,10.60,246.00
"2025-04-03 18:45:00",2.00,240.00,9.00,0.11,9,276.00,0.25,368,105.00,10.70,259.00,1.90,9,276.00,2.20,240,89.00,8.30,200.00,0.80,9,276.00,1.30,282,77.00,11.00,261.00
"2025-04-03 19:00:00",2.20,249.00,9.00,0.01,9,276.00,0.28,401,128.00,10.10,238.00,1.90,9,276.00,1.90,280,102.00,8.50,201.00,1.10,9,276.00,1.30,318,97.00,10.80,249.00
"2025-04-03 19:15:00",3.30,254.00,9.00,0.00,9,277.00,0.34,401,108.00,10.90,244.00,2.70,2,277.00,2.10,322,93.00,10.10,231.00,1.90,9,277.00,1.50,323,83.00,11.30,244.00
"2025-04-03 19:30:00",2.20,258.00,9.00,-0.03,9,274.00,0.35,378,100.00,11.30,266.00,1.70,9,274.00,2.00,278,83.00,10.10,247.00,1.40,9,274.00,1.30,290,75.00,11.50,264.00
"2025-04-03 19:45:00",1.70,263.00,9.00,-0.06,9,274.00,0.39,390,107.00,11.00,263.00,1.20,9,274.00,2.20,334,92.00,10.60,253.00,1.20,9,274.00,1.50,292,77.00,11.30,262.00
"2025-04-03 20:00:00",2.60,271.00,9.00,-0.35,9,274.00,0.49,426,111.00,11.40,261.00,1.50,9,274.00,2.10,413,95.00,12.20,267.00,2.00,9,274.00,1.40,365,76.00,13.10,271.00
"2025-04-03 20:15:00",2.90,268.00,9.00,-0.33,9,276.00,0.50,417,127.00,10.30,240.00,1.80,9,276.00,2.10,389,106.00,10.80,237.00,2.20,9,276.00,1.90,323,93.00,10.70,240.00
"2025-04-03 20:30:00",3.30,260.00,9.00,-0.19,9,274.00,0.44,379,105.00,10.90,260.00,2.50,2,274.00,2.10,346,90.00,11.10,261.00,2.20,9,274.00,1.70,302,78.00,11.50,267.00
"2025-04-03 20:45:00",3.80,261.00,9.00,-0.20,9,274.00,0.49,400,103.00,11.40,271.00,2.80,2,274.00,2.00,358,91.00,11.10,256.00,2.60,2,274.00,1.80,333,79.00,12.00,265.00
"2025-04-03 21:00:00",4.80,270.00,9.00,-0.37,9,274.00,0.47,505,115.00,12.40,270.00,3.00,2,274.00,1.80,485,102.00,12.70,269.00,3.80,2,274.00,1.90,401,88.00,12.70,273.00
"2025-04-03 21:15:00",3.40,264.00,9.00,-0.10,9,276.00,0.41,351,95.00,10.70,240.00,2.40,2,276.00,2.40,309,87.00,10.10,230.00,2.50,2,276.00,2.00,282,74.00,10.90,244.00
"2025-04-03 21:30:00",4.00,257.00,9.00,-0.15,9,274.00,0.41,403,106.00,11.20,262.00,3.10,2,274.00,2.50,356,100.00,10.30,255.00,2.50,2,274.00,1.60,321,80.00,11.80,266.00
"2025-04-03 21:45:00",3.80,261.00,9.00,-0.29,9,274.00,0.58,430,132.00,10.30,253.00,2.80,2,274.00,2.20,477,128.00,11.10,241.00,2.50,2,274.00,1.60,360,100.00,11.30,249.00
"2025-04-03 22:00:00",4.60,261.00,9.00,-0.38,9,274.00,0.61,466,126.00,11.00,260.00,3.40,2,274.00,2.20,451,127.00,10.10,233.00,3.10,2,274.00,2.00,388,88.00,12.40,267.00
"2025-04-03 22:15:00",3.40,259.00,9.00,-0.16,9,276.00,0.45,403,114.00,10.50,246.00,2.60,2,276.00,2.40,368,118.00,9.20,218.00,2.20,2,276.00,1.80,316,81.00,11.20,248.00
"2025-04-03 22:30:00",2.80,265.00,9.00,-0.13,9,273.00,0.32,400,107.00,11.10,263.00,1.90,9,273.00,1.90,342,109.00,9.30,220.00,2.00,9,273.00,1.40,308,75.00,12.00,269.00
"2025-04-03 22:45:00",3.40,264.00,9.00,-0.30,9,274.00,0.50,494,120.00,11.80,270.00,2.40,2,274.00,2.30,494,117.00,11.90,260.00,2.50,2,274.00,2.00,428,89.00,13.00,269.00
"2025-04-03 23:00:00",3.30,264.00,9.00,-0.19,9,274.00,0.61,546,141.00,11.60,261.00,2.30,2,274.00,2.40,524,135.00,11.20,243.00,2.40,2,274.00,2.50,452,111.00,12.30,257.00
"2025-04-03 23:15:00",2.40,278.00,9.00,-0.09,9,276.00,0.42,418,117.00,10.50,242.00,1.20,9,276.00,2.30,380,116.00,9.00,190.00,2.10,9,276.00,1.90,358,88.00,11.40,247.00
"2025-04-03 23:30:00",2.10,262.00,9.00,0.08,9,274.00,0.26,511,122.00,12.00,266.00,1.50,9,274.00,1.70,382,118.00,9.30,218.00,1.50,9,274.00,1.90,387,89.00,12.30,267.00
"2025-04-03 23:45:00",0.90,218.00,9.00,0.07,9,274.00,0.32,590,138.00,12.00,264.00,0.90,9,274.00,1.60,563,137.00,11.20,225.00,0.00,9,274.00,1.10,449,92.00,13.10,266.00
"2025-04-04 00:00:00",0.40,344.00,9.00,0.05,9,274.00,0.17,461,111.00,12.10,265.00,-0.30,9,274.00,0.80,321,109.00,9.00,210.00,0.40,9,274.00,0.80,285,76.00,11.20,259.00
"2025-04-04 00:15:00",0.50,8.00,9.00,0.06,9,276.00,0.20,444,126.00,10.80,238.00,-0.40,9,276.00,1.40,300,103.00,8.90,207.00,0.20,9,276.00,0.70,310,92.00,10.60,229.00
"2025-04-04 00:30:00",0.20,313.00,9.00,0.04,9,274.00,0.19,439,123.00,10.90,261.00,0.00,9,274.00,0.90,309,102.00,9.00,205.00,0.20,9,274.00,0.70,315,84.00,11.20,261.00
"2025-04-04 00:45:00",0.20,252.00,9.00,0.02,9,275.00,0.17,396,105.00,11.30,265.00,0.20,9,275.00,0.70,231,89.00,7.90,179.00,0.10,9,275.00,0.70,235,72.00,9.90,240.00
"2025-04-04 01:00:00",0.10,350.00,9.00,0.05,9,273.00,0.21,354,108.00,10.10,253.00,-0.10,9,273.00,0.80,196,93.00,6.30,119.00,0.10,9,273.00,0.70,247,76.00,9.90,235.00
"2025-04-04 01:15:00",0.60,98.00,9.00,0.10,9,276.00,0.18,484,110.00,12.20,252.00,-0.30,9,276.00,0.80,219,93.00,7.00,140.00,-0.50,9,276.00,1.00,252,78.00,9.70,220.00
"2025-04-04 01:30:00",0.50,103.00,9.00,0.06,9,274.00,0.18,398,112.00,10.70,254.00,-0.20,9,274.00,0.80,224,98.00,6.80,137.00,-0.40,9,274.00,0.90,260,80.00,10.00,243.00
"2025-04-04 01:45:00",0.30,73.00,9.00,0.04,9,273.00,0.20,490,158.00,10.70,240.00,-0.30,9,273.00,1.80,280,130.00,6.30,112.00,-0.20,9,273.00,1.00,314,121.00,9.00,209.00
"2025-04-04 02:00:00",1.20,123.00,9.00,0.01,9,274.00,0.20,519,115.00,12.50,266.00,-0.10,9,274.00,1.10,404,98.00,10.90,230.00,-1.20,9,274.00,1.20,449,86.00,13.30,267.00
"2025-04-04 02:15:00",0.20,104.00,9.00,0.03,9,275.00,0.19,400,111.00,10.70,246.00,-0.10,9,275.00,0.80,204,90.00,6.80,142.00,-0.20,9,275.00,0.70,255,74.00,10.20,233.00
"2025-04-04 02:30:00",0.10,339.00,9.00,0.03,9,274.00,0.19,394,105.00,11.30,264.00,0.00,9,274.00,1.00,207,89.00,7.20,160.00,0.10,9,274.00,0.60,265,73.00,10.90,255.00
"2025-04-04 02:45:00",0.10,228.00,9.00,0.02,9,273.00,0.15,457,105.00,12.50,267.00,0.10,9,273.00,0.80,198,88.00,6.80,147.00,0.00,9,273.00,0.70,253,73.00,10.50,256.00
"2025-04-04 03:00:00",0.10,343.00,9.00,0.02,9,274.00,0.15,531,164.00,10.90,230.00,0.00,9,274.00,1.90,276,129.00,6.30,118.00,0.00,9,274.00,0.70,317,121.00,9.10,205.00
"2025-04-04 03:15:00",0.20,116.00,9.00,0.02,9,275.00,0.18,367,104.00,10.50,244.00,-0.10,9,275.00,0.60,197,87.00,6.90,145.00,-0.20,9,275.00,0.80,249,71.00,10.40,244.00
"2025-04-04 03:30:00",0.30,96.00,9.00,0.02,9,274.00,0.20,402,109.00,11.10,260.00,-0.20,9,274.00,0.80,253,95.00,8.20,196.00,-0.20,9,274.00,0.80,295,77.00,11.30,262.00
"2025-04-04 03:45:00",0.40,57.00,9.00,0.05,9,273.00,0.19,422,109.00,11.50,265.00,-0.30,9,273.00,0.70,216,93.00,7.00,150.00,-0.10,9,273.00,0.70,248,73.00,10.30,252.00
"2025-04-04 04:00:00",0.60,72.00,9.00,0.09,9,274.00,0.15,475,109.00,12.60,270.00,-0.50,9,274.00,0.80,210,100.00,6.30,123.00,-0.30,9,274.00,0.60,240,76.00,9.80,232.00
"2025-04-04 04:15:00",0.50,56.00,9.00,0.10,9,275.00,0.14,471,139.00,11.10,219.00,-0.50,9,275.00,2.40,223,107.00,6.00,103.00,-0.20,9,275.00,0.90,244,103.00,8.00,179.00
"2025-04-04 04:30:00",0.20,313.00,9.00,-0.03,9,274.00,0.16,483,117.00,12.20,273.00,0.00,9,274.00,1.00,220,111.00,5.90,105.00,0.20,9,274.00,0.70,224,79.00,8.70,207.00
"2025-04-04 04:45:00",0.20,343.00,9.00,0.01,9,273.00,0.19,385,112.00,10.50,258.00,-0.10,9,273.00,0.80,227,104.00,6.60,137.00,0.10,9,273.00,0.70,257,75.00,10.40,256.00
"2025-04-04 05:00:00",0.40,189.00,9.00,0.03,9,273.00,0.16,437,113.00,11.50,264.00,0.30,9,273.00,0.80,237,96.00,7.60,184.00,-0.20,9,273.00,0.90,257,77.00,10.10,245.00
"2025-04-04 05:15:00",0.40,126.00,9.00,0.04,9,276.00,0.16,427,104.00,11.70,247.00,0.00,9,276.00,0.60,227,90.00,7.70,170.00,-0.40,9,276.00,1.10,236,74.00,9.60,233.00
"2025-04-04 05:30:00",0.30,95.00,9.00,0.04,9,273.00,0.21,376,109.00,10.50,247.00,-0.20,9,273.00,0.80,219,91.00,7.40,164.00,-0.30,9,273.00,1.00,250,81.00,9.70,238.00
"2025-04-04 05:45:00",3.30,133.00,9.00,0.13,9,274.00,0.25,558,165.00,10.80,224.00,0.30,9,274.00,2.40,453,133.00,9.70,191.00,-3.30,2,274.00,2.50,476,146.00,10.20,203.00
"2025-04-04 06:00:00",2.40,139.00,9.00,0.12,9,273.00,0.26,454,123.00,10.90,246.00,0.50,9,273.00,1.00,323,99.00,9.30,196.00,-2.30,9,273.00,2.30,334,97.00,10.30,234.00
"2025-04-04 06:15:00",1.60,131.00,9.00,0.06,9,275.00,0.23,427,125.00,10.30,221.00,0.10,9,275.00,0.90,264,99.00,7.70,154.00,-1.60,9,275.00,2.50,285,91.00,9.00,207.00
"2025-04-04 06:30:00",3.80,124.00,9.00,0.23,9,274.00,0.29,511,125.00,11.80,263.00,-0.20,9,274.00,1.30,430,115.00,10.60,229.00,-3.80,2,274.00,2.30,437,106.00,11.50,258.00
"2025-04-04 06:45:00",2.90,128.00,9.00,0.16,9,273.00,0.36,457,125.00,10.70,254.00,0.00,9,273.00,1.60,329,113.00,8.10,157.00,-2.90,2,273.00,3.00,354,99.00,10.20,243.00
"2025-04-04 07:00:00",3.30,131.00,9.00,0.16,9,274.00,0.27,534,158.00,10.50,227.00,0.20,9,274.00,1.20,446,134.00,10.00,207.00,-3.30,2,274.00,1.90,488,132.00,11.20,230.00
"2025-04-04 07:15:00",3.10,127.00,9.00,0.17,9,275.00,0.28,493,124.00,11.30,242.00,-0.10,9,275.00,0.90,495,110.00,12.10,244.00,-3.10,2,275.00,1.30,438,96.00,12.40,252.00
"2025-04-04 07:30:00",3.70,130.00,9.00,0.08,9,273.00,0.28,751,136.00,14.00,269.00,0.20,9,273.00,1.00,783,121.00,15.10,268.00,-3.70,2,273.00,1.50,729,123.00,14.70,268.00
"2025-04-04 07:45:00",2.10,139.00,9.00,-0.04,9,274.00,0.31,542,125.00,11.80,252.00,0.40,9,274.00,1.00,432,104.00,10.70,222.00,-2.10,9,274.00,2.00,499,104.00,12.40,259.00
"2025-04-04 08:00:00",1.90,119.00,9.00,0.00,9,273.00,0.27,368,126.00,9.10,224.00,-0.30,9,273.00,1.20,312,120.00,7.90,171.00,-1.90,9,273.00,2.10,296,95.00,9.70,246.00
"2025-04-04 08:15:00",2.90,143.00,9.00,-0.05,9,277.00,0.53,543,152.00,10.70,237.00,0.70,9,277.00,1.80,547,143.00,10.80,214.00,-2.80,2,277.00,2.70,483,124.00,11.50,238.00
"2025-04-04 08:30:00",2.30,136.00,9.00,-0.05,9,274.00,0.47,413,132.00,9.50,221.00,0.30,9,274.00,2.30,454,133.00,9.90,214.00,-2.30,2,274.00,2.80,380,104.00,11.00,255.00
"2025-04-04 08:45:00",2.90,123.00,9.00,0.11,9,274.00,0.51,530,139.00,11.00,240.00,-0.20,9,274.00,2.00,622,148.00,11.50,240.00,-2.90,2,274.00,3.00,483,112.00,12.30,260.00
"2025-04-04 09:00:00",3.10,136.00,9.00,-0.02,9,274.00,0.56,506,138.00,10.80,245.00,0.40,9,274.00,2.40,530,122.00,11.70,240.00,-3.00,2,274.00,3.40,477,117.00,11.80,261.00
"2025-04-04 09:15:00",2.50,119.00,9.00,-0.02,9,276.00,0.32,371,126.00,9.20,207.00,-0.40,9,276.00,1.90,309,101.00,9.00,197.00,-2.40,2,276.00,3.10,315,103.00,9.60,217.00
"2025-04-04 09:30:00",1.40,125.00,9.00,0.06,9,274.00,0.31,350,118.00,9.20,214.00,-0.10,9,274.00,1.50,254,97.00,8.20,183.00,-1.40,9,274.00,1.90,303,91.00,10.30,244.00
"2025-04-04 09:45:00",1.70,137.00,9.00,0.32,9,274.00,0.67,415,145.00,9.10,210.00,0.30,9,274.00,3.00,327,111.00,8.90,202.00,-1.70,9,274.00,2.40,375,111.00,10.80,241.00
"2025-04-04 10:00:00",1.60,142.00,9.00,0.52,2,276.00,0.64,456,128.00,10.70,254.00,0.40,2,276.00,2.70,316,97.00,9.60,222.00,-1.50,2,276.00,2.20,379,89.00,12.30,265.00
"2025-04-04 10:15:00",1.10,133.00,9.00,0.01,2,278.00,0.37,363,115.00,9.40,210.00,0.10,2,278.00,2.10,271,89.00,9.00,198.00,-1.10,2,278.00,1.90,298,82.00,10.60,234.00
"2025-04-04 10:30:00",1.30,131.00,9.00,0.38,2,276.00,0.73,389,131.00,9.10,213.00,0.10,2,276.00,2.50,305,97.00,9.30,211.00,-1.30,2,276.00,2.30,327,86.00,11.10,253.00
"2025-04-04 10:45:00",1.80,148.00,9.00,0.53,2,276.00,0.76,420,129.00,9.80,234.00,0.60,2,276.00,2.90,342,100.00,10.00,237.00,-1.70,2,276.00,2.30,334,82.00,11.80,260.00
"2025-04-04 11:00:00",2.50,100.00,9.00,0.60,2,277.00,0.81,453,136.00,10.10,252.00,-1.20,2,277.00,2.50,291,99.00,8.80,202.00,-2.20,2,277.00,2.50,377,94.00,11.70,258.00
"2025-04-04 11:15:00",2.50,163.00,9.00,0.47,2,279.00,0.82,403,133.00,9.20,236.00,1.40,2,279.00,3.00,315,108.00,8.60,201.00,-2.10,2,279.00,2.80,345,94.00,10.60,247.00
"2025-04-04 11:30:00",2.20,98.00,9.00,0.50,2,276.00,0.78,421,132.00,9.70,243.00,-1.10,2,276.00,2.40,336,105.00,9.40,219.00,-1.90,2,276.00,2.40,341,89.00,11.30,262.00
