"2025-04-01 00:00:00",1.30,123.00,9.00,0.04,9,274.00,0.23,301,98.00,9.50,247.00,-0.10,9,274.00,1.20,178,86.00,6.10,110.00,-1.30,9,274.00,1.80,170,69.00,7.60,172.00
"2025-04-01 00:15:00",2.00,122.00,9.00,0.06,9,277.00,0.21,346,123.00,8.80,206.00,-0.20,9,277.00,1.40,217,104.00,6.00,99.00,-2.00,9,277.00,2.10,212,91.00,7.20,157.00
"2025-04-01 00:30:00",1.40,130.00,9.00,0.04,9,274.00,0.20,295,101.00,9.00,224.00,0.10,9,274.00,1.20,193,90.00,6.30,129.00,-1.40,9,274.00,1.60,174,69.00,7.80,185.00
"2025-04-01 00:45:00",1.70,117.00,9.00,0.06,9,274.00,0.22,324,105.00,9.50,241.00,-0.30,9,274.00,1.20,199,93.00,6.30,120.00,-1.60,9,274.00,1.60,204,73.00,8.70,222.00
"2025-04-01 01:00:00",2.00,116.00,9.00,0.12,9,275.00,0.21,362,114.00,9.70,234.00,-0.40,9,275.00,1.20,212,104.00,5.90,103.00,-1.90,9,275.00,1.90,212,82.00,8.00,195.00
"2025-04-01 01:15:00",1.70,126.00,9.00,0.03,9,276.00,0.22,329,134.00,7.40,168.00,-0.10,9,276.00,1.30,234,130.00,4.90,53.00,-1.70,9,276.00,1.60,209,102.00,6.00,98.00
"2025-04-01 01:30:00",1.70,129.00,0.00,0.04,9,274.00,0.24,355,146.00,7.70,181.00,0.00,0,274.00,2.30,236,133.00,4.70,38.00,-1.70,9,274.00,2.50,222,109.00,6.00,115.00
"2025-04-01 01:45:00",0.60,112.00,0.00,0.03,9,275.00,0.25,324,129.00,7.80,192.00,-0.20,0,275.00,1.30,197,118.00,4.40,24.00,-0.60,9,275.00,1.30,186,94.00,5.80,103.00
"2025-04-01 02:00:00",0.50,139.00,0.00,0.06,9,274.00,0.22,326,130.00,7.80,186.00,0.10,0,274.00,1.70,203,120.00,4.40,37.00,-0.50,9,274.00,1.10,181,96.00,5.30,78.00
"2025-04-01 02:15:00",0.70,163.00,9.00,0.01,9,277.00,0.17,321,127.00,7.70,178.00,0.40,9,277.00,1.30,209,120.00,4.60,42.00,-0.60,9,277.00,1.10,185,95.00,5.60,85.00
"2025-04-01 02:30:00",1.20,228.00,0.00,0.03,9,274.00,0.23,326,135.00,7.40,173.00,1.10,0,274.00,2.90,212,130.00,4.20,22.00,0.20,9,274.00,0.70,197,103.00,5.50,88.00
"2025-04-01 02:45:00",0.40,232.00,0.00,-0.02,9,274.00,0.25,301,131.00,7.10,164.00,0.40,0,274.00,1.10,211,128.00,4.30,18.00,0.10,9,274.00,0.70,200,100.00,6.10,99.00
"2025-04-01 03:00:00",0.30,90.00,9.00,0.05,9,275.00,0.23,322,124.00,8.40,206.00,-0.20,9,275.00,1.60,176,99.00,4.80,46.00,-0.20,9,275.00,0.90,216,87.00,8.10,195.00
"2025-04-01 03:15:00",0.30,82.00,9.00,0.05,9,276.00,0.20,293,95.00,9.30,222.00,-0.20,9,276.00,0.90,148,82.00,5.00,58.00,-0.20,9,276.00,0.90,152,61.00,7.70,180.00
"2025-04-01 03:30:00",0.20,122.00,9.00,0.07,9,274.00,0.20,286,95.00,9.20,222.00,0.00,9,274.00,1.00,142,80.00,4.80,46.00,-0.20,9,274.00,0.80,170,59.00,9.00,218.00
"2025-04-01 03:45:00",0.30,137.00,9.00,0.11,9,275.00,0.19,343,99.00,10.30,245.00,0.00,9,275.00,1.10,152,85.00,4.90,47.00,-0.30,9,275.00,0.70,167,65.00,8.00,193.00
"2025-04-01 04:00:00",0.40,27.00,0.00,0.04,9,274.00,0.20,303,100.00,9.20,214.00,-0.40,0,274.00,1.00,149,88.00,4.50,25.00,0.10,9,274.00,0.70,177,67.00,8.20,199.00
"2025-04-01 04:15:00",0.40,184.00,9.00,0.01,9,277.00,0.21,310,113.00,8.70,185.00,0.30,9,277.00,2.60,171,91.00,5.00,50.00,-0.20,9,277.00,0.80,178,81.00,6.90,153.00
"2025-04-01 04:30:00",0.20,219.00,0.00,0.05,9,273.00,0.20,281,103.00,8.30,201.00,0.20,0,273.00,2.50,168,103.00,4.20,15.00,0.00,9,273.00,0.90,149,67.00,6.80,133.00
"2025-04-01 04:45:00",0.10,71.00,9.00,0.00,9,273.00,0.17,307,93.00,10.10,236.00,-0.10,9,273.00,0.90,160,84.00,5.60,87.00,-0.10,9,273.00,0.80,149,65.00,7.10,155.00
"2025-04-01 05:00:00",0.50,325.00,9.00,-0.04,9,274.00,0.13,355,96.00,11.30,257.00,-0.10,9,274.00,1.30,143,80.00,4.90,53.00,0.50,9,274.00,0.70,148,66.00,6.90,153.00
"2025-04-01 05:15:00",0.50,236.00,9.00,-0.07,9,275.00,0.21,288,99.00,8.90,202.00,0.40,9,275.00,3.10,170,90.00,5.20,53.00,0.10,9,275.00,0.90,174,71.00,7.10,128.00
"2025-04-01 05:30:00",1.90,208.00,9.00,0.03,2,274.00,0.21,307,112.00,9.00,226.00,1.80,2,274.00,5.40,192,91.00,5.90,91.00,-0.30,2,274.00,0.80,202,89.00,7.00,126.00
"2025-04-01 05:45:00",0.20,320.00,9.00,-0.01,9,273.00,0.19,317,114.00,8.90,207.00,0.00,9,273.00,2.00,188,95.00,5.50,60.00,0.20,9,273.00,1.00,169,80.00,6.40,102.00
"2025-04-01 06:00:00",0.20,355.00,9.00,0.01,9,274.00,0.17,308,93.00,10.20,248.00,-0.10,9,274.00,0.60,160,78.00,6.20,107.00,0.10,9,274.00,0.70,155,63.00,7.60,175.00
"2025-04-01 06:15:00",0.20,309.00,9.00,-0.03,9,275.00,0.18,346,95.00,10.70,236.00,0.00,9,275.00,0.80,153,81.00,5.30,70.00,0.20,9,275.00,0.80,183,65.00,8.60,209.00
"2025-04-01 06:30:00",0.10,271.00,9.00,-0.04,9,273.00,0.17,320,92.00,10.60,254.00,0.10,9,273.00,0.70,162,75.00,6.40,124.00,0.10,9,273.00,0.80,182,59.00,9.50,234.00
"2025-04-01 06:45:00",0.60,50.00,9.00,0.06,9,274.00,0.20,358,118.00,10.10,239.00,-0.50,9,274.00,1.30,179,88.00,5.90,104.00,-0.10,9,274.00,0.80,218,80.00,9.00,228.00
"2025-04-01 07:00:00",1.30,63.00,9.00,0.16,9,273.00,0.46,439,140.00,10.10,228.00,-1.10,9,273.00,1.00,217,107.00,5.90,100.00,-0.50,9,273.00,1.20,248,95.00,8.70,217.00
"2025-04-01 07:15:00",0.60,86.00,9.00,0.05,9,276.00,0.20,324,97.00,10.00,232.00,-0.40,9,276.00,1.10,183,98.00,5.20,66.00,-0.40,9,276.00,0.80,163,61.00,8.10,190.00
"2025-04-01 07:30:00",1.00,242.00,9.00,0.07,9,274.00,0.24,331,104.00,9.80,235.00,0.90,9,274.00,1.50,201,104.00,5.50,86.00,0.40,9,274.00,1.20,188,66.00,9.00,224.00
"2025-04-01 07:45:00",0.10,307.00,9.00,0.00,9,274.00,0.22,290,101.00,9.00,213.00,0.00,9,274.00,1.60,217,95.00,6.70,124.00,0.10,9,274.00,1.00,171,61.00,8.60,214.00
"2025-04-01 08:00:00",0.60,289.00,9.00,0.09,9,274.00,0.30,329,102.00,9.90,237.00,0.20,9,274.00,1.50,292,98.00,8.80,193.00,0.60,9,274.00,1.40,242,65.00,10.90,247.00
"2025-04-01 08:15:00",0.60,260.00,9.00,0.05,9,277.00,0.29,372,171.00,7.00,145.00,0.50,9,277.00,1.50,277,141.00,5.70,81.00,0.40,9,277.00,1.20,248,112.00,7.20,163.00
"2025-04-01 08:30:00",0.40,23.00,9.00,0.07,9,274.00,0.33,384,109.00,10.60,254.00,-0.40,9,274.00,2.00,310,112.00,8.40,196.00,0.10,9,274.00,1.40,286,72.00,11.30,249.00
"2025-04-01 08:45:00",0.90,319.00,9.00,0.25,9,274.00,0.40,362,122.00,9.00,223.00,-0.20,9,274.00,1.70,311,116.00,8.10,192.00,0.90,9,274.00,2.20,269,78.00,10.40,240.00
"2025-04-01 09:00:00",1.00,12.00,9.00,-0.06,9,274.00,0.24,327,111.00,9.30,232.00,-0.90,9,274.00,1.40,276,108.00,7.80,173.00,0.40,9,274.00,1.20,239,68.00,10.50,240.00
"2025-04-01 09:15:00",1.10,22.00,9.00,-0.05,9,277.00,0.25,324,115.00,8.60,197.00,-1.00,9,277.00,1.20,263,115.00,6.70,128.00,0.30,9,277.00,1.00,245,82.00,9.00,189.00
"2025-04-01 09:30:00",1.30,336.00,9.00,-0.03,9,273.00,0.38,484,168.00,9.40,211.00,-0.60,9,273.00,1.60,425,146.00,8.90,193.00,1.10,9,273.00,1.90,377,122.00,10.30,229.00
"2025-04-01 09:45:00",1.70,328.00,9.00,-0.09,9,274.00,0.40,394,114.00,10.40,244.00,-0.60,9,274.00,2.00,310,99.00,9.20,209.00,1.60,9,274.00,1.70,300,83.00,10.50,233.00
"2025-04-01 10:00:00",1.40,349.00,9.00,-0.03,2,274.00,0.35,350,106.00,10.00,246.00,-0.90,2,274.00,1.50,258,100.00,7.60,167.00,1.10,2,274.00,1.80,233,74.00,9.60,232.00
"2025-04-01 10:15:00",3.00,324.00,9.00,0.25,2,276.00,0.48,293,104.00,8.60,202.00,-0.80,2,276.00,2.80,201,89.00,6.60,116.00,2.90,2,276.00,4.30,183,72.00,7.60,167.00
"2025-04-01 10:30:00",2.90,273.00,9.00,-0.09,2,275.00,0.50,297,95.00,9.50,229.00,1.60,2,275.00,3.10,210,84.00,7.50,150.00,2.40,2,275.00,3.10,192,67.00,8.80,209.00
"2025-04-01 10:45:00",2.80,276.00,9.00,0.11,2,276.00,0.55,357,135.00,8.90,206.00,1.50,2,276.00,3.50,272,114.00,7.70,156.00,2.40,2,276.00,3.10,243,97.00,8.40,196.00
"2025-04-01 11:00:00",2.40,283.00,9.00,0.08,2,275.00,0.49,337,129.00,8.30,186.00,1.00,2,275.00,3.10,248,104.00,7.30,136.00,2.10,2,275.00,3.30,228,92.00,7.90,171.00
"2025-04-01 11:15:00",2.70,281.00,9.00,0.13,2,278.00,0.55,308,106.00,9.10,212.00,1.20,2,278.00,2.80,234,88.00,7.90,170.00,2.40,2,278.00,3.20,225,76.00,9.00,209.00
"2025-04-01 11:30:00",2.80,284.00,9.00,0.00,2,276.00,0.56,315,93.00,10.20,243.00,1.10,2,276.00,3.00,242,78.00,9.00,212.00,2.50,2,276.00,2.90,234,67.00,10.20,239.00
"2025-04-01 11:45:00",2.80,311.00,9.00,0.09,2,276.00,0.55,329,104.00,9.70,222.00,-0.10,2,276.00,3.20,267,86.00,9.10,200.00,2.80,2,276.00,2.80,249,72.00,10.10,239.00
"2025-04-01 12:00:00",3.60,294.00,9.00,0.09,2,276.00,0.71,285,95.00,9.20,230.00,0.90,2,276.00,3.70,227,76.00,8.60,184.00,3.50,2,276.00,4.30,191,69.00,8.40,196.00
"2025-04-01 12:15:00",2.40,306.00,9.00,-0.01,2,278.00,0.45,311,131.00,7.60,182.00,0.10,2,278.00,3.10,228,106.00,6.70,138.00,2.40,2,278.00,3.10,221,102.00,6.80,151.00
"2025-04-01 12:30:00",1.70,276.00,9.00,-0.04,2,275.00,0.39,256,95.00,8.40,193.00,0.90,2,275.00,2.80,166,76.00,6.30,120.00,1.40,2,275.00,2.40,172,68.00,8.00,203.00
"2025-04-01 12:45:00",2.20,275.00,9.00,-0.04,2,276.00,0.40,276,108.00,8.10,203.00,1.20,2,276.00,2.70,207,100.00,6.50,140.00,1.80,2,276.00,2.90,207,90.00,7.50,173.00
"2025-04-01 13:00:00",1.40,268.00,9.00,0.06,2,276.00,0.33,270,103.00,8.40,193.00,0.90,2,276.00,2.40,189,87.00,6.90,150.00,1.10,2,276.00,2.00,180,70.00,8.40,208.00
"2025-04-01 13:15:00",2.00,265.00,9.00,0.02,2,278.00,0.49,271,104.00,8.10,186.00,1.40,2,278.00,3.40,190,84.00,6.90,144.00,1.50,2,278.00,2.40,177,72.00,7.70,189.00
"2025-04-01 13:30:00",2.50,293.00,9.00,-0.08,2,276.00,0.48,316,123.00,8.30,188.00,0.70,2,276.00,4.00,231,97.00,7.00,145.00,2.40,2,276.00,4.00,214,92.00,7.50,174.00
"2025-04-01 13:45:00",1.50,314.00,9.00,-0.10,2,275.00,0.32,261,94.00,8.80,216.00,-0.20,2,275.00,2.20,165,71.00,7.10,145.00,1.50,2,275.00,2.10,174,72.00,7.90,184.00
"2025-04-01 14:00:00",1.30,296.00,9.00,0.09,2,276.00,0.47,287,93.00,9.70,245.00,0.30,2,276.00,2.90,203,78.00,8.00,190.00,1.30,2,276.00,2.80,187,65.00,8.90,233.00
"2025-04-01 14:15:00",1.20,290.00,9.00,-0.02,2,278.00,0.33,257,98.00,8.20,177.00,0.40,2,278.00,2.70,181,80.00,6.70,121.00,1.10,2,278.00,2.20,172,67.00,8.00,186.00
"2025-04-01 14:30:00",2.20,282.00,9.00,0.07,2,276.00,0.37,240,90.00,8.30,199.00,1.00,2,276.00,3.30,170,78.00,6.60,131.00,2.00,2,276.00,3.50,156,66.00,7.70,174.00
"2025-04-01 14:45:00",2.80,299.00,9.00,-0.01,2,276.00,0.39,248,104.00,7.60,155.00,0.40,2,276.00,3.00,172,80.00,6.30,107.00,2.70,2,276.00,4.40,167,74.00,7.30,159.00
"2025-04-01 15:00:00",4.10,282.00,9.00,-0.06,2,276.00,0.64,265,100.00,8.30,189.00,1.80,2,276.00,4.30,206,85.00,7.50,162.00,3.70,2,276.00,4.90,182,70.00,8.00,179.00
"2025-04-01 15:15:00",3.60,280.00,9.00,-0.09,2,279.00,0.71,232,85.00,8.30,204.00,1.70,2,279.00,3.90,175,75.00,7.10,169.00,3.20,2,279.00,4.00,163,62.00,8.10,198.00
"2025-04-01 15:30:00",3.30,296.00,9.00,-0.10,2,276.00,0.61,246,88.00,8.50,196.00,0.70,2,276.00,3.00,199,83.00,7.40,156.00,3.20,2,276.00,4.40,168,64.00,8.00,190.00
"2025-04-01 15:45:00",2.50,297.00,9.00,-0.02,2,277.00,0.38,243,89.00,8.50,212.00,0.50,2,277.00,2.60,189,79.00,7.20,157.00,2.50,2,277.00,3.50,158,60.00,8.20,209.00
"2025-04-01 16:00:00",1.50,289.00,9.00,-0.02,2,276.00,0.30,242,92.00,8.10,198.00,0.50,2,276.00,2.00,163,84.00,5.70,82.00,1.40,2,276.00,2.70,151,65.00,7.20,163.00
"2025-04-01 16:15:00",1.70,291.00,9.00,-0.06,2,277.00,0.36,277,115.00,7.50,167.00,0.50,2,277.00,2.80,171,89.00,5.50,83.00,1.60,2,277.00,2.60,182,83.00,6.80,148.00
"2025-04-01 16:30:00",1.60,280.00,9.00,-0.03,2,276.00,0.27,237,89.00,8.10,195.00,0.70,2,276.00,2.20,153,75.00,6.10,104.00,1.40,2,276.00,2.50,142,64.00,6.70,133.00
"2025-04-01 16:45:00",1.20,296.00,9.00,-0.01,2,276.00,0.26,233,87.00,8.40,197.00,0.20,2,276.00,2.40,155,74.00,6.00,100.00,1.10,2,276.00,2.40,145,62.00,7.20,173.00
"2025-04-01 17:00:00",0.70,284.00,9.00,0.02,2,276.00,0.23,258,94.00,8.60,204.00,0.30,2,276.00,2.30,180,83.00,6.20,113.00,0.60,2,276.00,1.50,150,64.00,7.30,171.00
"2025-04-01 17:15:00",1.10,257.00,9.00,-0.01,2,277.00,0.26,249,99.00,7.90,183.00,0.80,2,277.00,2.90,158,84.00,5.30,69.00,0.70,2,277.00,2.30,153,70.00,6.70,134.00
"2025-04-01 17:30:00",0.70,265.00,9.00,0.00,2,276.00,0.23,255,88.00,8.90,212.00,0.50,2,276.00,1.60,143,73.00,5.70,87.00,0.50,2,276.00,1.20,143,59.00,7.40,177.00
"2025-04-01 17:45:00",0.70,240.00,9.00,0.01,2,276.00,0.22,292,109.00,8.60,200.00,0.70,2,276.00,1.90,175,91.00,5.40,80.00,0.30,2,276.00,1.90,182,79.00,7.20,150.00
"2025-04-01 18:00:00",0.40,246.00,9.00,0.02,9,276.00,0.24,259,91.00,8.70,205.00,0.40,9,276.00,1.30,151,79.00,5.40,67.00,0.20,9,276.00,1.60,175,74.00,7.50,168.00
"2025-04-01 18:15:00",0.80,241.00,9.00,0.04,9,277.00,0.22,266,89.00,9.10,210.00,0.70,9,277.00,1.70,144,77.00,5.20,57.00,0.30,9,277.00,1.00,158,61.00,8.00,182.00
"2025-04-01 18:30:00",0.40,233.00,9.00,0.05,9,274.00,0.22,331,123.00,9.20,196.00,0.40,9,274.00,1.50,187,98.00,5.60,87.00,0.10,9,274.00,0.90,216,92.00,8.20,184.00
"2025-04-01 18:45:00",0.50,229.00,9.00,0.04,9,274.00,0.22,275,94.00,8.90,214.00,0.50,9,274.00,1.40,152,82.00,5.20,57.00,0.10,9,274.00,1.00,161,63.00,7.90,179.00
"2025-04-01 19:00:00",0.30,312.00,9.00,0.06,9,274.00,0.22,289,93.00,9.50,230.00,0.00,9,274.00,1.80,157,87.00,5.10,49.00,0.30,9,274.00,1.00,165,59.00,8.60,212.00
"2025-04-01 19:15:00",1.30,231.00,9.00,0.00,9,276.00,0.24,309,120.00,8.10,184.00,1.30,9,276.00,1.90,184,99.00,5.10,69.00,0.30,9,276.00,1.10,198,89.00,7.00,162.00
"2025-04-01 19:30:00",1.40,231.00,9.00,0.02,9,274.00,0.20,317,103.00,9.40,231.00,1.40,9,274.00,1.80,170,95.00,5.00,57.00,0.30,9,274.00,1.10,181,70.00,8.20,197.00
"2025-04-01 19:45:00",0.90,241.00,9.00,0.02,9,274.00,0.20,313,88.00,10.60,246.00,0.80,9,274.00,1.30,161,86.00,5.30,79.00,0.40,9,274.00,1.00,171,56.00,9.40,236.00
"2025-04-01 20:00:00",0.60,262.00,9.00,0.03,9,274.00,0.22,306,94.00,9.90,243.00,0.40,9,274.00,1.60,170,90.00,5.40,77.00,0.40,9,274.00,1.00,173,59.00,9.00,221.00
"2025-04-01 20:15:00",0.70,236.00,9.00,0.04,9,276.00,0.22,295,95.00,9.30,215.00,0.70,9,276.00,1.90,170,95.00,4.90,56.00,0.20,9,276.00,0.90,164,59.00,8.50,202.00
"2025-04-01 20:30:00",0.10,4.00,9.00,0.05,9,274.00,0.26,284,99.00,8.90,222.00,-0.10,9,274.00,1.50,168,92.00,5.10,60.00,0.10,9,274.00,1.00,174,64.00,8.40,209.00
"2025-04-01 20:45:00",0.00,205.00,9.00,0.11,9,274.00,0.24,408,151.00,9.40,213.00,0.00,9,274.00,1.50,237,121.00,5.70,80.00,0.00,9,274.00,0.90,252,113.00,7.80,175.00
"2025-04-01 21:00:00",0.50,309.00,9.00,0.03,9,273.00,0.25,295,96.00,9.60,223.00,0.00,9,273.00,2.10,163,80.00,6.20,116.00,0.50,9,273.00,1.60,185,78.00,7.70,178.00
"2025-04-01 21:15:00",1.30,265.00,9.00,0.00,9,277.00,0.22,288,97.00,9.00,207.00,0.90,9,277.00,1.50,169,83.00,6.00,113.00,0.90,9,277.00,1.70,196,86.00,7.10,159.00
"2025-04-01 21:30:00",2.70,274.00,9.00,0.03,9,274.00,0.28,343,114.00,9.60,221.00,1.50,9,274.00,1.90,225,103.00,7.10,153.00,2.20,9,274.00,2.80,232,107.00,7.30,169.00
"2025-04-01 21:45:00",2.60,278.00,9.00,0.02,9,274.00,0.29,325,93.00,10.40,247.00,1.30,9,274.00,2.30,199,77.00,7.90,199.00,2.30,2,274.00,3.00,200,73.00,8.60,228.00
"2025-04-01 22:00:00",1.60,277.00,9.00,0.05,9,273.00,0.26,377,118.00,10.50,227.00,0.80,9,273.00,2.30,210,90.00,7.40,167.00,1.40,9,273.00,2.00,228,88.00,8.60,210.00
"2025-04-01 22:15:00",1.70,256.00,9.00,0.04,9,277.00,0.24,372,144.00,8.40,170.00,1.40,9,277.00,2.70,232,108.00,6.40,88.00,1.10,9,277.00,1.90,238,104.00,7.50,137.00
"2025-04-01 22:30:00",1.40,265.00,9.00,0.01,9,273.00,0.24,335,99.00,10.10,227.00,1.00,9,273.00,1.70,199,94.00,6.20,79.00,1.10,9,273.00,1.60,195,67.00,9.00,196.00
"2025-04-01 22:45:00",1.30,277.00,9.00,0.02,9,275.00,0.23,356,97.00,10.90,232.00,0.70,9,275.00,1.80,207,89.00,7.00,117.00,1.10,9,275.00,1.60,205,67.00,9.50,203.00
"2025-04-01 23:00:00",2.10,264.00,9.00,-0.03,9,274.00,0.25,358,104.00,10.30,224.00,1.50,9,274.00,2.10,233,107.00,6.40,90.00,1.50,9,274.00,1.70,207,66.00,9.60,225.00
"2025-04-01 23:15:00",0.80,280.00,9.00,-0.02,9,276.00,0.27,329,100.00,9.80,232.00,0.40,9,276.00,1.80,194,98.00,5.70,94.00,0.70,9,276.00,1.30,191,64.00,9.00,220.00
"2025-04-01 23:30:00",1.70,285.00,9.00,0.00,9,273.00,0.30,421,156.00,9.20,203.00,0.70,9,273.00,2.50,265,125.00,6.30,111.00,1.60,9,273.00,2.00,273,113.00,8.30,186.00
"2025-04-01 23:45:00",0.50,252.00,9.00,0.03,9,274.00,0.26,320,96.00,10.00,240.00,0.40,9,274.00,2.20,179,84.00,6.30,127.00,0.30,9,274.00,1.40,182,63.00,9.00,219.00
"2025-04-02 00:00:00",0.50,264.00,9.00,0.05,9,274.00,0.32,377,149.00,8.80,199.00,0.40,9,274.00,2.10,208,106.00,5.70,97.00,0.40,9,274.00,2.30,230,103.00,7.40,162.00
"2025-04-02 00:15:00",1.20,279.00,9.00,0.00,9,277.00,0.25,290,94.00,9.30,226.00,0.60,9,277.00,1.90,164,82.00,5.80,110.00,1.10,9,277.00,1.90,172,64.00,8.20,201.00
"2025-04-02 00:30:00",1.50,260.00,9.00,-0.02,9,274.00,0.28,309,90.00,10.30,248.00,1.10,9,274.00,1.50,170,78.00,6.60,152.00,1.00,9,274.00,1.40,169,60.00,8.80,229.00
"2025-04-02 00:45:00",1.20,246.00,9.00,0.02,9,274.00,0.27,354,137.00,8.70,200.00,1.10,9,274.00,2.30,203,101.00,5.80,103.00,0.60,9,274.00,1.40,223,100.00,7.50,182.00
"2025-04-02 01:00:00",1.00,255.00,9.00,0.00,9,275.00,0.21,297,89.00,10.20,244.00,0.80,9,275.00,1.30,152,70.00,6.50,134.00,0.60,9,275.00,1.20,174,65.00,8.50,215.00
"2025-04-02 01:15:00",1.10,267.00,9.00,-0.02,9,276.00,0.24,569,319.00,6.20,107.00,0.70,9,276.00,1.60,491,302.00,4.80,44.00,0.90,9,276.00,0.90,566,349.00,5.30,71.00
"2025-04-02 01:30:00",0.30,305.00,9.00,0.00,9,274.00,0.20,431,219.00,6.70,112.00,0.00,9,274.00,1.40,336,208.00,4.60,46.00,0.30,9,274.00,0.80,395,237.00,5.20,68.00
"2025-04-02 01:45:00",1.70,290.00,9.00,-0.03,9,274.00,0.24,483,250.00,6.80,131.00,0.50,9,274.00,1.40,390,230.00,4.90,50.00,1.60,9,274.00,2.40,453,276.00,5.10,76.00
"2025-04-02 02:00:00",1.30,247.00,9.00,-0.02,9,274.00,0.25,353,125.00,9.30,211.00,1.10,9,274.00,2.00,199,95.00,6.60,146.00,0.60,9,274.00,1.40,226,96.00,7.90,174.00
"2025-04-02 02:15:00",2.90,237.00,9.00,0.00,9,277.00,0.26,317,94.00,10.20,240.00,2.70,9,277.00,2.50,205,78.00,7.90,197.00,0.90,9,277.00,1.50,202,70.00,9.00,216.00
"2025-04-02 02:30:00",2.70,258.00,9.00,-0.04,9,274.00,0.30,359,105.00,10.80,249.00,2.10,9,274.00,2.40,245,90.00,8.60,214.00,1.70,9,274.00,2.20,261,96.00,9.30,224.00
"2025-04-02 02:45:00",2.10,246.00,9.00,-0.02,9,274.00,0.33,436,193.00,8.80,178.00,1.90,9,274.00,2.20,353,178.00,7.20,138.00,1.00,9,274.00,1.30,381,200.00,7.80,149.00
"2025-04-02 03:00:00",2.90,259.00,0.00,-0.07,9,275.00,0.40,558,316.00,5.30,73.00,2.20,0,275.00,2.40,492,310.00,4.10,19.00,1.90,0,275.00,2.20,553,347.00,4.20,23.00
"2025-04-02 03:15:00",1.70,259.00,9.00,-0.04,9,277.00,0.25,443,206.00,7.50,149.00,1.30,9,277.00,1.50,341,195.00,5.20,64.00,1.10,9,277.00,1.40,405,229.00,5.50,79.00
"2025-04-02 03:30:00",1.80,268.00,9.00,-0.04,9,274.00,0.26,376,146.00,8.60,201.00,1.20,9,274.00,1.30,273,134.00,6.40,116.00,1.40,9,274.00,1.40,282,143.00,6.60,133.00
"2025-04-02 03:45:00",1.60,229.00,9.00,-0.04,9,275.00,0.24,378,98.00,11.40,257.00,1.50,9,275.00,1.60,232,80.00,8.80,208.00,0.30,9,275.00,1.20,229,74.00,9.80,242.00
"2025-04-02 04:00:00",1.90,235.00,9.00,0.02,9,274.00,0.29,373,100.00,11.00,260.00,1.80,9,274.00,1.70,268,87.00,9.20,227.00,0.50,9,274.00,1.40,257,70.00,10.90,257.00
"2025-04-02 04:15:00",2.10,256.00,9.00,0.00,9,276.00,0.27,383,97.00,11.20,244.00,1.60,9,276.00,1.50,235,86.00,8.20,193.00,1.30,9,276.00,1.40,253,70.00,10.60,245.00
"2025-04-02 04:30:00",2.60,234.00,9.00,0.08,9,274.00,0.22,464,112.00,11.90,263.00,2.50,2,274.00,2.10,280,104.00,8.00,191.00,0.70,9,274.00,1.30,300,82.00,10.70,259.00
"2025-04-02 04:45:00",2.10,238.00,9.00,0.12,9,274.00,0.20,522,135.00,11.50,253.00,2.00,9,274.00,1.40,308,125.00,7.30,165.00,0.70,9,274.00,1.30,376,102.00,11.30,252.00
"2025-04-02 05:00:00",1.90,236.00,9.00,0.15,9,273.00,0.25,478,122.00,11.40,261.00,1.80,9,273.00,1.40,342,122.00,8.40,199.00,0.60,9,273.00,1.20,338,92.00,11.00,255.00
"2025-04-02 05:15:00",2.10,243.00,9.00,0.14,9,276.00,0.22,391,117.00,9.90,221.00,1.90,9,276.00,1.70,264,121.00,6.40,123.00,0.90,9,276.00,1.60,275,89.00,9.40,224.00
"2025-04-02 05:30:00",0.50,261.00,9.00,0.12,9,273.00,0.28,369,121.00,9.30,212.00,0.40,9,273.00,1.20,275,125.00,6.30,102.00,0.40,9,273.00,1.20,293,91.00,9.60,219.00
"2025-04-02 05:45:00",0.40,274.00,9.00,0.02,9,274.00,0.25,366,126.00,8.90,198.00,0.20,9,274.00,1.30,245,124.00,5.60,80.00,0.30,9,274.00,1.10,252,93.00,8.50,190.00
"2025-04-02 06:00:00",1.90,247.00,9.00,0.13,9,273.00,0.25,406,132.00,9.70,228.00,1.70,9,273.00,1.40,312,137.00,6.80,120.00,0.90,9,273.00,1.10,285,99.00,9.10,216.00
"2025-04-02 06:15:00",1.80,249.00,9.00,0.18,9,276.00,0.26,424,124.00,10.20,228.00,1.50,9,276.00,1.30,319,111.00,8.50,186.00,0.90,9,276.00,1.30,286,91.00,9.40,211.00
"2025-04-02 06:30:00",2.20,244.00,9.00,0.12,9,273.00,0.25,537,127.00,12.00,256.00,2.00,9,273.00,1.30,394,125.00,9.40,208.00,1.00,9,273.00,1.40,415,96.00,12.20,258.00
"2025-04-02 06:45:00",0.80,278.00,9.00,0.11,9,273.00,0.26,497,124.00,11.70,259.00,0.40,9,273.00,1.80,365,121.00,9.00,210.00,0.70,9,273.00,1.30,389,97.00,11.80,257.00
"2025-04-02 07:00:00",1.00,9.00,9.00,0.14,9,274.00,0.31,468,131.00,10.80,244.00,-0.90,9,274.00,1.70,398,128.00,9.50,215.00,0.50,9,274.00,1.50,349,103.00,10.50,240.00
"2025-04-02 07:15:00",1.10,1.00,9.00,0.08,9,275.00,0.29,354,110.00,9.80,234.00,-0.90,9,275.00,1.60,287,98.00,8.90,197.00,0.60,9,275.00,1.20,309,86.00,10.70,234.00
"2025-04-02 07:30:00",0.90,303.00,0.00,-0.02,9,274.00,0.23,442,233.00,5.90,103.00,0.10,0,274.00,1.10,354,215.00,4.50,31.00,0.90,9,274.00,1.70,413,245.00,4.90,45.00
"2025-04-02 07:45:00",0.70,241.00,9.00,0.03,9,275.00,0.24,332,104.00,10.00,242.00,0.70,9,275.00,1.10,218,90.00,7.50,166.00,0.30,9,275.00,1.00,222,80.00,8.70,208.00
"2025-04-02 08:00:00",0.20,217.00,9.00,0.00,9,274.00,0.20,299,103.00,9.20,220.00,0.20,9,274.00,0.80,208,96.00,6.50,119.00,0.00,9,274.00,0.70,206,75.00,8.90,209.00
"2025-04-02 08:15:00",0.40,204.00,9.00,-0.01,9,275.00,0.23,372,114.00,9.90,223.00,0.40,9,275.00,1.10,300,102.00,8.90,192.00,-0.10,9,275.00,1.10,309,81.00,11.00,229.00
"2025-04-02 08:30:00",0.30,281.00,9.00,0.09,9,275.00,0.27,368,106.00,10.40,243.00,0.20,9,275.00,1.10,276,87.00,9.20,199.00,0.30,9,275.00,1.10,293,74.00,11.50,249.00
"2025-04-02 08:45:00",0.60,149.00,9.00,0.01,9,274.00,0.25,437,180.00,8.30,177.00,0.20,9,274.00,1.30,342,130.00,7.70,130.00,-0.60,9,274.00,1.30,308,116.00,8.90,183.00
"2025-04-02 09:00:00",0.10,47.00,9.00,-0.10,9,274.00,0.31,409,128.00,9.80,223.00,-0.10,9,274.00,1.50,391,111.00,10.20,209.00,0.00,9,274.00,1.40,344,102.00,10.70,228.00
"2025-04-02 09:15:00",0.90,32.00,9.00,-0.07,9,276.00,0.32,403,201.00,6.60,114.00,-0.90,9,276.00,2.70,319,174.00,5.60,61.00,0.10,9,276.00,1.00,363,193.00,6.20,90.00
"2025-04-02 09:30:00",3.70,251.00,0.00,-0.07,0,274.00,0.30,539,321.00,4.90,40.00,3.10,0,274.00,2.60,508,320.00,4.00,6.00,2.00,0,274.00,1.60,576,371.00,3.80,7.00
"2025-04-02 09:45:00",3.80,244.00,9.00,-0.10,9,274.00,0.34,337,137.00,8.50,183.00,3.40,2,274.00,2.60,270,129.00,6.70,114.00,1.60,9,274.00,1.60,270,121.00,8.20,165.00
"2025-04-02 10:00:00",2.40,235.00,9.00,-0.04,2,274.00,0.26,318,131.00,8.10,174.00,2.30,2,274.00,2.50,220,111.00,6.00,86.00,0.70,2,274.00,1.10,228,94.00,8.60,187.00
"2025-04-02 10:15:00",0.30,223.00,0.00,0.02,2,276.00,0.23,298,128.00,7.40,137.00,0.30,0,276.00,0.90,188,104.00,4.90,28.00,0.00,2,276.00,0.80,192,83.00,7.30,130.00
"2025-04-02 10:30:00",0.30,285.00,9.00,-0.01,9,274.00,0.23,264,90.00,9.10,208.00,0.10,9,274.00,1.10,159,81.00,5.60,45.00,0.30,9,274.00,0.70,173,62.00,8.90,193.00
"2025-04-02 10:45:00",0.20,230.00,9.00,-0.03,9,275.00,0.23,252,90.00,8.70,190.00,0.20,9,275.00,1.10,151,78.00,5.70,58.00,0.10,9,275.00,0.90,167,61.00,8.60,187.00
"2025-04-02 11:00:00",1.40,273.00,9.00,0.00,2,274.00,0.23,268,101.00,8.30,171.00,0.80,2,274.00,2.50,162,80.00,5.90,64.00,1.10,2,274.00,2.20,165,65.00,8.00,167.00
"2025-04-02 11:15:00",2.20,254.00,9.00,0.11,2,276.00,0.47,261,118.00,6.60,138.00,1.80,2,276.00,3.30,229,124.00,5.00,58.00,1.30,2,276.00,3.80,183,88.00,6.10,116.00
"2025-04-02 11:30:00",1.90,244.00,0.00,0.00,2,274.00,0.35,343,160.00,6.70,141.00,1.70,0,274.00,2.30,249,147.00,4.40,30.00,0.80,2,274.00,1.80,251,127.00,6.00,105.00
"2025-04-02 11:45:00",1.80,258.00,9.00,0.18,2,275.00,0.41,280,110.00,7.80,187.00,1.40,2,275.00,3.30,216,112.00,5.40,72.00,1.10,2,275.00,2.50,192,83.00,7.00,160.00
"2025-04-02 12:00:00",2.50,268.00,9.00,0.53,2,275.00,0.74,293,100.00,9.00,233.00,1.60,2,275.00,3.50,268,98.00,8.20,187.00,1.90,2,275.00,3.80,218,74.00,8.90,230.00
"2025-04-02 12:15:00",1.50,311.00,9.00,0.05,2,278.00,0.46,220,83.00,8.10,186.00,-0.10,2,278.00,2.20,147,67.00,6.50,118.00,1.50,2,278.00,3.00,148,56.00,8.00,202.00
"2025-04-02 12:30:00",1.10,298.00,9.00,0.05,2,276.00,0.27,279,119.00,8.10,185.00,0.20,2,276.00,2.10,214,107.00,6.40,107.00,1.00,2,276.00,2.20,236,117.00,7.60,163.00
"2025-04-02 12:45:00",1.10,269.00,9.00,0.02,2,276.00,0.34,377,160.00,8.20,180.00,0.70,2,276.00,1.60,224,110.00,6.20,105.00,0.80,2,276.00,1.40,237,108.00,7.50,157.00
"2025-04-02 13:00:00",1.30,304.00,9.00,-0.04,2,274.00,0.33,286,131.00,7.10,147.00,0.10,2,274.00,1.60,208,112.00,5.50,83.00,1.30,2,274.00,2.20,234,123.00,6.20,112.00
"2025-04-02 13:15:00",1.40,288.00,9.00,0.03,2,276.00,0.28,244,90.00,8.10,184.00,0.50,2,276.00,1.50,150,71.00,6.00,100.00,1.30,2,276.00,2.30,154,63.00,7.40,160.00
"2025-04-02 13:30:00",2.10,282.00,9.00,0.09,2,276.00,0.43,298,123.00,8.10,190.00,0.90,2,276.00,3.60,245,117.00,6.80,131.00,1.90,2,276.00,3.00,236,117.00,7.00,153.00
"2025-04-02 13:45:00",1.70,245.00,9.00,-0.06,2,276.00,0.29,340,139.00,8.90,193.00,1.50,2,276.00,1.70,260,127.00,7.00,126.00,0.70,2,276.00,1.10,283,139.00,7.80,158.00
"2025-04-02 14:00:00",1.60,248.00,9.00,0.06,2,274.00,0.34,311,104.00,9.60,215.00,1.40,2,274.00,1.90,233,81.00,8.60,199.00,0.80,2,274.00,1.30,205,73.00,9.20,214.00
"2025-04-02 14:15:00",1.50,291.00,9.00,0.02,2,276.00,0.30,315,139.00,7.20,124.00,0.50,2,276.00,1.30,204,103.00,5.80,69.00,1.40,2,276.00,2.10,205,98.00,6.60,108.00
"2025-04-02 14:30:00",0.80,309.00,9.00,-0.05,2,276.00,0.23,244,103.00,7.40,126.00,0.00,2,276.00,1.40,156,76.00,5.80,64.00,0.80,2,276.00,1.70,155,63.00,7.50,140.00
"2025-04-02 14:45:00",1.30,267.00,0.00,-0.04,2,276.00,0.31,265,135.00,5.90,64.00,0.80,0,276.00,2.40,160,87.00,5.20,38.00,1.00,2,276.00,1.60,165,80.00,6.20,69.00
"2025-04-02 15:00:00",2.80,273.00,9.00,-0.02,2,275.00,0.41,300,158.00,5.50,53.00,1.60,2,275.00,3.40,218,106.00,6.00,77.00,2.30,2,275.00,3.60,193,86.00,6.70,98.00
"2025-04-02 15:15:00",2.50,273.00,9.00,-0.16,2,278.00,0.46,271,140.00,5.80,73.00,1.40,2,278.00,4.20,186,95.00,5.60,63.00,2.00,2,278.00,2.50,167,77.00,6.50,124.00
"2025-04-02 15:30:00",4.00,278.00,9.00,-0.07,2,276.00,0.56,269,119.00,7.10,131.00,2.00,2,276.00,4.70,197,92.00,6.30,91.00,3.50,2,276.00,4.60,198,92.00,6.70,122.00
"2025-04-02 15:45:00",2.30,296.00,9.00,-0.01,2,276.00,0.32,227,89.00,7.90,173.00,0.50,2,276.00,3.20,150,70.00,6.50,117.00,2.20,2,276.00,3.90,150,62.00,7.70,186.00
"2025-04-02 16:00:00",2.60,260.00,9.00,0.04,2,275.00,0.49,255,87.00,9.00,214.00,1.90,2,275.00,4.30,175,70.00,7.60,167.00,1.80,2,275.00,3.20,188,60.00,9.70,235.00
"2025-04-02 16:15:00",1.30,233.00,9.00,-0.05,2,278.00,0.29,218,76.00,8.80,212.00,1.30,2,278.00,2.20,151,61.00,7.20,159.00,0.30,2,278.00,1.50,138,50.00,8.60,206.00
"2025-04-02 16:30:00",1.40,253.00,9.00,0.03,2,276.00,0.27,252,85.00,9.20,217.00,1.10,2,276.00,2.60,156,69.00,6.80,128.00,0.80,2,276.00,2.30,144,56.00,8.00,189.00
"2025-04-02 16:45:00",1.10,312.00,9.00,-0.03,2,275.00,0.28,239,94.00,8.00,182.00,-0.10,2,275.00,2.30,156,78.00,6.00,96.00,1.10,2,275.00,2.00,156,69.00,7.10,151.00
"2025-04-02 17:00:00",1.40,291.00,9.00,-0.03,2,276.00,0.26,227,81.00,8.60,204.00,0.40,2,276.00,2.60,143,65.00,6.60,134.00,1.30,2,276.00,2.20,148,58.00,8.00,184.00
"2025-04-02 17:15:00",0.80,273.00,9.00,0.07,2,278.00,0.24,231,85.00,8.40,200.00,0.50,2,278.00,1.80,134,67.00,5.70,87.00,0.70,2,278.00,1.80,130,55.00,7.30,166.00
"2025-04-02 17:30:00",0.40,319.00,9.00,0.06,9,274.00,0.22,220,81.00,8.40,195.00,-0.10,9,274.00,1.40,130,68.00,5.30,61.00,0.40,9,274.00,1.20,127,55.00,7.10,151.00
"2025-04-02 17:45:00",0.40,292.00,9.00,0.07,9,274.00,0.20,257,80.00,9.80,240.00,0.10,9,274.00,1.50,129,70.00,5.20,70.00,0.40,9,274.00,0.90,137,55.00,7.70,178.00
"2025-04-02 18:00:00",0.30,17.00,0.00,0.09,9,274.00,0.23,244,80.00,9.40,235.00,-0.20,0,274.00,1.30,126,73.00,4.60,37.00,0.10,9,274.00,0.90,129,51.00,7.70,175.00
"2025-04-02 18:15:00",0.10,43.00,0.00,0.11,9,276.00,0.23,260,101.00,8.00,175.00,-0.10,0,276.00,1.40,155,92.00,4.40,26.00,0.00,9,276.00,0.90,160,74.00,6.80,132.00
"2025-04-02 18:30:00",0.50,230.00,0.00,0.06,9,274.00,0.20,264,88.00,9.10,219.00,0.50,0,274.00,1.20,137,83.00,4.30,27.00,0.10,9,274.00,0.80,142,57.00,7.80,175.00
"2025-04-02 18:45:00",1.10,236.00,0.00,0.04,9,274.00,0.19,330,138.00,8.30,171.00,1.10,0,274.00,1.40,222,135.00,4.60,37.00,0.30,9,274.00,0.90,252,139.00,6.30,114.00
"2025-04-02 19:00:00",1.00,238.00,9.00,0.06,9,274.00,0.24,311,90.00,10.40,240.00,1.00,9,274.00,1.20,154,78.00,5.80,91.00,0.40,9,274.00,0.90,169,58.00,8.90,219.00
"2025-04-02 19:15:00",1.10,236.00,9.00,0.06,9,276.00,0.22,321,85.00,10.90,236.00,1.00,9,276.00,1.60,153,76.00,6.10,122.00,0.30,9,276.00,1.00,155,55.00,8.60,212.00
"2025-04-02 19:30:00",1.40,239.00,9.00,0.03,9,274.00,0.24,340,90.00,11.10,261.00,1.30,9,274.00,1.50,166,65.00,7.80,188.00,0.50,9,274.00,1.20,176,57.00,9.40,228.00
"2025-04-02 19:45:00",2.40,233.00,9.00,0.07,9,274.00,0.23,460,131.00,10.80,247.00,2.30,9,274.00,2.70,234,93.00,7.50,177.00,0.60,9,274.00,1.20,254,87.00,9.50,221.00
"2025-04-02 20:00:00",2.90,238.00,9.00,0.02,9,274.00,0.23,433,117.00,10.90,257.00,2.70,2,274.00,2.10,204,84.00,7.30,165.00,1.00,9,274.00,1.50,207,71.00,9.00,227.00
"2025-04-02 20:15:00",2.40,233.00,9.00,0.01,9,276.00,0.20,372,88.00,11.70,241.00,2.30,9,276.00,2.20,151,68.00,6.60,141.00,0.60,9,276.00,1.20,160,55.00,8.80,223.00
"2025-04-02 20:30:00",3.40,240.00,9.00,-0.04,9,274.00,0.28,425,183.00,8.50,166.00,3.10,2,274.00,2.50,296,165.00,5.90,102.00,1.20,9,274.00,1.30,347,189.00,6.50,108.00
"2025-04-02 20:45:00",3.10,241.00,9.00,0.04,9,273.00,0.23,373,95.00,11.50,262.00,2.90,9,273.00,1.90,219,75.00,8.70,210.00,1.20,9,273.00,1.40,221,62.00,10.50,252.00
"2025-04-02 21:00:00",3.00,247.00,9.00,0.02,9,275.00,0.23,377,96.00,11.40,258.00,2.60,9,275.00,1.90,214,75.00,8.30,197.00,1.40,9,275.00,1.70,206,64.00,9.70,242.00
"2025-04-02 21:15:00",3.00,236.00,9.00,0.01,9,276.00,0.27,379,103.00,10.90,241.00,2.80,2,276.00,2.50,223,81.00,8.20,188.00,0.90,9,276.00,1.50,220,73.00,9.30,220.00
"2025-04-02 21:30:00",2.70,240.00,9.00,0.01,9,274.00,0.30,437,144.00,9.50,237.00,2.50,2,274.00,2.20,258,112.00,6.90,154.00,1.00,9,274.00,1.50,235,94.00,7.90,180.00
"2025-04-02 21:45:00",2.60,245.00,9.00,0.08,9,274.00,0.20,439,110.00,11.70,266.00,2.30,9,274.00,1.80,219,93.00,7.10,158.00,1.20,9,274.00,1.60,219,68.00,9.70,251.00
"2025-04-02 22:00:00",2.80,239.00,9.00,0.08,9,274.00,0.19,492,106.00,12.70,263.00,2.60,2,274.00,1.90,233,100.00,6.90,151.00,1.00,9,274.00,1.40,240,72.00,10.00,252.00
"2025-04-02 22:15:00",2.40,251.00,9.00,0.02,9,276.00,0.19,447,92.00,13.00,256.00,2.00,9,276.00,1.50,193,78.00,7.40,169.00,1.30,9,276.00,1.40,196,64.00,9.20,230.00
"2025-04-02 22:30:00",1.30,253.00,9.00,0.03,9,273.00,0.19,427,106.00,11.50,248.00,1.00,9,273.00,1.30,205,91.00,6.80,139.00,0.70,9,273.00,1.00,204,75.00,8.60,209.00
"2025-04-02 22:45:00",1.40,280.00,9.00,0.03,9,274.00,0.28,441,216.00,7.00,135.00,0.70,9,274.00,1.70,331,191.00,5.10,59.00,1.30,9,274.00,2.00,382,227.00,5.00,59.00
"2025-04-02 23:00:00",8.40,142.00,0.00,0.03,0,274.00,0.61,615,356.00,4.60,37.00,2.00,0,274.00,2.90,521,333.00,3.80,8.00,-8.20,0,274.00,5.60,615,391.00,3.80,4.00
"2025-04-02 23:15:00",2.30,250.00,9.00,-0.06,9,276.00,0.29,371,136.00,9.30,207.00,2.00,9,276.00,1.60,263,119.00,7.30,149.00,1.20,9,276.00,1.20,282,132.00,7.70,170.00
"2025-04-02 23:30:00",2.40,247.00,9.00,0.02,9,274.00,0.23,350,98.00,10.70,256.00,2.10,9,274.00,1.50,215,81.00,8.20,205.00,1.10,9,274.00,1.20,218,71.00,9.50,237.00
"2025-04-02 23:45:00",0.50,356.00,9.00,0.11,9,274.00,0.26,413,121.00,10.30,251.00,-0.40,9,274.00,1.80,273,108.00,7.70,177.00,0.30,9,274.00,1.20,242,79.00,9.30,220.00
"2025-04-03 00:00:00",0.70,75.00,9.00,0.02,9,274.00,0.33,359,111.00,9.90,253.00,-0.60,9,274.00,1.80,268,105.00,7.60,188.00,-0.40,9,274.00,1.20,237,70.00,10.40,256.00
"2025-04-03 00:15:00",0.70,209.00,9.00,0.08,9,276.00,0.19,364,109.00,10.20,242.00,0.70,9,276.00,1.70,234,100.00,6.50,111.00,-0.10,9,276.00,1.00,208,72.00,8.80,205.00
"2025-04-03 00:30:00",0.40,248.00,9.00,-0.05,9,275.00,0.34,360,161.00,7.40,183.00,0.40,9,275.00,1.70,224,120.00,5.00,57.00,0.20,9,275.00,1.00,242,111.00,7.30,175.00
"2025-04-03 00:45:00",0.20,242.00,9.00,-0.02,9,274.00,0.18,346,102.00,10.40,263.00,0.20,9,274.00,1.40,165,93.00,4.90,51.00,0.10,9,274.00,0.80,164,67.00,7.70,193.00
"2025-04-03 01:00:00",0.10,157.00,0.00,0.00,9,274.00,0.17,333,97.00,10.40,250.00,0.10,0,274.00,1.00,150,89.00,4.40,34.00,-0.10,9,274.00,0.70,169,63.00,8.30,210.00
"2025-04-03 01:15:00",0.20,312.00,9.00,-0.03,9,277.00,0.21,343,106.00,9.80,235.00,0.00,9,277.00,1.20,205,99.00,6.00,107.00,0.20,9,277.00,0.80,173,71.00,7.60,181.00
"2025-04-03 01:30:00",0.70,332.00,9.00,0.07,9,274.00,0.22,383,113.00,10.40,248.00,-0.30,9,274.00,1.40,298,103.00,8.80,180.00,0.70,9,274.00,1.10,264,86.00,9.90,224.00
"2025-04-03 01:45:00",0.70,16.00,9.00,0.04,9,274.00,0.20,355,107.00,10.10,243.00,-0.70,9,274.00,1.40,227,99.00,6.80,138.00,0.30,9,274.00,0.90,207,72.00,8.80,215.00
"2025-04-03 02:00:00",0.40,351.00,9.00,0.11,9,275.00,0.32,430,166.00,8.80,206.00,-0.30,9,275.00,1.10,304,122.00,7.60,159.00,0.30,9,275.00,1.20,294,120.00,8.30,190.00
"2025-04-03 02:15:00",0.20,262.00,9.00,0.00,9,276.00,0.20,379,109.00,10.40,246.00,0.10,9,276.00,0.90,206,92.00,6.50,114.00,0.10,9,276.00,1.00,193,84.00,6.80,125.00
"2025-04-03 02:30:00",0.10,195.00,9.00,0.09,9,274.00,0.18,347,96.00,11.00,261.00,0.10,9,274.00,0.80,178,80.00,6.80,140.00,0.00,9,274.00,0.60,210,65.00,10.10,254.00
"2025-04-03 02:45:00",0.40,120.00,9.00,0.12,9,274.00,0.43,410,153.00,9.30,218.00,-0.10,9,274.00,0.90,207,111.00,5.30,67.00,-0.30,9,274.00,0.90,246,106.00,8.00,182.00
"2025-04-03 03:00:00",0.40,121.00,9.00,0.10,9,275.00,0.24,312,111.00,8.80,217.00,0.00,9,275.00,0.90,187,95.00,5.80,87.00,-0.40,9,275.00,0.80,182,74.00,7.70,181.00
"2025-04-03 03:15:00",1.00,100.00,9.00,0.15,9,276.00,0.17,343,100.00,10.30,246.00,-0.40,9,276.00,1.00,182,93.00,5.60,90.00,-0.80,9,276.00,0.80,186,68.00,8.40,201.00
"2025-04-03 03:30:00",0.30,102.00,9.00,0.10,9,274.00,0.21,306,100.00,9.60,250.00,-0.10,9,274.00,1.00,186,93.00,5.80,91.00,-0.30,9,274.00,0.80,185,69.00,8.40,197.00
"2025-04-03 03:45:00",0.30,102.00,9.00,0.11,9,275.00,0.16,398,104.00,11.50,267.00,-0.10,9,275.00,1.00,211,95.00,6.70,139.00,-0.20,9,275.00,0.70,198,69.00,9.00,233.00
"2025-04-03 04:00:00",0.60,100.00,9.00,0.14,9,274.00,0.20,336,100.00,10.30,260.00,-0.30,9,274.00,0.70,203,87.00,6.90,149.00,-0.50,9,274.00,0.80,184,63.00,9.00,228.00
"2025-04-03 04:15:00",2.90,208.00,9.00,0.09,2,277.00,0.38,363,158.00,7.40,157.00,2.90,2,277.00,4.90,200,111.00,4.80,50.00,-0.50,2,277.00,0.70,214,96.00,7.00,150.00
"2025-04-03 04:30:00",0.20,149.00,9.00,0.07,9,274.00,0.19,358,107.00,10.10,246.00,0.10,9,274.00,0.80,178,92.00,5.50,100.00,-0.20,9,274.00,0.90,167,69.00,7.50,195.00
"2025-04-03 04:45:00",0.60,186.00,9.00,0.08,9,274.00,0.19,356,109.00,9.90,241.00,0.50,9,274.00,1.20,178,93.00,5.40,91.00,-0.30,9,274.00,0.70,188,70.00,8.40,218.00
"2025-04-03 05:00:00",0.30,95.00,9.00,0.07,9,273.00,0.22,291,109.00,8.40,226.00,-0.20,9,273.00,1.00,192,98.00,5.70,89.00,-0.30,9,273.00,0.90,202,83.00,7.50,172.00
"2025-04-03 05:15:00",0.50,71.00,9.00,0.02,9,275.00,0.17,288,101.00,8.70,187.00,-0.40,9,275.00,0.80,184,93.00,5.60,61.00,-0.30,9,275.00,0.90,165,77.00,6.30,94.00
"2025-04-03 05:30:00",0.60,83.00,9.00,0.14,9,274.00,0.52,314,133.00,7.10,131.00,-0.40,9,274.00,2.20,259,114.00,6.60,106.00,-0.40,9,274.00,0.80,226,98.00,7.30,130.00
"2025-04-03 05:45:00",0.50,14.00,9.00,0.09,9,273.00,0.19,292,107.00,8.40,187.00,-0.50,9,273.00,1.00,216,99.00,6.60,116.00,0.20,9,273.00,1.00,214,85.00,7.90,161.00
"2025-04-03 06:00:00",0.20,329.00,9.00,0.03,9,273.00,0.19,333,100.00,10.30,241.00,-0.10,9,273.00,1.00,216,88.00,7.50,151.00,0.20,9,273.00,0.90,205,73.00,8.70,196.00
"2025-04-03 06:15:00",0.30,76.00,9.00,0.08,9,276.00,0.16,290,94.00,9.50,236.00,-0.20,9,276.00,1.10,198,88.00,6.90,139.00,-0.20,9,276.00,0.80,165,70.00,7.20,157.00
"2025-04-03 06:30:00",0.50,275.00,9.00,-0.03,9,273.00,0.21,316,103.00,9.60,235.00,0.30,9,273.00,1.50,245,93.00,7.60,146.00,0.40,9,273.00,0.80,215,77.00,8.80,216.00
"2025-04-03 06:45:00",0.80,26.00,9.00,0.01,9,273.00,0.18,347,123.00,9.30,218.00,-0.80,9,273.00,0.90,227,102.00,6.80,134.00,0.20,9,273.00,0.90,241,89.00,8.90,211.00
"2025-04-03 07:00:00",0.40,192.00,9.00,0.03,9,274.00,0.20,312,115.00,8.60,201.00,0.30,9,274.00,1.00,191,89.00,6.40,121.00,-0.20,9,274.00,0.90,215,83.00,8.20,192.00
"2025-04-03 07:15:00",0.30,198.00,9.00,0.05,9,275.00,0.19,304,107.00,8.80,210.00,0.30,9,275.00,0.90,161,86.00,5.40,70.00,-0.10,9,275.00,0.80,160,75.00,6.50,125.00
"2025-04-03 07:30:00",0.50,215.00,9.00,0.03,9,274.00,0.20,318,104.00,9.40,225.00,0.50,9,274.00,1.00,167,86.00,5.60,73.00,0.00,9,274.00,0.70,163,69.00,7.30,160.00
"2025-04-03 07:45:00",0.10,139.00,9.00,0.06,9,274.00,0.20,349,103.00,10.30,251.00,0.00,9,274.00,0.90,174,90.00,5.50,67.00,-0.10,9,274.00,0.90,174,70.00,7.80,183.00
"2025-04-03 08:00:00",0.30,237.00,9.00,0.04,9,274.00,0.20,325,115.00,8.80,209.00,0.20,9,274.00,1.00,182,100.00,5.00,56.00,0.10,9,274.00,0.90,175,75.00,7.30,155.00
"2025-04-03 08:15:00",0.50,219.00,0.00,0.02,9,276.00,0.19,336,131.00,8.10,173.00,0.50,0,276.00,2.40,195,108.00,4.90,39.00,0.00,9,276.00,0.80,195,86.00,7.10,137.00
"2025-04-03 08:30:00",0.70,227.00,9.00,0.09,9,275.00,0.24,329,114.00,8.90,212.00,0.70,9,275.00,1.10,199,106.00,5.30,61.00,0.10,9,275.00,1.00,187,75.00,7.70,173.00
"2025-04-03 08:45:00",0.50,251.00,9.00,0.06,9,274.00,0.22,322,117.00,8.70,217.00,0.40,9,274.00,1.30,184,102.00,4.90,42.00,0.30,9,274.00,0.90,200,72.00,8.60,204.00
"2025-04-03 09:00:00",0.50,52.00,9.00,0.01,9,273.00,0.18,344,114.00,9.40,218.00,-0.50,9,273.00,1.00,196,100.00,5.60,75.00,-0.10,9,273.00,0.90,185,76.00,7.60,162.00
"2025-04-03 09:15:00",0.60,271.00,9.00,0.06,9,276.00,0.29,350,124.00,9.00,203.00,0.40,9,276.00,1.00,213,106.00,6.00,99.00,0.50,9,276.00,1.40,232,89.00,8.20,176.00
"2025-04-03 09:30:00",0.20,22.00,9.00,0.10,9,274.00,0.24,432,146.00,9.80,232.00,-0.20,9,274.00,1.00,392,120.00,9.90,220.00,0.10,9,274.00,0.90,308,102.00,10.10,230.00
"2025-04-03 09:45:00",1.00,43.00,9.00,-0.07,9,274.00,0.33,402,121.00,10.10,233.00,-1.00,9,274.00,1.30,369,114.00,9.50,208.00,-0.10,9,274.00,1.40,342,88.00,11.40,259.00
"2025-04-03 10:00:00",0.70,71.00,9.00,0.03,2,274.00,0.42,376,117.00,9.80,234.00,-0.60,2,274.00,1.60,282,105.00,8.00,176.00,-0.40,2,274.00,1.00,254,74.00,10.30,227.00
"2025-04-03 10:15:00",1.00,70.00,9.00,-0.09,2,276.00,0.28,294,118.00,7.70,172.00,-0.80,2,276.00,1.10,210,96.00,6.40,109.00,-0.50,2,276.00,1.00,196,76.00,8.10,185.00
"2025-04-03 10:30:00",0.80,40.00,9.00,-0.06,2,275.00,0.24,270,114.00,7.20,159.00,-0.80,2,275.00,1.40,186,95.00,5.50,76.00,0.00,2,275.00,0.90,191,71.00,8.30,197.00
"2025-04-03 10:45:00",0.30,146.00,0.00,0.02,2,275.00,0.22,216,96.00,6.80,142.00,0.10,0,275.00,0.80,140,81.00,4.70,35.00,-0.30,2,275.00,1.00,142,61.00,7.00,149.00
"2025-04-03 11:00:00",0.60,88.00,0.00,0.09,2,276.00,0.29,248,120.00,6.10,98.00,-0.40,0,276.00,1.70,174,97.00,4.80,41.00,-0.40,2,276.00,1.30,178,83.00,6.10,107.00
"2025-04-03 11:15:00",0.50,182.00,9.00,0.02,2,278.00,0.25,208,99.00,6.30,122.00,0.40,2,278.00,1.50,141,76.00,5.00,55.00,-0.30,2,278.00,1.00,123,56.00,6.70,145.00
"2025-04-03 11:30:00",0.30,96.00,9.00,0.05,9,276.00,0.27,216,95.00,6.80,134.00,-0.20,9,276.00,1.60,166,84.00,5.30,62.00,-0.30,9,276.00,0.90,134,56.00,7.10,145.00
"2025-04-03 11:45:00",0.80,172.00,0.00,0.01,2,276.00,0.24,219,98.00,6.70,135.00,0.60,0,276.00,1.90,160,95.00,4.30,25.00,-0.60,2,276.00,1.00,131,60.00,6.70,135.00
"2025-04-03 12:00:00",0.50,226.00,9.00,-0.02,2,276.00,0.23,198,90.00,6.60,120.00,0.50,2,276.00,1.60,158,81.00,5.30,57.00,0.10,2,276.00,0.90,124,55.00,6.80,146.00
"2025-04-03 12:15:00",1.00,45.00,9.00,0.16,2,278.00,0.41,319,149.00,6.70,138.00,-1.00,2,278.00,2.30,252,124.00,5.80,86.00,-0.10,2,278.00,2.10,223,98.00,7.10,147.00
"2025-04-03 12:30:00",1.40,40.00,9.00,-0.02,2,277.00,0.42,241,90.00,8.10,189.00,-1.40,2,277.00,2.50,204,84.00,7.00,145.00,0.00,2,277.00,2.60,154,58.00,8.00,186.00
"2025-04-03 12:45:00",1.00,73.00,9.00,0.09,2,276.00,0.35,207,87.00,7.20,155.00,-0.80,2,276.00,1.60,170,80.00,6.10,106.00,-0.60,2,276.00,1.40,143,55.00,7.70,164.00
"2025-04-03 13:00:00",2.00,82.00,9.00,0.14,2,276.00,0.38,230,100.00,7.00,146.00,-1.40,2,276.00,2.30,182,93.00,5.40,78.00,-1.40,2,276.00,1.70,153,61.00,7.50,177.00
"2025-04-03 13:15:00",2.40,61.00,0.00,0.01,2,279.00,0.19,184,88.00,6.10,103.00,-2.20,0,279.00,2.10,133,81.00,4.20,22.00,-0.90,2,279.00,1.30,132,60.00,6.60,131.00
"2025-04-03 13:30:00",1.00,76.00,9.00,0.02,2,277.00,0.25,243,119.00,6.50,124.00,-0.80,2,277.00,1.40,180,94.00,5.20,57.00,-0.60,2,277.00,1.50,175,79.00,7.10,147.00
"2025-04-03 13:45:00",0.70,83.00,9.00,0.04,2,276.00,0.26,236,110.00,6.60,125.00,-0.50,2,276.00,1.20,175,92.00,5.20,57.00,-0.50,2,276.00,1.10,159,68.00,6.90,136.00
"2025-04-03 14:00:00",0.60,94.00,9.00,0.20,2,277.00,0.46,199,83.00,7.20,150.00,-0.40,2,277.00,2.10,161,77.00,5.80,99.00,-0.50,2,277.00,1.40,138,53.00,7.70,163.00
"2025-04-03 14:15:00",0.90,61.00,9.00,-0.05,2,278.00,0.37,191,82.00,7.00,157.00,-0.80,2,278.00,2.00,161,83.00,5.30,69.00,-0.40,2,278.00,1.70,126,53.00,7.00,151.00
"2025-04-03 14:30:00",0.80,62.00,9.00,-0.06,2,277.00,0.29,192,83.00,7.00,158.00,-0.80,2,277.00,1.70,147,81.00,4.90,50.00,-0.30,2,277.00,1.10,127,53.00,7.10,157.00
"2025-04-03 14:45:00",0.70,177.00,9.00,0.05,2,277.00,0.25,188,80.00,7.10,160.00,0.50,2,277.00,2.00,152,80.00,5.20,65.00,-0.50,2,277.00,1.10,134,55.00,7.60,176.00
"2025-04-03 15:00:00",1.30,326.00,9.00,0.20,2,276.00,0.54,319,123.00,8.50,199.00,-0.40,2,276.00,3.10,270,112.00,7.50,154.00,1.30,2,276.00,2.80,234,94.00,8.50,201.00
"2025-04-03 15:15:00",2.00,19.00,9.00,-0.06,2,279.00,0.43,238,88.00,8.40,200.00,-1.90,2,279.00,2.10,216,87.00,7.20,151.00,0.70,2,279.00,2.00,177,56.00,9.30,210.00
"2025-04-03 15:30:00",1.60,359.00,9.00,0.09,2,276.00,0.46,237,81.00,8.90,216.00,-1.20,2,276.00,2.20,229,82.00,8.00,158.00,1.00,2,276.00,2.00,203,57.00,10.30,229.00
"2025-04-03 15:45:00",2.10,2.00,9.00,0.01,2,277.00,0.33,243,76.00,9.60,223.00,-1.70,2,277.00,1.70,223,72.00,8.40,162.00,1.20,2,277.00,1.70,185,56.00,9.80,213.00
"2025-04-03 16:00:00",1.60,345.00,9.00,0.06,2,276.00,0.28,223,76.00,9.20,230.00,-0.90,2,276.00,1.70,161,64.00,7.00,135.00,1.20,2,276.00,1.80,163,51.00,8.70,207.00
"2025-04-03 16:15:00",2.70,289.00,9.00,0.19,2,279.00,0.50,329,129.00,8.50,196.00,0.90,2,279.00,3.20,250,102.00,7.60,162.00,2.50,2,279.00,3.00,241,102.00,8.00,180.00
"2025-04-03 16:30:00",3.50,268.00,9.00,0.15,2,276.00,0.48,324,89.00,10.70,252.00,2.20,2,276.00,3.00,213,75.00,8.50,203.00,2.70,2,276.00,3.00,229,68.00,10.10,248.00
"2025-04-03 16:45:00",2.70,267.00,9.00,0.12,2,277.00,0.36,280,87.00,9.80,237.00,1.80,2,277.00,2.90,173,78.00,6.60,134.00,2.00,2,277.00,2.80,175,60.00,8.80,232.00
"2025-04-03 17:00:00",2.00,274.00,9.00,0.07,2,276.00,0.23,267,83.00,9.90,239.00,1.10,2,276.00,2.30,159,76.00,6.10,113.00,1.70,2,276.00,2.60,152,57.00,8.20,210.00
"2025-04-03 17:15:00",1.20,260.00,9.00,0.09,2,279.00,0.25,271,83.00,9.80,231.00,0.90,2,279.00,1.70,150,78.00,5.50,82.00,0.80,2,279.00,1.80,149,59.00,7.80,189.00
"2025-04-03 17:30:00",0.40,289.00,9.00,0.07,9,276.00,0.25,286,103.00,9.00,201.00,0.10,9,276.00,1.00,158,86.00,5.10,50.00,0.30,9,276.00,1.00,164,73.00,7.30,161.00
"2025-04-03 17:45:00",0.80,241.00,9.00,0.13,2,276.00,0.25,311,117.00,8.50,200.00,0.70,2,276.00,1.80,177,95.00,5.20,69.00,0.30,2,276.00,1.50,184,83.00,7.00,144.00
"2025-04-03 18:00:00",1.30,231.00,9.00,0.08,9,276.00,0.20,292,88.00,10.10,239.00,1.30,9,276.00,2.20,149,78.00,5.40,85.00,0.30,9,276.00,1.20,153,62.00,7.70,183.00
"2025-04-03 18:15:00",1.80,234.00,9.00,0.09,9,277.00,0.20,306,95.00,9.70,220.00,1.70,9,277.00,2.30,152,80.00,5.40,79.00,0.50,9,277.00,1.20,165,68.00,7.50,174.00
"2025-04-03 18:30:00",1.30,263.00,9.00,0.07,9,276.00,0.23,332,101.00,10.00,242.00,0.90,9,276.00,1.50,179,87.00,6.00,102.00,0.90,9,276.00,1.60,181,72.00,7.80,182.00
"2025-04-03 18:45:00",2.90,240.00,9.00,0.08,9,276.00,0.20,356,99.00,10.70,253.00,2.70,2,276.00,2.20,183,83.00,6.60,137.00,1.10,9,276.00,1.60,184,69.00,8.30,202.00
"2025-04-03 19:00:00",2.70,254.00,9.00,0.01,9,276.00,0.26,399,126.00,10.20,236.00,2.10,9,276.00,2.00,229,98.00,7.20,143.00,1.60,9,276.00,1.70,229,93.00,8.00,186.00
"2025-04-03 19:15:00",3.70,255.00,9.00,0.03,9,277.00,0.22,388,103.00,11.00,243.00,3.00,2,277.00,2.30,237,85.00,8.30,189.00,2.30,9,277.00,1.90,226,73.00,9.40,226.00
"2025-04-03 19:30:00",2.70,259.00,9.00,0.03,9,274.00,0.26,347,94.00,11.00,249.00,2.00,9,274.00,2.10,210,77.00,8.30,206.00,1.70,9,274.00,1.90,206,67.00,9.50,239.00
"2025-04-03 19:45:00",2.90,267.00,9.00,-0.07,9,274.00,0.38,382,105.00,10.90,250.00,1.90,9,274.00,2.40,291,87.00,9.70,224.00,2.20,2,274.00,2.20,221,72.00,9.50,245.00
"2025-04-03 20:00:00",2.40,276.00,9.00,-0.23,9,274.00,0.41,393,102.00,11.40,253.00,1.30,9,274.00,2.20,308,83.00,10.60,241.00,2.10,9,274.00,1.60,260,68.00,11.20,257.00
"2025-04-03 20:15:00",3.40,275.00,9.00,-0.30,9,276.00,0.44,385,121.00,9.90,224.00,1.80,9,276.00,2.30,328,98.00,9.90,227.00,2.90,2,276.00,2.00,269,86.00,9.70,232.00
"2025-04-03 20:30:00",3.80,265.00,9.00,-0.14,9,274.00,0.36,363,98.00,11.00,250.00,2.60,2,274.00,2.10,237,83.00,8.50,208.00,2.70,2,274.00,1.90,231,69.00,10.10,249.00
"2025-04-03 20:45:00",4.30,267.00,9.00,-0.16,9,274.00,0.35,404,95.00,12.00,261.00,2.90,2,274.00,2.00,270,83.00,9.00,198.00,3.30,2,274.00,2.30,254,70.00,10.40,253.00
"2025-04-03 21:00:00",4.80,276.00,9.00,-0.24,9,274.00,0.42,442,103.00,12.10,264.00,2.60,2,274.00,1.80,354,90.00,10.80,238.00,4.10,2,274.00,2.00,318,77.00,11.80,264.00
"2025-04-03 21:15:00",4.40,270.00,9.00,-0.12,9,276.00,0.41,343,92.00,10.80,243.00,2.70,2,276.00,2.10,298,87.00,9.40,208.00,3.50,2,276.00,2.50,227,67.00,9.70,222.00
"2025-04-03 21:30:00",4.40,263.00,9.00,-0.12,9,274.00,0.37,371,101.00,10.90,256.00,3.10,2,274.00,2.40,294,91.00,9.30,208.00,3.10,2,274.00,2.00,247,70.00,10.30,252.00
"2025-04-03 21:45:00",4.90,267.00,9.00,-0.30,9,274.00,0.48,433,126.00,10.80,245.00,3.20,2,274.00,2.50,370,115.00,9.90,229.00,3.70,2,274.00,2.10,291,91.00,10.20,238.00
"2025-04-03 22:00:00",4.40,268.00,9.00,-0.16,9,274.00,0.43,438,114.00,11.20,256.00,2.80,2,274.00,2.40,336,113.00,8.70,196.00,3.40,2,274.00,2.60,293,77.00,11.00,253.00
"2025-04-03 22:15:00",4.70,265.00,9.00,-0.16,9,276.00,0.44,392,110.00,10.40,240.00,3.20,2,276.00,2.40,316,112.00,8.10,185.00,3.40,2,276.00,2.40,244,74.00,9.60,229.00
"2025-04-03 22:30:00",2.90,272.00,9.00,-0.05,9,273.00,0.22,405,103.00,11.30,251.00,1.70,9,273.00,1.80,290,106.00,8.30,196.00,2.30,2,273.00,1.80,225,69.00,10.00,251.00
"2025-04-03 22:45:00",3.40,263.00,9.00,-0.09,9,274.00,0.34,439,110.00,11.60,262.00,2.40,2,274.00,2.40,339,107.00,9.40,223.00,2.40,2,274.00,2.20,296,77.00,11.20,259.00
"2025-04-03 23:00:00",3.30,262.00,9.00,-0.11,9,274.00,0.44,510,130.00,11.80,255.00,2.40,2,274.00,2.50,411,124.00,9.80,226.00,2.30,2,274.00,2.60,334,97.00,10.80,249.00
"2025-04-03 23:15:00",2.20,280.00,9.00,0.02,9,276.00,0.27,446,108.00,11.60,243.00,1.00,9,276.00,2.80,251,109.00,6.50,123.00,2.00,9,276.00,2.10,231,74.00,9.10,215.00
"2025-04-03 23:30:00",2.50,261.00,9.00,0.07,9,274.00,0.20,533,117.00,12.80,262.00,1.90,9,274.00,1.80,321,115.00,8.10,171.00,1.70,9,274.00,2.30,311,84.00,10.50,250.00
"2025-04-03 23:45:00",1.50,218.00,9.00,0.09,9,274.00,0.24,564,130.00,12.40,267.00,1.50,9,274.00,1.70,421,133.00,9.20,201.00,0.00,9,274.00,1.20,349,87.00,11.50,255.00
"2025-04-04 00:00:00",0.50,295.00,9.00,0.02,9,274.00,0.17,491,108.00,12.70,267.00,0.10,9,274.00,1.10,238,101.00,7.00,137.00,0.50,9,274.00,0.90,227,73.00,9.50,237.00
"2025-04-04 00:15:00",0.40,8.00,9.00,0.04,9,276.00,0.18,419,124.00,10.40,222.00,-0.40,9,276.00,2.10,249,100.00,7.40,158.00,0.20,9,276.00,0.90,234,91.00,8.40,202.00
"2025-04-04 00:30:00",0.20,359.00,9.00,0.04,9,274.00,0.17,484,119.00,11.70,248.00,-0.20,9,274.00,0.90,292,101.00,8.40,180.00,0.10,9,274.00,0.90,263,82.00,9.70,233.00
"2025-04-04 00:45:00",0.50,83.00,9.00,0.09,9,275.00,0.15,506,103.00,13.30,265.00,-0.30,9,275.00,0.70,162,87.00,5.20,58.00,-0.30,9,275.00,0.70,181,70.00,8.00,191.00
"2025-04-04 01:00:00",0.50,144.00,9.00,0.10,9,273.00,0.12,508,107.00,13.30,264.00,0.10,9,273.00,0.70,163,91.00,4.90,43.00,-0.50,9,273.00,0.80,173,73.00,7.30,170.00
"2025-04-04 01:15:00",1.10,107.00,9.00,0.07,9,276.00,0.15,522,108.00,13.10,253.00,-0.40,9,276.00,0.80,182,91.00,5.70,79.00,-1.00,9,276.00,1.50,195,77.00,7.80,177.00
"2025-04-04 01:30:00",0.50,140.00,9.00,0.06,9,274.00,0.17,431,109.00,11.40,248.00,0.10,9,274.00,0.90,177,93.00,5.20,55.00,-0.40,9,274.00,1.00,186,76.00,7.60,184.00
"2025-04-04 01:45:00",1.30,209.00,9.00,0.04,9,273.00,0.18,496,158.00,10.80,231.00,1.30,9,273.00,5.40,240,125.00,4.90,48.00,-0.20,9,273.00,1.70,257,115.00,7.30,158.00
"2025-04-04 02:00:00",1.00,129.00,9.00,0.03,9,274.00,0.16,549,109.00,13.50,266.00,0.00,9,274.00,0.90,206,89.00,6.60,122.00,-1.00,9,274.00,1.20,240,74.00,9.50,228.00
"2025-04-04 02:15:00",0.50,136.00,9.00,0.02,9,275.00,0.15,443,106.00,11.70,247.00,0.10,9,275.00,1.00,167,88.00,5.40,78.00,-0.50,9,275.00,0.90,199,71.00,8.50,200.00
"2025-04-04 02:30:00",0.30,123.00,9.00,0.04,9,274.00,0.13,574,105.00,14.30,267.00,0.00,9,274.00,0.60,164,86.00,5.40,69.00,-0.30,9,274.00,0.70,210,70.00,9.20,221.00
"2025-04-04 02:45:00",0.10,206.00,9.00,0.04,9,273.00,0.11,618,105.00,15.00,271.00,0.10,9,273.00,0.90,152,86.00,4.80,47.00,0.00,9,273.00,0.60,218,70.00,9.60,244.00
"2025-04-04 03:00:00",0.20,82.00,0.00,0.04,9,274.00,0.13,608,160.00,12.30,232.00,-0.20,0,274.00,2.70,227,126.00,4.70,41.00,-0.20,9,274.00,1.20,273,119.00,7.80,166.00
"2025-04-04 03:15:00",0.40,133.00,9.00,0.03,9,275.00,0.12,584,103.00,14.50,256.00,0.00,9,275.00,0.80,152,85.00,5.00,57.00,-0.40,9,275.00,0.80,197,68.00,8.90,218.00
"2025-04-04 03:30:00",0.40,145.00,9.00,0.03,9,274.00,0.13,522,108.00,13.10,258.00,0.10,9,274.00,0.80,182,91.00,5.60,89.00,-0.40,9,274.00,0.80,200,73.00,8.60,207.00
"2025-04-04 03:45:00",0.30,115.00,9.00,0.04,9,273.00,0.16,474,105.00,12.70,264.00,-0.10,9,273.00,0.90,185,91.00,6.00,92.00,-0.30,9,273.00,0.70,213,71.00,9.10,210.00
"2025-04-04 04:00:00",0.40,18.00,9.00,-0.01,9,274.00,0.15,500,107.00,13.10,272.00,-0.40,9,274.00,0.80,175,97.00,5.10,50.00,0.10,9,274.00,0.80,183,73.00,7.80,187.00
"2025-04-04 04:15:00",0.10,70.00,9.00,0.04,9,275.00,0.17,442,139.00,10.50,218.00,-0.10,9,275.00,2.70,199,102.00,5.30,77.00,-0.10,9,275.00,2.20,216,99.00,7.00,148.00
"2025-04-04 04:30:00",0.20,77.00,9.00,0.04,9,274.00,0.15,503,113.00,12.70,268.00,-0.20,9,274.00,0.90,196,110.00,5.00,56.00,-0.10,9,274.00,0.70,221,77.00,8.80,219.00
"2025-04-04 04:45:00",0.10,27.00,0.00,0.05,9,273.00,0.14,497,110.00,12.80,269.00,-0.10,0,273.00,1.00,167,99.00,4.50,34.00,0.00,9,273.00,0.70,188,73.00,8.00,204.00
"2025-04-04 05:00:00",0.20,133.00,9.00,0.01,9,273.00,0.15,419,105.00,11.50,258.00,0.00,9,273.00,0.90,164,92.00,4.90,51.00,-0.20,9,273.00,0.70,183,75.00,7.50,179.00
"2025-04-04 05:15:00",0.40,93.00,9.00,0.02,9,276.00,0.15,450,104.00,12.00,239.00,-0.20,9,276.00,0.90,163,89.00,5.10,58.00,-0.30,9,276.00,1.00,184,71.00,7.80,172.00
"2025-04-04 05:30:00",0.80,125.00,9.00,0.03,9,273.00,0.15,448,106.00,12.00,252.00,0.00,9,273.00,0.90,180,88.00,6.00,80.00,-0.80,9,273.00,1.40,194,76.00,8.00,178.00
"2025-04-04 05:45:00",1.80,145.00,9.00,0.06,9,274.00,0.18,455,155.00,9.80,207.00,0.50,9,274.00,1.90,271,122.00,6.20,81.00,-1.70,9,274.00,2.50,287,126.00,7.20,140.00
"2025-04-04 06:00:00",2.50,145.00,9.00,0.09,9,273.00,0.20,434,111.00,11.40,239.00,0.80,9,273.00,1.10,242,94.00,7.60,160.00,-2.40,9,273.00,1.80,243,84.00,9.00,214.00
"2025-04-04 06:15:00",0.40,143.00,9.00,0.03,9,275.00,0.19,375,111.00,10.10,225.00,0.10,9,275.00,0.90,171,94.00,5.10,53.00,-0.40,9,275.00,1.10,185,79.00,7.30,166.00
"2025-04-04 06:30:00",2.20,137.00,9.00,0.10,9,274.00,0.22,378,114.00,10.00,233.00,0.40,9,274.00,1.10,215,104.00,6.00,102.00,-2.20,9,274.00,1.90,226,82.00,8.50,215.00
"2025-04-04 06:45:00",3.00,127.00,9.00,0.13,9,273.00,0.20,352,113.00,9.50,219.00,0.00,9,273.00,0.90,221,104.00,6.00,94.00,-3.00,2,273.00,2.50,237,83.00,8.50,207.00
"2025-04-04 07:00:00",3.50,137.00,9.00,0.12,9,274.00,0.26,437,149.00,9.30,200.00,0.60,9,274.00,1.20,367,127.00,8.50,162.00,-3.50,2,274.00,1.90,373,118.00,10.00,222.00
"2025-04-04 07:15:00",2.90,135.00,9.00,0.11,9,275.00,0.24,478,122.00,11.20,245.00,0.30,9,275.00,1.00,464,105.00,11.90,240.00,-2.90,2,275.00,1.00,441,88.00,13.20,250.00
"2025-04-04 07:30:00",3.80,134.00,9.00,0.11,9,273.00,0.29,660,126.00,13.60,266.00,0.40,9,273.00,1.00,595,111.00,13.00,250.00,-3.80,2,273.00,1.30,627,102.00,14.60,268.00
"2025-04-04 07:45:00",2.30,141.00,9.00,0.02,9,274.00,0.23,364,109.00,9.90,230.00,0.50,9,274.00,1.20,207,90.00,6.60,120.00,-2.20,9,274.00,1.90,274,80.00,9.50,209.00
"2025-04-04 08:00:00",2.80,124.00,9.00,-0.02,9,273.00,0.21,306,117.00,8.10,181.00,-0.20,9,273.00,1.50,250,116.00,6.20,97.00,-2.70,2,273.00,2.50,218,86.00,7.80,176.00
"2025-04-04 08:15:00",3.80,139.00,9.00,-0.08,9,277.00,0.51,453,144.00,9.60,209.00,0.70,9,277.00,1.80,447,138.00,9.40,199.00,-3.80,2,277.00,2.70,418,117.00,10.60,226.00
"2025-04-04 08:30:00",3.80,133.00,9.00,-0.08,9,274.00,0.47,397,130.00,9.30,223.00,0.30,9,274.00,2.00,413,132.00,9.10,191.00,-3.80,2,274.00,2.70,319,94.00,10.10,239.00
"2025-04-04 08:45:00",4.20,124.00,9.00,0.08,9,274.00,0.53,515,136.00,11.00,247.00,-0.30,9,274.00,2.20,644,150.00,12.00,237.00,-4.20,2,274.00,2.70,460,105.00,12.10,257.00
"2025-04-04 09:00:00",4.40,127.00,9.00,0.02,9,274.00,0.49,432,131.00,9.80,225.00,-0.10,9,274.00,2.30,425,114.00,10.50,224.00,-4.40,2,274.00,3.30,371,100.00,10.80,238.00
"2025-04-04 09:15:00",4.10,121.00,9.00,-0.01,9,276.00,0.30,326,119.00,8.40,185.00,-0.50,9,276.00,2.40,264,101.00,8.00,164.00,-4.10,2,276.00,2.90,254,92.00,8.30,187.00
"2025-04-04 09:30:00",2.20,128.00,9.00,0.08,9,274.00,0.32,302,116.00,8.10,177.00,0.00,9,274.00,1.70,202,93.00,6.50,112.00,-2.20,9,274.00,2.10,211,83.00,7.90,181.00
"2025-04-04 09:45:00",1.90,149.00,9.00,0.28,9,274.00,0.56,343,136.00,8.00,175.00,0.70,9,274.00,2.90,255,103.00,7.40,146.00,-1.80,9,274.00,2.80,262,101.00,8.20,173.00
"2025-04-04 10:00:00",1.70,139.00,9.00,0.52,2,276.00,0.76,318,115.00,8.50,200.00,0.30,2,276.00,2.60,239,88.00,8.10,179.00,-1.70,2,276.00,2.60,233,76.00,9.40,222.00
"2025-04-04 10:15:00",1.90,129.00,9.00,0.06,2,278.00,0.41,291,113.00,7.80,158.00,0.00,2,278.00,2.60,206,84.00,7.20,141.00,-1.90,2,278.00,2.50,184,71.00,7.80,168.00
"2025-04-04 10:30:00",1.10,129.00,9.00,0.44,2,276.00,0.77,315,125.00,7.70,168.00,0.00,2,276.00,3.20,236,90.00,7.80,169.00,-1.10,2,276.00,3.10,218,76.00,8.60,200.00
"2025-04-04 10:45:00",2.00,165.00,9.00,0.60,2,276.00,0.76,312,119.00,8.00,194.00,1.20,2,276.00,3.10,250,94.00,8.00,178.00,-1.60,2,276.00,2.50,225,73.00,9.20,224.00
"2025-04-04 11:00:00",2.40,101.00,9.00,0.67,2,277.00,0.85,334,122.00,8.30,189.00,-1.10,2,277.00,2.90,227,93.00,7.20,145.00,-2.20,2,277.00,3.00,270,81.00,9.80,228.00
"2025-04-04 11:15:00",2.90,165.00,9.00,0.47,2,279.00,0.89,313,125.00,7.70,179.00,1.80,2,279.00,3.20,253,101.00,7.40,161.00,-2.30,2,279.00,3.40,231,83.00,8.40,209.00
"2025-04-04 11:30:00",2.40,96.00,9.00,0.56,2,276.00,0.75,319,124.00,7.80,175.00,-1.30,2,276.00,2.50,248,97.00,7.60,163.00,-2.00,2,276.00,2.90,231,80.00,8.70,212.00
