"2025-04-01 00:00:00",0.30,296.00,9.00,0.05,9,274.00,0.20,2772,389.00,16.90,274.00,0.10,9,274.00,0.80,2538,333.00,17.40,274.00,0.20,9,274.00,0.40,4136,328.00,22.00,272.00
"2025-04-01 00:15:00",0.20,84.00,9.00,0.10,9,277.00,0.14,3166,344.00,18.30,253.00,-0.10,9,277.00,0.70,2559,318.00,17.20,256.00,-0.10,9,277.00,0.60,3003,317.00,18.40,256.00
"2025-04-01 00:30:00",0.20,343.00,9.00,0.08,9,274.00,0.16,2857,331.00,18.60,274.00,-0.10,9,274.00,0.50,2602,298.00,18.60,274.00,0.20,9,274.00,0.50,3356,319.00,20.40,271.00
"2025-04-01 00:45:00",0.10,345.00,9.00,0.08,9,274.00,0.14,3286,319.00,20.10,274.00,-0.10,9,274.00,0.50,2732,296.00,19.10,271.00,0.10,9,274.00,0.50,3542,316.00,20.90,272.00
"2025-04-01 01:00:00",0.30,113.00,9.00,0.10,9,275.00,0.12,3291,322.00,20.00,275.00,-0.10,9,275.00,0.30,3363,286.00,21.20,271.00,-0.30,9,275.00,0.50,3347,320.00,20.20,275.00
"2025-04-01 01:15:00",0.60,81.00,9.00,0.14,9,276.00,0.12,3045,305.00,18.90,257.00,-0.50,9,276.00,0.40,2526,269.00,18.20,254.00,-0.40,9,276.00,0.60,2938,288.00,18.90,257.00
"2025-04-01 01:30:00",0.70,57.00,9.00,0.10,9,274.00,0.14,3082,329.00,19.20,273.00,-0.60,9,274.00,0.70,1951,298.00,16.10,274.00,-0.20,9,274.00,0.60,3255,294.00,20.60,274.00
"2025-04-01 01:45:00",0.50,50.00,9.00,0.09,9,275.00,0.14,2917,319.00,19.10,275.00,-0.50,9,275.00,0.80,1926,296.00,15.90,274.00,-0.10,9,275.00,0.50,3657,290.00,21.80,275.00
"2025-04-01 02:00:00",0.90,51.00,9.00,0.12,9,274.00,0.12,2797,320.00,18.60,274.00,-0.90,9,274.00,0.50,1987,293.00,16.30,274.00,-0.20,9,274.00,0.40,4179,285.00,23.30,274.00
"2025-04-01 02:15:00",1.30,41.00,9.00,0.15,9,277.00,0.09,2521,303.00,17.30,254.00,-1.30,9,277.00,0.60,1513,291.00,13.70,255.00,-0.10,9,277.00,0.20,4020,263.00,22.40,254.00
"2025-04-01 02:30:00",1.40,46.00,9.00,0.19,9,274.00,0.09,3122,328.00,19.50,273.00,-1.40,9,274.00,0.50,1745,298.00,15.20,272.00,-0.20,9,274.00,0.20,4226,296.00,23.10,274.00
"2025-04-01 02:45:00",1.10,46.00,9.00,0.18,9,274.00,0.09,3389,336.00,19.90,273.00,-1.10,9,274.00,0.70,1830,323.00,14.80,273.00,-0.20,9,274.00,0.30,3816,316.00,21.50,272.00
"2025-04-01 03:00:00",0.60,39.00,9.00,0.11,9,275.00,0.10,3359,319.00,20.40,273.00,-0.60,9,275.00,0.60,2334,291.00,17.70,272.00,0.00,9,275.00,0.40,3851,302.00,22.10,275.00
"2025-04-01 03:15:00",0.20,88.00,9.00,0.09,9,276.00,0.12,3524,296.00,20.20,257.00,-0.10,9,276.00,0.30,3006,270.00,19.70,256.00,-0.20,9,276.00,0.60,2651,280.00,18.30,257.00
"2025-04-01 03:30:00",0.40,171.00,9.00,0.06,9,274.00,0.15,3539,349.00,19.90,269.00,0.30,9,274.00,0.40,2728,288.00,19.30,273.00,-0.30,9,274.00,0.60,2663,297.00,18.70,274.00
"2025-04-01 03:45:00",0.30,246.00,9.00,-0.04,9,275.00,0.14,3677,384.00,19.50,274.00,0.30,9,275.00,0.50,2944,277.00,20.00,272.00,0.10,9,275.00,0.60,2987,313.00,19.40,275.00
"2025-04-01 04:00:00",0.70,249.00,9.00,-0.18,9,274.00,0.13,3581,384.00,19.20,274.00,0.60,9,274.00,0.50,2467,250.00,19.60,274.00,0.30,9,274.00,0.60,3101,264.00,20.90,274.00
"2025-04-01 04:15:00",0.60,246.00,9.00,-0.15,9,277.00,0.14,3481,361.00,18.60,254.00,0.50,9,277.00,0.70,2142,275.00,16.70,256.00,0.30,9,277.00,0.20,4155,278.00,22.20,256.00
"2025-04-01 04:30:00",1.00,233.00,9.00,-0.14,9,273.00,0.08,3918,331.00,21.30,271.00,0.90,9,273.00,0.80,2505,318.00,17.60,273.00,0.20,9,273.00,0.20,4501,289.00,23.80,271.00
"2025-04-01 04:45:00",0.60,104.00,9.00,0.09,9,273.00,0.13,3233,304.00,20.20,273.00,-0.20,9,273.00,0.30,3689,313.00,21.20,267.00,-0.50,9,273.00,0.50,3441,337.00,20.00,273.00
"2025-04-01 05:00:00",0.20,289.00,9.00,0.04,9,274.00,0.06,5041,306.00,24.30,274.00,0.10,9,274.00,0.50,2627,263.00,19.70,274.00,0.20,9,274.00,0.30,4689,294.00,24.10,273.00
"2025-04-01 05:15:00",0.50,343.00,9.00,0.08,9,275.00,0.07,4089,336.00,20.50,254.00,-0.30,9,275.00,0.20,3821,222.00,23.40,255.00,0.40,9,275.00,0.30,3818,242.00,22.50,254.00
"2025-04-01 05:30:00",0.70,76.00,9.00,0.15,9,274.00,0.16,3171,404.00,17.60,274.00,-0.60,9,274.00,0.20,3067,233.00,22.30,273.00,-0.50,9,274.00,0.50,3591,292.00,21.80,274.00
"2025-04-01 05:45:00",0.60,312.00,9.00,0.03,9,273.00,0.13,2863,409.00,16.70,271.00,0.00,9,273.00,0.20,3332,233.00,23.00,271.00,0.60,9,273.00,0.40,3398,267.00,22.00,271.00
"2025-04-01 06:00:00",0.60,275.00,9.00,-0.08,9,274.00,0.19,3220,354.00,19.00,274.00,0.30,9,274.00,0.30,3376,267.00,21.90,274.00,0.50,9,274.00,0.70,3193,280.00,20.90,274.00
"2025-04-01 06:15:00",0.20,252.00,9.00,-0.03,9,275.00,0.15,3426,346.00,18.80,256.00,0.10,9,275.00,0.40,2939,246.00,20.00,255.00,0.10,9,275.00,0.50,3164,270.00,20.10,256.00
"2025-04-01 06:30:00",0.80,289.00,9.00,-0.10,9,273.00,0.13,3486,366.00,19.50,273.00,0.30,9,273.00,0.50,3241,237.00,22.50,273.00,0.70,9,273.00,0.40,4144,309.00,22.60,273.00
"2025-04-01 06:45:00",0.50,14.00,9.00,0.03,9,274.00,0.13,3570,389.00,19.30,274.00,-0.50,9,274.00,0.50,2406,274.00,18.70,274.00,0.20,9,274.00,0.40,3568,293.00,21.70,274.00
"2025-04-01 07:00:00",0.10,322.00,9.00,-0.01,9,273.00,0.17,3127,373.00,18.50,272.00,0.00,9,273.00,0.70,2509,304.00,18.10,272.00,0.10,9,273.00,0.50,3170,311.00,20.10,271.00
"2025-04-01 07:15:00",0.30,176.00,9.00,0.03,9,276.00,0.17,3023,340.00,17.80,255.00,0.20,9,276.00,0.80,2231,282.00,16.80,256.00,-0.20,9,276.00,0.60,2776,274.00,18.80,256.00
"2025-04-01 07:30:00",0.30,267.00,9.00,-0.03,9,274.00,0.19,3228,382.00,18.30,273.00,0.20,9,274.00,0.70,2450,300.00,17.70,274.00,0.20,9,274.00,0.70,3329,321.00,20.10,274.00
"2025-04-01 07:45:00",0.20,17.00,9.00,0.10,9,274.00,0.21,3231,383.00,18.40,270.00,-0.20,9,274.00,1.00,2547,320.00,17.80,274.00,0.10,9,274.00,0.90,3333,351.00,19.50,273.00
"2025-04-01 08:00:00",0.10,263.00,9.00,0.03,9,274.00,0.23,3277,385.00,18.50,273.00,0.00,9,274.00,0.90,2953,346.00,18.40,269.00,0.00,9,274.00,0.70,3238,331.00,19.60,273.00
"2025-04-01 08:15:00",0.20,281.00,9.00,0.02,9,277.00,0.21,2943,397.00,16.50,255.00,0.10,9,277.00,1.00,2858,357.00,16.90,257.00,0.10,9,277.00,0.90,3137,368.00,17.50,255.00
"2025-04-01 08:30:00",0.20,213.00,9.00,-0.09,9,274.00,0.22,3173,369.00,18.60,269.00,0.20,9,274.00,0.90,2521,305.00,18.10,274.00,0.00,9,274.00,0.80,3075,341.00,19.20,269.00
"2025-04-01 08:45:00",0.30,29.00,9.00,0.10,9,274.00,0.31,3355,447.00,17.40,272.00,-0.30,9,274.00,1.60,3152,394.00,17.90,274.00,0.10,9,274.00,1.20,3341,433.00,17.90,273.00
"2025-04-01 09:00:00",0.20,23.00,9.00,0.00,9,274.00,0.19,2904,357.00,17.90,274.00,-0.20,9,274.00,0.70,2407,283.00,18.30,270.00,0.00,9,274.00,0.70,3056,330.00,19.20,271.00
"2025-04-01 09:15:00",0.20,17.00,9.00,-0.04,9,277.00,0.19,2811,328.00,17.50,257.00,-0.20,9,277.00,0.70,2225,263.00,17.40,255.00,0.10,9,277.00,0.60,2929,295.00,18.60,257.00
"2025-04-01 09:30:00",0.40,347.00,9.00,0.04,9,273.00,0.30,3325,445.00,17.40,272.00,-0.30,9,273.00,1.10,2941,372.00,17.70,273.00,0.30,9,273.00,1.00,3512,428.00,18.50,267.00
"2025-04-01 09:45:00",0.50,21.00,9.00,0.02,9,274.00,0.24,3095,393.00,17.70,274.00,-0.50,9,274.00,1.10,2667,333.00,17.90,274.00,0.10,9,274.00,1.00,3027,363.00,18.30,274.00
"2025-04-01 10:00:00",0.70,34.00,9.00,0.03,9,274.00,0.24,3146,397.00,17.90,269.00,-0.70,9,274.00,1.30,2493,343.00,17.10,272.00,0.00,9,274.00,1.00,2925,362.00,18.20,269.00
"2025-04-01 10:15:00",0.30,330.00,9.00,0.06,9,276.00,0.26,2763,401.00,16.00,251.00,-0.10,9,276.00,1.30,2423,356.00,15.80,254.00,0.30,9,276.00,1.20,2606,395.00,15.80,251.00
"2025-04-01 10:30:00",0.50,263.00,9.00,-0.04,2,275.00,0.25,2767,407.00,16.70,272.00,0.40,2,275.00,1.60,2404,382.00,16.10,270.00,0.40,2,275.00,0.80,2778,383.00,17.20,270.00
"2025-04-01 10:45:00",0.40,250.00,9.00,0.02,9,276.00,0.25,2847,417.00,16.70,273.00,0.30,9,276.00,1.30,2365,360.00,16.30,273.00,0.20,9,276.00,1.00,2866,386.00,17.50,270.00
"2025-04-01 11:00:00",0.40,271.00,9.00,-0.01,9,275.00,0.25,2818,414.00,16.60,270.00,0.20,9,275.00,1.40,2350,363.00,16.30,270.00,0.30,9,275.00,1.00,2883,387.00,17.40,273.00
"2025-04-01 11:15:00",0.70,264.00,9.00,-0.01,2,278.00,0.30,2697,397.00,15.80,253.00,0.50,2,278.00,1.60,2481,382.00,15.50,253.00,0.50,2,278.00,1.10,2710,396.00,15.90,253.00
"2025-04-01 11:30:00",0.60,308.00,9.00,-0.09,9,276.00,0.43,3077,453.00,16.80,271.00,0.00,9,276.00,1.80,2710,416.00,16.60,271.00,0.60,9,276.00,1.00,2968,410.00,17.30,271.00
"2025-04-01 11:45:00",0.50,327.00,9.00,0.06,9,276.00,0.40,2997,462.00,16.50,271.00,-0.20,9,276.00,1.50,2702,400.00,16.70,275.00,0.50,9,276.00,1.70,2991,438.00,16.90,271.00
"2025-04-01 12:00:00",0.50,260.00,9.00,0.06,9,276.00,0.32,2796,408.00,16.80,273.00,0.40,9,276.00,1.70,2574,392.00,16.60,271.00,0.30,9,276.00,1.30,2772,428.00,16.60,271.00
"2025-04-01 12:15:00",0.20,240.00,9.00,0.03,9,278.00,0.34,2468,403.00,15.00,254.00,0.20,9,278.00,1.20,2283,364.00,15.30,254.00,0.10,9,278.00,0.80,2534,383.00,15.60,254.00
"2025-04-01 12:30:00",0.40,268.00,9.00,0.00,9,275.00,0.24,2585,372.00,16.80,270.00,0.20,9,275.00,1.30,2252,353.00,16.30,270.00,0.30,9,275.00,0.90,2624,360.00,17.30,270.00
"2025-04-01 12:45:00",0.10,233.00,9.00,0.03,9,276.00,0.27,2485,395.00,16.10,270.00,0.10,9,276.00,1.10,2134,344.00,15.90,270.00,0.00,9,276.00,0.70,2596,393.00,16.50,271.00
"2025-04-01 13:00:00",0.40,245.00,9.00,0.00,9,276.00,0.20,2574,350.00,17.20,272.00,0.40,9,276.00,1.00,2089,312.00,16.50,268.00,0.20,9,276.00,0.70,2797,347.00,18.00,271.00
"2025-04-01 13:15:00",0.10,259.00,9.00,0.04,9,278.00,0.24,2405,342.00,16.00,254.00,0.10,9,278.00,1.10,1923,303.00,15.30,251.00,0.10,9,278.00,0.70,2519,344.00,16.40,253.00
"2025-04-01 13:30:00",0.60,249.00,9.00,0.01,2,276.00,0.32,2763,422.00,16.50,270.00,0.50,2,276.00,1.50,2239,366.00,16.00,271.00,0.30,2,276.00,1.10,2754,405.00,16.80,271.00
"2025-04-01 13:45:00",0.20,240.00,9.00,0.03,9,275.00,0.20,2468,342.00,17.10,274.00,0.20,9,275.00,1.00,1965,289.00,16.60,273.00,0.10,9,275.00,0.70,2539,331.00,17.60,270.00
"2025-04-01 14:00:00",0.30,230.00,9.00,0.03,9,276.00,0.23,2691,355.00,17.50,275.00,0.20,9,276.00,1.10,2267,321.00,17.00,270.00,0.10,9,276.00,0.70,2727,339.00,18.00,271.00
"2025-04-01 14:15:00",0.20,244.00,9.00,0.03,9,278.00,0.22,2367,349.00,15.80,253.00,0.20,9,278.00,1.10,2132,309.00,16.10,253.00,0.10,9,278.00,0.70,2536,325.00,17.00,253.00
"2025-04-01 14:30:00",0.30,269.00,9.00,0.06,9,276.00,0.26,2718,404.00,16.60,271.00,0.20,9,276.00,1.30,2444,370.00,16.50,271.00,0.20,9,276.00,1.00,2588,387.00,16.70,271.00
"2025-04-01 14:45:00",0.60,283.00,9.00,-0.01,9,276.00,0.23,2629,404.00,16.40,269.00,0.20,9,276.00,2.20,2208,373.00,15.80,271.00,0.50,9,276.00,1.20,2418,381.00,16.20,270.00
"2025-04-01 15:00:00",0.80,277.00,9.00,-0.02,9,276.00,0.49,2787,502.00,15.30,271.00,0.40,9,276.00,1.80,2541,466.00,15.10,271.00,0.70,9,276.00,1.80,2572,476.00,15.10,268.00
"2025-04-01 15:15:00",0.70,269.00,9.00,0.00,9,279.00,0.30,2593,410.00,15.40,253.00,0.40,9,279.00,1.50,2138,357.00,15.00,253.00,0.50,9,279.00,1.60,2480,418.00,15.00,252.00
"2025-04-01 15:30:00",0.50,263.00,9.00,0.00,2,276.00,0.25,2663,417.00,16.20,270.00,0.30,2,276.00,1.80,2286,390.00,15.60,270.00,0.30,2,276.00,1.20,2407,408.00,15.70,270.00
"2025-04-01 15:45:00",0.30,225.00,9.00,0.00,9,277.00,0.24,2518,367.00,16.80,271.00,0.30,9,277.00,1.10,2138,315.00,16.70,272.00,0.00,9,277.00,0.70,2558,348.00,17.40,272.00
"2025-04-01 16:00:00",0.20,226.00,9.00,0.01,9,276.00,0.20,2477,338.00,17.30,271.00,0.20,9,276.00,0.90,2164,313.00,16.80,271.00,0.00,9,276.00,0.60,2510,326.00,17.60,271.00
"2025-04-01 16:15:00",0.20,228.00,9.00,0.01,2,277.00,0.21,2165,321.00,15.70,253.00,0.20,2,277.00,0.70,1803,285.00,15.30,252.00,0.00,2,277.00,0.70,2220,315.00,16.00,254.00
"2025-04-01 16:30:00",0.20,187.00,9.00,0.03,9,276.00,0.20,2308,332.00,16.70,272.00,0.10,9,276.00,0.80,1932,288.00,16.60,271.00,-0.10,9,276.00,0.60,2344,321.00,17.20,273.00
"2025-04-01 16:45:00",0.10,226.00,9.00,0.03,9,276.00,0.19,2338,303.00,17.50,274.00,0.10,9,276.00,0.80,1850,276.00,16.40,271.00,0.00,9,276.00,0.70,2356,302.00,17.70,275.00
"2025-04-01 17:00:00",0.20,203.00,9.00,0.04,9,276.00,0.16,2345,296.00,17.80,275.00,0.10,9,276.00,0.70,1798,267.00,16.50,271.00,0.00,9,276.00,0.70,2287,289.00,17.80,274.00
"2025-04-01 17:15:00",0.10,140.00,9.00,0.06,9,277.00,0.21,2179,297.00,16.40,256.00,0.00,9,277.00,0.70,1690,260.00,15.60,253.00,-0.10,9,277.00,0.70,2233,292.00,16.70,256.00
"2025-04-01 17:30:00",0.20,193.00,9.00,0.05,9,276.00,0.18,2286,299.00,17.50,275.00,0.20,9,276.00,0.70,1820,252.00,16.90,275.00,-0.10,9,276.00,0.70,2462,294.00,18.20,275.00
"2025-04-01 17:45:00",0.20,155.00,9.00,0.08,9,276.00,0.16,2548,300.00,18.30,274.00,0.10,9,276.00,0.70,1876,259.00,17.00,274.00,-0.20,9,276.00,0.60,2459,295.00,18.20,273.00
"2025-04-01 18:00:00",0.20,134.00,9.00,0.09,9,276.00,0.17,2482,295.00,18.30,273.00,0.00,9,276.00,0.60,1815,239.00,17.30,275.00,-0.20,9,276.00,0.60,2484,275.00,18.80,276.00
"2025-04-01 18:15:00",0.30,125.00,9.00,0.13,9,277.00,0.17,2374,281.00,17.40,257.00,0.00,9,277.00,0.60,1794,229.00,16.80,257.00,-0.30,9,277.00,0.60,2335,260.00,17.90,258.00
"2025-04-01 18:30:00",0.20,128.00,9.00,0.12,9,274.00,0.19,2292,322.00,16.90,273.00,0.00,9,274.00,0.70,1755,256.00,16.50,273.00,-0.20,9,274.00,0.60,2518,290.00,18.50,272.00
"2025-04-01 18:45:00",0.10,111.00,9.00,0.09,9,274.00,0.19,2355,297.00,17.60,274.00,0.00,9,274.00,0.60,1799,234.00,17.40,274.00,-0.10,9,274.00,0.60,2529,273.00,19.00,274.00
"2025-04-01 19:00:00",0.20,132.00,9.00,0.12,9,274.00,0.19,2430,306.00,17.70,274.00,0.00,9,274.00,0.70,1788,243.00,17.10,273.00,-0.20,9,274.00,0.60,2586,288.00,18.90,273.00
"2025-04-01 19:15:00",0.20,176.00,9.00,0.06,9,276.00,0.19,2299,317.00,16.30,256.00,0.20,9,276.00,0.70,1698,241.00,15.90,255.00,-0.10,9,276.00,0.60,2513,284.00,17.80,255.00
"2025-04-01 19:30:00",0.20,182.00,9.00,0.06,9,274.00,0.19,2467,320.00,17.50,271.00,0.20,9,274.00,0.70,1801,256.00,16.80,273.00,-0.10,9,274.00,0.60,2610,296.00,18.70,272.00
"2025-04-01 19:45:00",0.10,246.00,9.00,0.04,9,274.00,0.19,2444,308.00,17.70,274.00,0.10,9,274.00,0.70,1840,245.00,17.30,274.00,0.10,9,274.00,0.60,2618,287.00,18.90,273.00
"2025-04-01 20:00:00",0.10,70.00,9.00,0.06,9,274.00,0.20,2207,309.00,16.80,273.00,0.00,9,274.00,0.60,1868,239.00,17.60,271.00,0.00,9,274.00,0.60,2530,280.00,18.80,274.00
"2025-04-01 20:15:00",0.10,133.00,9.00,0.05,9,276.00,0.20,2180,310.00,15.90,257.00,0.00,9,276.00,0.70,1719,223.00,16.60,256.00,-0.10,9,276.00,0.50,2599,255.00,18.90,255.00
"2025-04-01 20:30:00",0.10,208.00,9.00,0.04,9,274.00,0.19,2312,319.00,16.90,274.00,0.10,9,274.00,0.60,1942,240.00,17.90,273.00,0.00,9,274.00,0.50,2670,284.00,19.10,272.00
"2025-04-01 20:45:00",0.20,221.00,9.00,0.03,9,274.00,0.17,2640,363.00,17.40,272.00,0.20,9,274.00,0.70,1954,265.00,17.30,269.00,0.00,9,274.00,0.60,2634,328.00,18.10,272.00
"2025-04-01 21:00:00",0.10,241.00,9.00,0.03,9,273.00,0.18,2447,324.00,17.30,272.00,0.10,9,273.00,0.80,1700,264.00,16.00,272.00,0.10,9,273.00,0.70,2638,307.00,18.50,273.00
"2025-04-01 21:15:00",0.40,263.00,9.00,0.01,9,277.00,0.18,2272,318.00,16.00,254.00,0.20,9,277.00,0.70,1768,272.00,15.30,257.00,0.20,9,277.00,0.60,2608,314.00,17.10,254.00
"2025-04-01 21:30:00",0.60,250.00,9.00,0.02,9,274.00,0.21,2714,379.00,16.90,272.00,0.50,9,274.00,1.00,2099,335.00,15.90,268.00,0.30,9,274.00,0.60,2779,404.00,16.70,269.00
"2025-04-01 21:45:00",0.90,254.00,9.00,0.00,9,274.00,0.22,2847,377.00,17.40,269.00,0.70,9,274.00,1.40,2187,330.00,16.50,269.00,0.50,9,274.00,1.00,2949,397.00,17.50,269.00
"2025-04-01 22:00:00",0.40,273.00,9.00,0.02,9,273.00,0.24,2610,370.00,16.90,268.00,0.30,9,273.00,0.90,2052,298.00,16.70,268.00,0.40,9,273.00,0.70,2901,373.00,17.80,272.00
"2025-04-01 22:15:00",0.50,242.00,9.00,0.01,9,277.00,0.20,2568,369.00,16.10,252.00,0.40,9,277.00,1.00,1943,313.00,15.40,253.00,0.20,9,277.00,0.70,2658,333.00,17.20,255.00
"2025-04-01 22:30:00",0.40,251.00,9.00,0.02,9,273.00,0.19,2582,335.00,17.50,270.00,0.30,9,273.00,0.80,1918,274.00,16.70,268.00,0.20,9,273.00,0.70,2880,306.00,19.40,270.00
"2025-04-01 22:45:00",0.40,250.00,9.00,0.04,9,275.00,0.20,2614,353.00,17.10,275.00,0.30,9,275.00,0.90,2106,302.00,16.70,270.00,0.20,9,275.00,0.70,2843,332.00,18.50,274.00
"2025-04-01 23:00:00",0.40,254.00,9.00,-0.02,9,274.00,0.20,2689,352.00,17.50,269.00,0.30,9,274.00,0.80,2098,284.00,17.20,269.00,0.20,9,274.00,0.70,2773,341.00,18.10,272.00
"2025-04-01 23:15:00",0.40,261.00,9.00,-0.03,9,276.00,0.21,2355,325.00,16.20,254.00,0.30,9,276.00,0.80,1888,268.00,16.00,254.00,0.30,9,276.00,0.70,2730,286.00,18.40,256.00
"2025-04-01 23:30:00",0.50,256.00,9.00,-0.04,9,273.00,0.19,2769,366.00,17.40,272.00,0.40,9,273.00,0.90,1851,289.00,16.00,270.00,0.30,9,273.00,0.60,3053,329.00,19.10,271.00
"2025-04-01 23:45:00",0.50,251.00,9.00,-0.02,9,274.00,0.17,2648,316.00,18.10,273.00,0.40,9,274.00,0.80,1905,265.00,16.80,273.00,0.30,9,274.00,0.60,2876,295.00,19.50,271.00
"2025-04-02 00:00:00",0.20,218.00,9.00,0.01,9,274.00,0.18,2605,349.00,17.30,274.00,0.20,9,274.00,0.80,1753,269.00,16.10,274.00,0.00,9,274.00,0.60,2990,334.00,18.90,274.00
"2025-04-02 00:15:00",0.40,275.00,9.00,-0.04,9,277.00,0.18,2427,307.00,16.90,256.00,0.20,9,277.00,0.70,1708,251.00,15.70,253.00,0.30,9,277.00,0.70,2502,296.00,17.30,257.00
"2025-04-02 00:30:00",0.30,261.00,9.00,-0.03,9,274.00,0.16,2677,312.00,18.30,271.00,0.20,9,274.00,0.70,1878,246.00,17.40,272.00,0.20,9,274.00,0.60,2650,289.00,19.00,273.00
"2025-04-02 00:45:00",0.40,243.00,9.00,-0.04,9,274.00,0.17,2591,343.00,17.40,272.00,0.40,9,274.00,0.80,1867,264.00,16.80,274.00,0.20,9,274.00,0.60,2605,312.00,18.30,274.00
"2025-04-02 01:00:00",0.50,250.00,9.00,-0.05,9,275.00,0.19,2540,315.00,17.90,274.00,0.40,9,275.00,0.70,1792,252.00,16.70,273.00,0.30,9,275.00,0.70,2617,300.00,18.50,273.00
"2025-04-02 01:15:00",0.50,257.00,9.00,-0.06,9,276.00,0.17,2825,541.00,14.30,240.00,0.40,9,276.00,1.50,2017,525.00,12.00,209.00,0.30,9,276.00,0.80,2654,610.00,13.00,224.00
"2025-04-02 01:30:00",0.30,265.00,9.00,-0.03,9,274.00,0.18,3336,503.00,16.50,270.00,0.20,9,274.00,0.80,2331,476.00,14.00,260.00,0.20,9,274.00,0.80,3169,540.00,15.70,265.00
"2025-04-02 01:45:00",0.80,240.00,9.00,-0.03,9,274.00,0.24,3101,567.00,14.90,263.00,0.70,9,274.00,1.60,2360,569.00,12.50,241.00,0.30,9,274.00,0.80,3457,579.00,15.70,262.00
"2025-04-02 02:00:00",0.60,232.00,9.00,0.00,9,274.00,0.21,3034,408.00,17.30,269.00,0.60,9,274.00,1.00,2278,352.00,16.10,269.00,0.20,9,274.00,0.60,3871,387.00,20.10,271.00
"2025-04-02 02:15:00",1.00,226.00,9.00,0.01,9,277.00,0.23,2948,383.00,16.70,254.00,1.00,9,277.00,1.70,2087,356.00,14.80,252.00,0.10,9,277.00,0.80,3402,404.00,17.60,252.00
"2025-04-02 02:30:00",0.70,221.00,9.00,0.01,9,274.00,0.23,3318,415.00,18.00,274.00,0.70,9,274.00,1.50,2364,400.00,15.50,269.00,0.00,9,274.00,0.70,3484,404.00,18.80,269.00
"2025-04-02 02:45:00",0.70,231.00,9.00,0.02,9,274.00,0.18,3489,474.00,17.40,271.00,0.70,9,274.00,1.10,2363,474.00,14.20,261.00,0.20,9,274.00,0.60,3598,504.00,17.40,262.00
"2025-04-02 03:00:00",1.10,248.00,9.00,-0.08,9,275.00,0.27,3365,654.00,14.20,271.00,0.90,9,275.00,1.10,2699,627.00,12.50,254.00,0.50,9,275.00,0.80,3647,683.00,14.60,266.00
"2025-04-02 03:15:00",1.30,246.00,9.00,-0.07,9,277.00,0.22,3341,505.00,16.00,256.00,1.10,9,277.00,1.10,2684,469.00,14.60,252.00,0.60,9,277.00,0.80,3599,516.00,16.50,257.00
"2025-04-02 03:30:00",1.00,246.00,9.00,-0.04,9,274.00,0.20,3613,448.00,17.90,272.00,0.90,9,274.00,1.00,3008,432.00,16.80,271.00,0.50,9,274.00,0.70,3812,456.00,18.60,270.00
"2025-04-02 03:45:00",0.70,211.00,9.00,0.04,9,275.00,0.17,4140,461.00,18.90,272.00,0.70,9,275.00,0.90,3317,373.00,18.90,271.00,-0.10,9,275.00,0.80,3663,412.00,18.80,273.00
"2025-04-02 04:00:00",1.10,238.00,9.00,0.00,9,274.00,0.20,4196,479.00,18.80,273.00,1.00,9,274.00,1.00,3493,385.00,19.10,272.00,0.40,9,274.00,0.80,4145,402.00,20.30,274.00
"2025-04-02 04:15:00",1.10,257.00,9.00,-0.06,9,276.00,0.20,3590,407.00,17.80,257.00,0.90,9,276.00,1.10,2912,400.00,16.40,257.00,0.70,9,276.00,0.80,3748,379.00,18.70,255.00
"2025-04-02 04:30:00",0.50,273.00,9.00,0.01,9,274.00,0.20,3793,440.00,18.60,274.00,0.30,9,274.00,0.80,3010,376.00,18.00,272.00,0.40,9,274.00,0.70,3583,391.00,19.20,271.00
"2025-04-02 04:45:00",0.40,7.00,9.00,0.06,9,274.00,0.18,3637,411.00,18.80,274.00,-0.30,9,274.00,0.70,2473,327.00,17.30,274.00,0.20,9,274.00,0.60,3314,328.00,20.00,272.00
"2025-04-02 05:00:00",0.50,345.00,9.00,0.05,9,273.00,0.19,3421,409.00,18.20,273.00,-0.30,9,273.00,0.80,2672,323.00,18.10,269.00,0.40,9,273.00,0.60,3589,327.00,20.70,273.00
"2025-04-02 05:15:00",0.50,358.00,9.00,0.06,9,276.00,0.16,3711,378.00,18.70,255.00,-0.30,9,276.00,0.70,2624,317.00,17.20,251.00,0.30,9,276.00,0.60,3316,304.00,19.30,256.00
"2025-04-02 05:30:00",0.30,49.00,9.00,0.15,9,273.00,0.14,3811,427.00,18.80,273.00,-0.30,9,273.00,0.70,2058,297.00,16.60,273.00,-0.10,9,273.00,0.60,3232,315.00,19.80,273.00
"2025-04-02 05:45:00",0.40,338.00,9.00,0.06,9,274.00,0.16,3723,425.00,18.80,274.00,-0.20,9,274.00,0.60,2232,299.00,17.00,274.00,0.40,9,274.00,0.70,2805,319.00,18.50,274.00
"2025-04-02 06:00:00",0.40,332.00,9.00,0.05,9,273.00,0.17,3731,463.00,18.00,273.00,-0.20,9,273.00,0.50,2549,330.00,17.40,272.00,0.40,9,273.00,0.70,2999,330.00,18.90,271.00
"2025-04-02 06:15:00",1.00,328.00,9.00,0.02,9,276.00,0.18,3476,386.00,18.00,255.00,-0.30,9,276.00,0.70,2989,327.00,18.10,256.00,0.90,9,276.00,0.70,3193,331.00,18.50,255.00
"2025-04-02 06:30:00",0.60,20.00,9.00,0.05,9,273.00,0.15,3888,380.00,20.00,272.00,-0.50,9,273.00,0.60,2733,315.00,18.50,272.00,0.20,9,273.00,0.50,3596,310.00,21.20,273.00
"2025-04-02 06:45:00",0.50,325.00,9.00,-0.05,9,273.00,0.14,3506,389.00,18.90,273.00,-0.20,9,273.00,0.60,2596,298.00,18.40,273.00,0.50,9,273.00,0.60,3579,320.00,20.70,273.00
"2025-04-02 07:00:00",0.30,342.00,9.00,-0.05,9,274.00,0.12,3610,375.00,19.40,274.00,-0.10,9,274.00,0.70,2228,304.00,17.10,272.00,0.20,9,274.00,0.60,3803,362.00,20.20,274.00
"2025-04-02 07:15:00",0.30,326.00,9.00,0.03,9,275.00,0.19,3385,361.00,18.30,256.00,-0.10,9,275.00,0.60,2555,298.00,17.40,254.00,0.30,9,275.00,0.80,3228,359.00,17.90,253.00
"2025-04-02 07:30:00",0.60,270.00,9.00,-0.11,9,274.00,0.19,3491,531.00,16.30,269.00,0.40,9,274.00,0.80,2615,443.00,15.40,272.00,0.50,9,274.00,0.70,3590,510.00,17.00,274.00
"2025-04-02 07:45:00",0.80,252.00,9.00,-0.14,9,275.00,0.22,3440,407.00,18.40,275.00,0.70,9,275.00,0.70,2393,283.00,18.10,275.00,0.50,9,275.00,0.40,4111,341.00,21.60,275.00
"2025-04-02 08:00:00",1.00,265.00,9.00,-0.24,9,274.00,0.14,2868,379.00,17.40,273.00,0.70,9,274.00,0.50,1802,235.00,17.30,273.00,0.70,9,274.00,0.30,4333,278.00,23.80,272.00
"2025-04-02 08:15:00",0.20,261.00,9.00,-0.10,9,275.00,0.17,2660,337.00,17.00,254.00,0.10,9,275.00,0.70,1798,244.00,16.30,256.00,0.10,9,275.00,0.40,3828,299.00,20.90,255.00
"2025-04-02 08:30:00",0.50,145.00,9.00,-0.01,9,275.00,0.21,3207,370.00,18.50,275.00,0.10,9,275.00,0.90,2270,301.00,17.30,275.00,-0.40,9,275.00,0.70,3298,356.00,19.10,275.00
"2025-04-02 08:45:00",0.20,147.00,9.00,-0.06,9,274.00,0.17,2900,420.00,17.00,266.00,0.10,9,274.00,0.70,2035,285.00,17.00,270.00,-0.20,9,274.00,0.70,2861,356.00,18.10,270.00
"2025-04-02 09:00:00",0.40,103.00,9.00,-0.04,9,274.00,0.19,2882,354.00,18.00,271.00,-0.20,9,274.00,0.80,2313,294.00,17.80,270.00,-0.40,9,274.00,0.80,2863,353.00,18.10,272.00
"2025-04-02 09:15:00",0.10,271.00,9.00,-0.04,9,276.00,0.18,2619,447.00,14.80,250.00,0.00,9,276.00,0.80,2065,389.00,14.20,243.00,0.00,9,276.00,0.70,2653,433.00,15.40,251.00
"2025-04-02 09:30:00",0.60,219.00,9.00,-0.06,9,274.00,0.19,3014,567.00,14.50,263.00,0.60,9,274.00,0.90,2305,577.00,12.10,240.00,0.00,9,274.00,0.60,3126,619.00,14.10,262.00
"2025-04-02 09:45:00",0.90,221.00,9.00,-0.02,9,274.00,0.21,3206,435.00,17.30,268.00,0.90,9,274.00,1.20,2559,432.00,15.50,269.00,0.10,9,274.00,0.70,3263,426.00,17.80,271.00
"2025-04-02 10:00:00",0.30,214.00,9.00,-0.02,2,274.00,0.20,2930,388.00,17.40,274.00,0.30,2,274.00,0.70,2186,301.00,17.00,270.00,0.00,2,274.00,0.70,3110,364.00,18.60,273.00
"2025-04-02 10:15:00",0.20,162.00,9.00,-0.01,9,276.00,0.17,3054,363.00,17.60,253.00,0.10,9,276.00,0.50,2137,270.00,17.30,253.00,-0.20,9,276.00,0.60,2839,321.00,18.10,256.00
"2025-04-02 10:30:00",0.20,194.00,9.00,-0.06,9,274.00,0.18,2814,353.00,17.70,272.00,0.20,9,274.00,0.60,2088,245.00,18.20,273.00,-0.10,9,274.00,0.50,2906,309.00,19.10,271.00
"2025-04-02 10:45:00",0.20,159.00,9.00,-0.04,9,275.00,0.18,2950,353.00,18.20,273.00,0.10,9,275.00,0.60,2054,256.00,17.80,272.00,-0.20,9,275.00,0.60,2777,309.00,18.90,270.00
"2025-04-02 11:00:00",0.20,185.00,9.00,0.03,9,274.00,0.19,2930,376.00,17.80,270.00,0.20,9,274.00,0.90,2286,304.00,17.40,270.00,-0.10,9,274.00,0.80,2634,331.00,18.00,269.00
"2025-04-02 11:15:00",0.10,308.00,9.00,-0.03,9,276.00,0.24,2675,385.00,16.00,254.00,0.00,9,276.00,1.20,2360,346.00,15.70,253.00,0.10,9,276.00,0.90,2553,345.00,16.60,251.00
"2025-04-02 11:30:00",0.30,202.00,9.00,0.09,9,274.00,0.31,2864,420.00,16.70,274.00,0.30,9,274.00,1.30,2466,376.00,16.40,268.00,-0.10,9,274.00,0.70,2787,359.00,17.80,269.00
"2025-04-02 11:45:00",0.20,118.00,9.00,0.02,9,275.00,0.19,2975,360.00,18.20,271.00,0.00,9,275.00,1.10,2412,330.00,17.10,270.00,-0.20,9,275.00,0.70,2922,320.00,19.00,271.00
"2025-04-02 12:00:00",0.30,224.00,9.00,0.14,2,275.00,0.35,3135,454.00,16.80,272.00,0.30,2,275.00,1.70,2760,416.00,16.60,270.00,0.00,2,275.00,1.10,3056,434.00,17.10,270.00
"2025-04-02 12:15:00",0.50,331.00,9.00,0.07,9,278.00,0.25,2879,392.00,16.60,253.00,-0.20,9,278.00,1.30,2516,347.00,16.40,253.00,0.50,9,278.00,1.40,2562,375.00,16.20,253.00
"2025-04-02 12:30:00",0.10,350.00,9.00,0.02,9,276.00,0.25,2726,394.00,16.90,275.00,-0.10,9,276.00,1.00,2309,355.00,16.50,268.00,0.10,9,276.00,0.80,2827,405.00,17.30,272.00
"2025-04-02 12:45:00",0.10,125.00,9.00,0.10,9,276.00,0.29,2873,417.00,16.80,275.00,0.00,9,276.00,1.10,2327,331.00,17.10,269.00,-0.10,9,276.00,0.90,2986,362.00,18.50,272.00
"2025-04-02 13:00:00",0.50,306.00,9.00,-0.07,9,274.00,0.27,2737,428.00,16.10,271.00,0.00,9,274.00,1.60,2250,396.00,15.10,265.00,0.50,9,274.00,0.70,2728,421.00,16.30,271.00
"2025-04-02 13:15:00",0.30,329.00,9.00,0.07,9,276.00,0.26,2647,367.00,16.30,253.00,-0.10,9,276.00,1.10,2355,318.00,16.40,255.00,0.30,9,276.00,1.10,2537,366.00,16.20,251.00
"2025-04-02 13:30:00",0.40,225.00,9.00,0.04,9,276.00,0.23,2706,414.00,16.30,270.00,0.40,9,276.00,1.20,2291,403.00,15.20,267.00,0.10,9,276.00,0.80,2636,423.00,15.90,272.00
"2025-04-02 13:45:00",0.60,236.00,9.00,-0.01,9,276.00,0.21,2727,403.00,16.60,276.00,0.60,9,276.00,0.90,2463,394.00,16.10,266.00,0.20,9,276.00,0.80,2944,418.00,17.10,268.00
"2025-04-02 14:00:00",0.30,205.00,9.00,0.08,9,274.00,0.28,3195,408.00,17.80,273.00,0.30,9,274.00,0.90,2723,333.00,18.20,269.00,-0.10,9,274.00,0.80,2888,349.00,18.30,269.00
"2025-04-02 14:15:00",0.40,325.00,9.00,0.06,9,276.00,0.27,2891,407.00,16.60,252.00,-0.10,9,276.00,1.00,2452,335.00,16.70,252.00,0.40,9,276.00,1.00,2731,389.00,16.50,252.00
"2025-04-02 14:30:00",0.40,305.00,9.00,-0.01,9,276.00,0.21,2778,355.00,17.80,273.00,0.00,9,276.00,1.00,2294,312.00,17.20,271.00,0.40,9,276.00,1.00,2620,349.00,17.70,271.00
"2025-04-02 14:45:00",0.40,256.00,9.00,-0.01,9,276.00,0.21,2697,385.00,16.90,271.00,0.30,9,276.00,1.20,2340,341.00,16.80,271.00,0.20,9,276.00,0.90,2624,366.00,17.40,270.00
"2025-04-02 15:00:00",0.50,297.00,9.00,0.02,9,275.00,0.31,2910,431.00,16.60,270.00,0.10,9,275.00,1.50,2488,394.00,16.20,270.00,0.40,9,275.00,1.30,2631,412.00,16.30,270.00
"2025-04-02 15:15:00",0.60,242.00,9.00,-0.02,9,278.00,0.31,2399,405.00,14.80,252.00,0.50,9,278.00,1.50,1947,354.00,14.30,252.00,0.20,9,278.00,0.90,2206,355.00,15.30,251.00
"2025-04-02 15:30:00",0.50,260.00,9.00,-0.02,9,276.00,0.20,2637,406.00,16.30,270.00,0.40,9,276.00,1.60,2101,353.00,15.50,270.00,0.30,9,276.00,1.10,2517,375.00,16.60,269.00
"2025-04-02 15:45:00",0.30,250.00,9.00,-0.01,9,276.00,0.20,2570,358.00,17.10,271.00,0.20,9,276.00,1.00,2095,330.00,16.30,270.00,0.10,9,276.00,0.70,2448,334.00,17.30,270.00
"2025-04-02 16:00:00",0.80,220.00,9.00,0.05,2,275.00,0.31,2664,411.00,16.40,269.00,0.80,2,275.00,2.20,2235,392.00,15.40,270.00,0.00,2,275.00,1.10,2559,385.00,16.60,269.00
"2025-04-02 16:15:00",0.50,217.00,9.00,0.04,9,278.00,0.23,2408,349.00,16.00,252.00,0.50,9,278.00,1.40,1934,314.00,15.20,253.00,0.00,9,278.00,1.00,2308,317.00,16.60,253.00
"2025-04-02 16:30:00",0.20,257.00,9.00,0.05,9,276.00,0.27,2433,338.00,17.00,274.00,0.20,9,276.00,1.20,2036,314.00,16.20,270.00,0.10,9,276.00,0.90,2509,325.00,17.80,271.00
"2025-04-02 16:45:00",0.20,339.00,9.00,0.01,9,275.00,0.21,2452,347.00,16.80,270.00,-0.10,9,275.00,1.10,1952,310.00,15.90,270.00,0.20,9,275.00,0.90,2415,357.00,16.70,270.00
"2025-04-02 17:00:00",0.20,257.00,9.00,0.06,9,276.00,0.22,2479,339.00,17.20,271.00,0.20,9,276.00,1.00,2033,282.00,17.10,271.00,0.10,9,276.00,0.90,2356,317.00,17.50,271.00
"2025-04-02 17:15:00",0.20,239.00,9.00,0.04,9,278.00,0.20,2255,298.00,16.50,258.00,0.20,9,278.00,1.00,1755,238.00,16.30,256.00,0.10,9,278.00,0.70,2365,286.00,17.30,255.00
"2025-04-02 17:30:00",0.10,178.00,9.00,0.05,9,274.00,0.17,2261,289.00,17.60,272.00,0.10,9,274.00,0.70,1667,228.00,17.10,269.00,-0.10,9,274.00,0.60,2482,271.00,19.00,273.00
"2025-04-02 17:45:00",0.20,244.00,9.00,0.02,9,274.00,0.17,2256,311.00,16.90,272.00,0.20,9,274.00,0.60,1864,236.00,17.70,274.00,0.10,9,274.00,0.70,2423,287.00,18.30,271.00
"2025-04-02 18:00:00",0.30,239.00,9.00,0.02,9,274.00,0.18,2356,303.00,17.50,271.00,0.30,9,274.00,0.60,1735,219.00,17.70,274.00,0.10,9,274.00,0.60,2508,291.00,18.40,271.00
"2025-04-02 18:15:00",0.40,237.00,9.00,0.00,9,276.00,0.18,2168,293.00,16.30,254.00,0.40,9,276.00,0.60,1721,224.00,16.60,257.00,0.10,9,276.00,0.50,2350,265.00,17.90,256.00
"2025-04-02 18:30:00",0.30,230.00,9.00,0.03,9,274.00,0.19,2235,307.00,16.90,274.00,0.30,9,274.00,0.60,1817,234.00,17.40,273.00,0.10,9,274.00,0.60,2458,292.00,18.30,271.00
"2025-04-02 18:45:00",0.40,233.00,9.00,0.02,9,274.00,0.19,2515,391.00,16.20,272.00,0.30,9,274.00,0.70,1996,329.00,15.80,265.00,0.10,9,274.00,0.70,2592,374.00,17.00,272.00
"2025-04-02 19:00:00",0.80,248.00,9.00,-0.02,9,274.00,0.22,2909,394.00,17.20,274.00,0.70,9,274.00,0.90,2429,308.00,17.70,270.00,0.40,9,274.00,1.00,2967,384.00,17.70,274.00
"2025-04-02 19:15:00",0.60,240.00,9.00,-0.01,9,276.00,0.19,2676,327.00,17.10,257.00,0.50,9,276.00,0.90,1830,271.00,15.70,256.00,0.20,9,276.00,0.60,2782,294.00,18.40,255.00
"2025-04-02 19:30:00",0.50,252.00,9.00,0.00,9,274.00,0.19,2724,348.00,17.70,272.00,0.40,9,274.00,0.70,1933,271.00,16.80,271.00,0.30,9,274.00,0.70,2804,322.00,18.60,273.00
"2025-04-02 19:45:00",0.80,243.00,9.00,0.02,9,274.00,0.20,3403,408.00,18.20,272.00,0.70,9,274.00,1.30,2304,347.00,16.30,272.00,0.30,9,274.00,0.80,3401,362.00,19.30,271.00
"2025-04-02 20:00:00",1.10,238.00,9.00,0.00,9,274.00,0.21,3463,437.00,18.00,270.00,1.00,9,274.00,1.40,2613,408.00,16.20,273.00,0.40,9,274.00,0.90,3528,398.00,19.00,269.00
"2025-04-02 20:15:00",0.80,238.00,9.00,-0.03,9,276.00,0.19,2686,351.00,16.60,254.00,0.70,9,276.00,1.20,1807,303.00,14.80,252.00,0.30,9,276.00,0.70,2752,305.00,18.00,257.00
"2025-04-02 20:30:00",0.80,234.00,9.00,-0.03,9,274.00,0.24,2811,454.00,15.80,273.00,0.80,9,274.00,1.10,2041,431.00,13.70,263.00,0.20,9,274.00,0.70,2917,437.00,16.60,270.00
"2025-04-02 20:45:00",1.20,227.00,9.00,-0.02,9,273.00,0.19,3615,403.00,18.90,271.00,1.20,9,273.00,1.30,2596,410.00,16.10,269.00,0.20,9,273.00,0.80,3309,393.00,18.50,268.00
"2025-04-02 21:00:00",1.00,243.00,9.00,-0.08,9,275.00,0.19,3384,405.00,18.30,273.00,0.90,9,275.00,1.20,2420,357.00,16.40,271.00,0.40,9,275.00,0.90,3386,382.00,18.90,272.00
"2025-04-02 21:15:00",1.00,246.00,9.00,-0.08,9,276.00,0.21,3050,381.00,17.10,255.00,0.90,9,276.00,1.10,2036,315.00,15.50,252.00,0.50,9,276.00,0.70,2838,325.00,17.80,255.00
"2025-04-02 21:30:00",1.00,237.00,9.00,-0.09,9,274.00,0.17,3580,412.00,18.70,273.00,0.90,9,274.00,1.10,2240,341.00,16.20,271.00,0.30,9,274.00,0.70,3280,362.00,19.00,270.00
"2025-04-02 21:45:00",1.20,248.00,9.00,-0.11,9,274.00,0.20,3877,403.00,19.40,273.00,1.00,9,274.00,1.00,2582,349.00,17.20,273.00,0.60,9,274.00,0.70,3195,357.00,18.90,272.00
"2025-04-02 22:00:00",0.90,249.00,9.00,-0.09,9,274.00,0.20,3613,416.00,18.60,272.00,0.80,9,274.00,0.90,2371,314.00,17.40,270.00,0.50,9,274.00,0.70,3281,363.00,19.00,272.00
"2025-04-02 22:15:00",0.50,252.00,9.00,-0.04,9,276.00,0.17,3542,364.00,18.60,255.00,0.40,9,276.00,0.80,2243,277.00,17.00,256.00,0.30,9,276.00,0.60,2967,318.00,18.30,254.00
"2025-04-02 22:30:00",0.10,91.00,9.00,-0.02,9,273.00,0.16,3851,386.00,19.70,273.00,0.00,9,273.00,0.80,1944,286.00,16.30,272.00,-0.10,9,273.00,0.50,3452,323.00,20.30,273.00
"2025-04-02 22:45:00",0.60,254.00,9.00,-0.03,9,274.00,0.16,3476,469.00,17.40,271.00,0.50,9,274.00,1.00,2213,433.00,14.40,259.00,0.30,9,274.00,0.80,3037,490.00,16.20,267.00
"2025-04-02 23:00:00",0.70,237.00,9.00,0.01,9,274.00,0.19,3429,618.00,14.80,269.00,0.70,9,274.00,1.00,2485,611.00,11.90,262.00,0.20,9,274.00,0.80,3230,654.00,13.70,270.00
"2025-04-02 23:15:00",0.90,247.00,9.00,-0.08,9,276.00,0.21,3427,444.00,16.90,254.00,0.80,9,276.00,0.80,2829,381.00,16.70,253.00,0.40,9,276.00,0.60,3641,394.00,18.60,251.00
"2025-04-02 23:30:00",0.80,220.00,9.00,0.05,9,274.00,0.16,4395,445.00,19.80,270.00,0.80,9,274.00,0.80,3347,405.00,18.30,271.00,0.00,9,274.00,0.80,3224,381.00,18.40,272.00
"2025-04-02 23:45:00",0.10,121.00,9.00,0.03,9,274.00,0.20,3452,381.00,18.90,274.00,0.00,9,274.00,0.60,2463,277.00,18.70,273.00,-0.10,9,274.00,0.60,3156,317.00,19.70,274.00
"2025-04-03 00:00:00",0.50,220.00,9.00,-0.11,9,274.00,0.17,3582,449.00,17.80,271.00,0.50,9,274.00,0.50,2977,314.00,19.30,272.00,0.00,9,274.00,0.60,3316,338.00,19.70,269.00
"2025-04-03 00:15:00",0.80,262.00,9.00,-0.11,9,276.00,0.19,2434,392.00,14.70,256.00,0.50,9,276.00,0.40,2569,278.00,18.20,255.00,0.50,9,276.00,0.50,2284,284.00,17.20,256.00
"2025-04-03 00:30:00",0.60,294.00,9.00,-0.02,9,275.00,0.15,3082,442.00,16.90,275.00,0.20,9,275.00,0.40,2361,298.00,17.90,275.00,0.60,9,275.00,0.50,2688,352.00,17.80,275.00
"2025-04-03 00:45:00",0.20,289.00,9.00,0.02,9,274.00,0.20,2784,433.00,16.00,274.00,0.00,9,274.00,0.30,2613,269.00,19.60,274.00,0.10,9,274.00,0.50,2416,337.00,17.10,274.00
"2025-04-03 01:00:00",0.30,267.00,9.00,0.00,9,274.00,0.20,2491,426.00,15.20,274.00,0.20,9,274.00,0.30,2510,256.00,19.70,274.00,0.30,9,274.00,0.50,2646,348.00,17.70,274.00
"2025-04-03 01:15:00",0.50,5.00,9.00,0.12,9,277.00,0.16,2577,408.00,15.20,257.00,-0.40,9,277.00,0.30,2251,261.00,17.70,257.00,0.30,9,277.00,0.30,2287,316.00,16.30,256.00
"2025-04-03 01:30:00",0.70,287.00,9.00,-0.03,9,274.00,0.18,2810,432.00,16.00,271.00,0.30,9,274.00,0.50,2774,307.00,18.90,272.00,0.70,9,274.00,0.50,2584,347.00,17.40,272.00
"2025-04-03 01:45:00",0.30,291.00,9.00,-0.03,9,274.00,0.17,3049,419.00,17.00,272.00,0.10,9,274.00,0.50,2423,285.00,18.30,273.00,0.30,9,274.00,0.60,2829,330.00,18.50,274.00
"2025-04-03 02:00:00",0.50,87.00,9.00,0.16,9,275.00,0.16,3297,462.00,16.90,274.00,-0.40,9,275.00,0.50,3221,326.00,19.70,274.00,-0.40,9,275.00,0.60,3069,348.00,18.80,270.00
"2025-04-03 02:15:00",0.10,187.00,9.00,0.04,9,276.00,0.22,2713,402.00,15.60,257.00,0.10,9,276.00,0.30,2772,293.00,18.50,255.00,-0.10,9,276.00,0.40,2528,318.00,17.10,256.00
"2025-04-03 02:30:00",0.30,98.00,9.00,0.10,9,274.00,0.22,3120,439.00,16.90,274.00,-0.20,9,274.00,0.20,3319,277.00,21.50,273.00,-0.30,9,274.00,0.50,2266,327.00,16.80,274.00
"2025-04-03 02:45:00",0.70,214.00,9.00,-0.07,9,274.00,0.16,3581,440.00,18.20,274.00,0.60,9,274.00,0.30,2834,269.00,20.30,274.00,0.00,9,274.00,0.30,3133,320.00,19.70,274.00
"2025-04-03 03:00:00",1.10,239.00,9.00,-0.21,9,275.00,0.08,3824,429.00,18.90,274.00,1.10,9,275.00,0.30,3281,250.00,22.30,275.00,0.40,9,275.00,0.40,2493,283.00,18.70,274.00
"2025-04-03 03:15:00",1.10,251.00,9.00,-0.17,9,276.00,0.13,3146,410.00,16.60,257.00,0.90,9,276.00,0.30,2738,252.00,19.60,257.00,0.60,9,276.00,0.40,2499,306.00,17.30,257.00
"2025-04-03 03:30:00",1.30,260.00,9.00,-0.19,9,274.00,0.12,3438,426.00,17.80,274.00,1.00,9,274.00,0.20,2998,247.00,21.50,274.00,0.90,9,274.00,0.50,2528,318.00,17.90,274.00
"2025-04-03 03:45:00",0.40,195.00,9.00,0.01,9,275.00,0.22,2539,475.00,14.40,275.00,0.30,9,275.00,0.40,2506,247.00,20.00,275.00,-0.10,9,275.00,0.50,2795,336.00,18.40,275.00
"2025-04-03 04:00:00",1.00,259.00,9.00,-0.17,9,274.00,0.08,3492,445.00,17.80,274.00,0.80,9,274.00,0.30,2696,243.00,20.80,274.00,0.70,9,274.00,0.40,2578,325.00,18.00,274.00
"2025-04-03 04:15:00",1.30,232.00,9.00,-0.19,9,277.00,0.10,3335,439.00,16.60,256.00,1.30,9,277.00,0.40,2574,253.00,19.00,255.00,0.30,9,277.00,0.30,2996,319.00,18.30,256.00
"2025-04-03 04:30:00",0.90,247.00,9.00,-0.11,9,274.00,0.09,4687,375.00,21.80,274.00,0.80,9,274.00,0.40,2535,266.00,19.30,272.00,0.40,9,274.00,0.30,3104,295.00,20.20,271.00
"2025-04-03 04:45:00",0.70,265.00,9.00,-0.08,9,274.00,0.11,4396,387.00,21.00,274.00,0.50,9,274.00,0.50,1914,248.00,17.50,274.00,0.50,9,274.00,0.30,3982,276.00,22.90,274.00
"2025-04-03 05:00:00",1.00,241.00,9.00,-0.05,9,273.00,0.09,4092,375.00,20.60,272.00,0.90,9,273.00,0.30,2555,225.00,20.90,271.00,0.40,9,273.00,0.30,2691,295.00,19.10,267.00
"2025-04-03 05:15:00",0.70,242.00,9.00,-0.03,9,275.00,0.05,4112,319.00,21.10,256.00,0.60,9,275.00,0.40,1895,225.00,17.40,254.00,0.30,9,275.00,0.40,2641,309.00,17.60,256.00
"2025-04-03 05:30:00",0.20,253.00,9.00,0.01,9,274.00,0.07,4031,392.00,20.20,273.00,0.10,9,274.00,0.50,2100,279.00,17.40,272.00,0.10,9,274.00,0.50,2496,333.00,17.40,271.00
"2025-04-03 05:45:00",0.50,357.00,9.00,0.06,9,273.00,0.06,4155,363.00,20.80,271.00,-0.30,9,273.00,0.60,1806,252.00,16.90,273.00,0.30,9,273.00,0.50,2879,323.00,18.90,272.00
"2025-04-03 06:00:00",0.40,3.00,9.00,0.07,9,273.00,0.10,3610,376.00,19.50,272.00,-0.30,9,273.00,0.40,2247,278.00,18.10,272.00,0.20,9,273.00,0.20,3250,260.00,22.00,273.00
"2025-04-03 06:15:00",0.60,284.00,9.00,-0.10,9,276.00,0.13,3110,356.00,17.70,256.00,0.20,9,276.00,0.50,1920,255.00,16.60,256.00,0.60,9,276.00,0.30,2311,264.00,17.80,256.00
"2025-04-03 06:30:00",0.30,248.00,9.00,-0.01,9,273.00,0.14,3040,354.00,18.30,273.00,0.30,9,273.00,0.60,1604,263.00,15.50,273.00,0.20,9,273.00,0.50,2203,283.00,17.60,271.00
"2025-04-03 06:45:00",0.40,263.00,9.00,-0.02,9,273.00,0.15,3059,374.00,18.10,271.00,0.30,9,273.00,0.60,2241,280.00,18.00,273.00,0.30,9,273.00,0.60,2891,322.00,18.80,272.00
"2025-04-03 07:00:00",1.10,246.00,9.00,-0.10,9,274.00,0.18,2794,430.00,16.00,272.00,0.90,9,274.00,0.40,2096,250.00,18.30,274.00,0.50,9,274.00,0.40,2675,303.00,18.70,271.00
"2025-04-03 07:15:00",0.60,264.00,9.00,-0.13,9,275.00,0.19,2464,395.00,14.90,255.00,0.40,9,275.00,0.40,1617,264.00,14.80,251.00,0.40,9,275.00,0.50,2390,321.00,16.50,256.00
"2025-04-03 07:30:00",0.30,284.00,9.00,-0.01,9,274.00,0.15,3427,380.00,18.90,274.00,0.10,9,274.00,0.60,1809,272.00,16.20,274.00,0.30,9,274.00,0.70,2631,335.00,17.60,269.00
"2025-04-03 07:45:00",0.50,251.00,9.00,-0.06,9,274.00,0.13,3404,374.00,18.90,274.00,0.40,9,274.00,0.50,1965,288.00,16.40,273.00,0.30,9,274.00,0.50,2776,316.00,18.70,274.00
"2025-04-03 08:00:00",0.40,269.00,9.00,-0.06,9,274.00,0.16,3189,370.00,18.50,272.00,0.20,9,274.00,0.70,1723,285.00,15.30,273.00,0.30,9,274.00,0.50,3351,356.00,19.20,271.00
"2025-04-03 08:15:00",0.40,291.00,9.00,0.02,9,276.00,0.17,2875,363.00,16.90,255.00,0.10,9,276.00,0.70,1739,290.00,14.60,250.00,0.30,9,276.00,0.50,3035,330.00,18.10,252.00
"2025-04-03 08:30:00",0.40,235.00,9.00,0.05,9,275.00,0.15,3151,335.00,19.20,274.00,0.40,9,275.00,0.70,2103,312.00,16.30,273.00,0.10,9,275.00,0.70,2869,345.00,18.20,274.00
"2025-04-03 08:45:00",0.40,266.00,9.00,-0.01,9,274.00,0.16,3307,348.00,19.30,274.00,0.20,9,274.00,0.80,2224,284.00,17.50,272.00,0.30,9,274.00,0.70,3091,333.00,19.00,274.00
"2025-04-03 09:00:00",0.30,243.00,9.00,-0.04,9,273.00,0.14,3317,333.00,19.60,272.00,0.30,9,273.00,0.70,2004,277.00,16.80,273.00,0.10,9,273.00,0.60,2909,323.00,18.80,271.00
"2025-04-03 09:15:00",0.50,250.00,9.00,-0.06,9,276.00,0.19,2862,347.00,17.30,255.00,0.40,9,276.00,0.80,2044,291.00,15.90,254.00,0.30,9,276.00,0.70,3016,340.00,17.80,255.00
"2025-04-03 09:30:00",0.30,283.00,9.00,-0.09,9,274.00,0.17,2882,367.00,17.90,272.00,0.10,9,274.00,0.70,2297,299.00,17.70,272.00,0.30,9,274.00,0.70,2863,354.00,17.90,272.00
"2025-04-03 09:45:00",0.10,126.00,9.00,-0.06,9,274.00,0.21,3120,388.00,17.90,274.00,0.00,9,274.00,0.80,2555,294.00,18.50,274.00,-0.10,9,274.00,0.70,3371,343.00,19.70,271.00
"2025-04-03 10:00:00",0.60,102.00,9.00,0.14,2,274.00,0.33,3470,431.00,18.00,272.00,-0.20,2,274.00,1.10,3218,368.00,18.60,271.00,-0.50,2,274.00,0.70,3512,364.00,19.60,272.00
"2025-04-03 10:15:00",0.50,86.00,9.00,0.06,2,276.00,0.22,2780,355.00,16.90,252.00,-0.30,2,276.00,0.90,2428,306.00,16.90,256.00,-0.40,2,276.00,0.70,2949,302.00,18.60,256.00
"2025-04-03 10:30:00",0.80,70.00,9.00,0.01,2,275.00,0.23,3030,368.00,18.10,274.00,-0.70,2,275.00,1.10,2504,326.00,17.60,275.00,-0.40,2,275.00,0.70,3159,333.00,19.30,273.00
"2025-04-03 10:45:00",0.50,85.00,9.00,0.00,2,275.00,0.23,2845,337.00,18.40,270.00,-0.30,2,275.00,0.90,2375,284.00,18.20,273.00,-0.30,2,275.00,0.80,2961,307.00,19.60,270.00
"2025-04-03 11:00:00",0.80,89.00,9.00,0.11,2,276.00,0.30,2919,386.00,17.60,271.00,-0.50,2,276.00,1.20,2677,339.00,17.80,275.00,-0.60,2,276.00,1.00,2693,337.00,18.10,271.00
"2025-04-03 11:15:00",0.60,100.00,9.00,0.06,2,278.00,0.23,2488,309.00,17.20,253.00,-0.30,2,278.00,1.30,2202,279.00,16.90,257.00,-0.50,2,278.00,0.80,2357,277.00,17.70,254.00
"2025-04-03 11:30:00",0.40,115.00,9.00,0.03,2,276.00,0.25,2703,325.00,18.40,274.00,-0.10,2,276.00,1.00,2325,275.00,18.40,275.00,-0.40,2,276.00,0.90,2644,304.00,18.70,275.00
"2025-04-03 11:45:00",0.40,100.00,9.00,-0.02,2,276.00,0.21,2664,308.00,18.50,276.00,-0.20,2,276.00,0.90,2329,265.00,18.60,274.00,-0.30,2,276.00,0.80,2565,283.00,18.90,275.00
"2025-04-03 12:00:00",0.40,81.00,9.00,0.01,2,276.00,0.30,2950,355.00,18.30,273.00,-0.30,2,276.00,1.00,2603,312.00,18.40,273.00,-0.30,2,276.00,1.00,2687,340.00,17.90,273.00
"2025-04-03 12:15:00",0.70,70.00,9.00,0.11,2,278.00,0.32,2810,383.00,16.70,255.00,-0.60,2,278.00,1.10,2422,326.00,16.50,254.00,-0.40,2,278.00,1.00,2422,319.00,16.70,256.00
"2025-04-03 12:30:00",0.50,82.00,9.00,0.02,2,277.00,0.29,2734,330.00,18.40,272.00,-0.30,2,277.00,1.20,2432,295.00,18.30,274.00,-0.30,2,277.00,1.00,2495,290.00,18.60,273.00
"2025-04-03 12:45:00",0.60,93.00,9.00,0.05,2,276.00,0.23,2620,308.00,18.50,274.00,-0.40,2,276.00,1.10,2401,285.00,18.40,276.00,-0.50,2,276.00,0.80,2783,305.00,19.10,274.00
"2025-04-03 13:00:00",0.80,94.00,9.00,0.01,2,276.00,0.27,2845,354.00,18.10,273.00,-0.50,2,276.00,1.40,2644,349.00,17.50,276.00,-0.70,2,276.00,1.30,2775,363.00,17.70,276.00
"2025-04-03 13:15:00",0.80,80.00,9.00,0.02,2,279.00,0.29,2781,349.00,17.20,256.00,-0.60,2,279.00,1.20,2542,323.00,16.90,259.00,-0.60,2,279.00,1.00,2607,334.00,16.90,259.00
"2025-04-03 13:30:00",1.00,79.00,9.00,0.05,2,277.00,0.33,3001,400.00,17.60,274.00,-0.80,2,277.00,1.60,2965,393.00,17.40,275.00,-0.60,2,277.00,1.20,2721,359.00,17.50,276.00
"2025-04-03 13:45:00",0.80,77.00,9.00,-0.01,2,276.00,0.28,2904,360.00,18.20,272.00,-0.60,2,276.00,1.20,2610,331.00,17.70,275.00,-0.50,2,276.00,1.20,2877,358.00,18.00,273.00
"2025-04-03 14:00:00",0.70,94.00,9.00,0.09,2,277.00,0.29,2876,364.00,17.90,273.00,-0.40,2,277.00,1.20,2664,315.00,18.40,277.00,-0.60,2,277.00,1.00,2777,335.00,18.30,275.00
"2025-04-03 14:15:00",0.70,76.00,9.00,-0.05,2,278.00,0.26,2621,312.00,17.40,256.00,-0.60,2,278.00,1.40,2564,325.00,17.00,257.00,-0.50,2,278.00,0.90,2449,294.00,17.30,256.00
"2025-04-03 14:30:00",0.40,101.00,9.00,-0.02,2,277.00,0.18,2506,274.00,19.00,275.00,-0.20,2,277.00,0.80,2284,258.00,18.90,274.00,-0.30,2,277.00,0.70,2335,262.00,19.00,276.00
"2025-04-03 14:45:00",0.30,127.00,9.00,0.02,2,277.00,0.20,2426,265.00,19.10,274.00,0.00,2,277.00,0.70,2072,233.00,18.80,272.00,-0.30,2,277.00,0.60,2493,243.00,20.00,276.00
"2025-04-03 15:00:00",0.50,15.00,9.00,0.14,9,276.00,0.31,3135,383.00,18.30,276.00,-0.50,9,276.00,1.20,2935,343.00,18.50,275.00,0.20,9,276.00,1.20,2919,391.00,17.60,271.00
"2025-04-03 15:15:00",0.70,19.00,9.00,-0.02,2,279.00,0.30,2632,321.00,17.40,256.00,-0.60,2,279.00,1.30,2417,321.00,16.80,255.00,0.20,2,279.00,1.10,2418,279.00,17.70,258.00
"2025-04-03 15:30:00",0.50,346.00,9.00,-0.04,9,276.00,0.25,2874,321.00,19.00,274.00,-0.30,9,276.00,1.10,2668,311.00,18.60,274.00,0.40,9,276.00,0.90,2644,288.00,19.20,275.00
"2025-04-03 15:45:00",0.60,21.00,9.00,0.00,9,277.00,0.21,2757,299.00,19.10,273.00,-0.60,9,277.00,1.10,2554,309.00,18.50,272.00,0.20,9,277.00,0.90,2739,301.00,19.20,274.00
"2025-04-03 16:00:00",0.30,350.00,9.00,0.03,9,276.00,0.18,2694,275.00,19.70,276.00,-0.20,9,276.00,0.90,2319,267.00,18.80,274.00,0.20,9,276.00,0.80,2634,290.00,19.10,274.00
"2025-04-03 16:15:00",0.40,262.00,9.00,0.07,9,279.00,0.29,2723,382.00,16.40,256.00,0.30,9,279.00,1.20,2645,369.00,16.50,254.00,0.30,9,279.00,1.30,2732,397.00,16.10,253.00
"2025-04-03 16:30:00",0.60,227.00,9.00,0.11,9,276.00,0.37,3010,445.00,16.80,271.00,0.60,9,276.00,1.80,2804,419.00,16.80,271.00,0.10,9,276.00,0.90,3097,445.00,17.10,271.00
"2025-04-03 16:45:00",0.30,217.00,9.00,0.10,9,277.00,0.20,2759,350.00,17.80,272.00,0.30,9,277.00,1.10,2461,339.00,17.30,272.00,0.00,9,277.00,0.70,2999,355.00,18.50,272.00
"2025-04-03 17:00:00",0.20,207.00,9.00,0.07,9,276.00,0.23,2651,333.00,18.00,273.00,0.20,9,276.00,0.90,2322,309.00,17.70,271.00,0.00,9,276.00,0.80,2895,344.00,18.50,272.00
"2025-04-03 17:15:00",0.30,130.00,9.00,0.11,9,279.00,0.17,2415,296.00,17.20,255.00,0.00,9,279.00,0.70,2278,265.00,17.60,255.00,-0.30,9,279.00,0.60,2923,311.00,18.40,256.00
"2025-04-03 17:30:00",0.20,158.00,9.00,0.08,9,276.00,0.17,2531,309.00,18.10,274.00,0.10,9,276.00,0.60,2133,259.00,18.20,271.00,-0.10,9,276.00,0.50,3142,290.00,20.50,275.00
"2025-04-03 17:45:00",0.20,198.00,9.00,0.09,9,276.00,0.15,2645,315.00,18.30,276.00,0.20,9,276.00,0.60,2009,252.00,17.80,275.00,-0.10,9,276.00,0.60,3090,303.00,19.90,274.00
"2025-04-03 18:00:00",0.10,196.00,9.00,0.11,9,276.00,0.16,2518,304.00,18.10,275.00,0.10,9,276.00,0.60,2034,239.00,18.30,273.00,-0.10,9,276.00,0.50,3152,284.00,20.70,275.00
"2025-04-03 18:15:00",0.30,230.00,9.00,0.04,9,277.00,0.19,2275,294.00,16.70,258.00,0.30,9,277.00,0.60,1858,223.00,17.30,258.00,0.10,9,277.00,0.50,2750,260.00,19.10,257.00
"2025-04-03 18:30:00",0.30,240.00,9.00,0.06,9,276.00,0.18,2532,341.00,17.20,273.00,0.20,9,276.00,0.60,1977,251.00,17.70,273.00,0.10,9,276.00,0.50,3153,289.00,20.50,276.00
"2025-04-03 18:45:00",0.30,229.00,9.00,0.10,9,276.00,0.17,2712,331.00,17.90,276.00,0.30,9,276.00,0.70,1841,252.00,17.00,274.00,0.10,9,276.00,0.50,3268,300.00,20.50,276.00
"2025-04-03 19:00:00",0.30,234.00,9.00,0.11,9,276.00,0.18,2573,361.00,16.90,270.00,0.30,9,276.00,0.80,1938,279.00,16.70,272.00,0.10,9,276.00,0.60,3189,323.00,19.80,275.00
"2025-04-03 19:15:00",0.30,279.00,9.00,0.13,9,277.00,0.21,2544,338.00,16.60,256.00,0.20,9,277.00,1.00,1923,281.00,15.80,257.00,0.30,9,277.00,0.70,2861,323.00,18.00,258.00
"2025-04-03 19:30:00",0.30,275.00,9.00,0.07,9,274.00,0.21,2499,336.00,17.20,271.00,0.20,9,274.00,0.90,1890,266.00,16.90,274.00,0.20,9,274.00,0.70,2980,294.00,19.90,274.00
"2025-04-03 19:45:00",0.30,309.00,9.00,0.07,9,274.00,0.18,2577,330.00,17.70,272.00,0.00,9,274.00,0.80,1822,263.00,16.60,273.00,0.30,9,274.00,0.70,2856,293.00,19.50,274.00
"2025-04-03 20:00:00",0.20,347.00,9.00,0.03,9,274.00,0.24,2481,385.00,16.20,271.00,-0.20,9,274.00,0.90,1977,288.00,16.60,269.00,0.20,9,274.00,0.70,3140,338.00,19.40,271.00
"2025-04-03 20:15:00",0.30,255.00,9.00,0.05,9,276.00,0.21,2398,355.00,15.60,254.00,0.30,9,276.00,1.00,1745,277.00,15.00,254.00,0.20,9,276.00,0.80,2837,305.00,18.20,253.00
"2025-04-03 20:30:00",0.40,255.00,9.00,0.04,9,274.00,0.20,2559,356.00,16.90,271.00,0.30,9,274.00,0.90,1843,291.00,15.90,269.00,0.20,9,274.00,0.80,2959,341.00,18.70,273.00
"2025-04-03 20:45:00",0.50,248.00,9.00,0.03,9,274.00,0.23,2561,372.00,16.50,269.00,0.40,9,274.00,0.90,1903,303.00,15.80,272.00,0.20,9,274.00,0.80,2811,343.00,18.10,272.00
"2025-04-03 21:00:00",0.60,239.00,9.00,0.02,9,274.00,0.22,2567,358.00,16.90,271.00,0.60,9,274.00,1.00,1914,292.00,16.10,272.00,0.20,9,274.00,0.70,2813,343.00,18.10,274.00
"2025-04-03 21:15:00",0.50,239.00,9.00,0.05,9,276.00,0.22,2348,331.00,16.00,251.00,0.40,9,276.00,1.00,1712,284.00,14.90,251.00,0.20,9,276.00,0.70,2710,318.00,17.40,255.00
"2025-04-03 21:30:00",0.60,247.00,9.00,0.04,9,274.00,0.23,2419,357.00,16.50,272.00,0.50,9,274.00,1.10,1755,283.00,15.70,271.00,0.30,9,274.00,0.70,2746,332.00,18.20,273.00
"2025-04-03 21:45:00",0.50,262.00,9.00,0.02,9,274.00,0.25,2384,376.00,15.90,270.00,0.40,9,274.00,1.00,1875,299.00,15.80,272.00,0.30,9,274.00,0.70,2915,340.00,18.50,271.00
"2025-04-03 22:00:00",0.30,236.00,9.00,0.04,9,274.00,0.21,2630,378.00,16.80,271.00,0.30,9,274.00,1.20,1948,300.00,16.10,274.00,0.10,9,274.00,0.80,2782,329.00,18.40,274.00
"2025-04-03 22:15:00",0.80,264.00,9.00,-0.06,9,276.00,0.24,2480,344.00,16.20,255.00,0.50,9,276.00,0.90,1738,267.00,15.40,257.00,0.60,9,276.00,0.70,2651,299.00,17.90,256.00
"2025-04-03 22:30:00",0.40,264.00,9.00,-0.04,9,273.00,0.23,2588,356.00,17.10,271.00,0.30,9,273.00,1.00,1783,275.00,16.00,270.00,0.30,9,273.00,0.80,2788,314.00,18.80,272.00
"2025-04-03 22:45:00",0.70,252.00,9.00,-0.07,9,274.00,0.23,2707,388.00,16.70,269.00,0.60,9,274.00,1.20,2049,294.00,16.60,272.00,0.40,9,274.00,0.60,3102,319.00,19.60,274.00
"2025-04-03 23:00:00",0.80,243.00,9.00,-0.06,9,274.00,0.31,2819,427.00,16.40,269.00,0.70,9,274.00,1.40,2288,341.00,16.30,272.00,0.30,9,274.00,0.80,3204,382.00,18.60,269.00
"2025-04-03 23:15:00",1.20,260.00,9.00,-0.09,9,276.00,0.29,2822,402.00,16.00,252.00,0.90,9,276.00,1.70,2570,363.00,15.90,256.00,0.80,9,276.00,1.10,2980,385.00,16.90,251.00
"2025-04-03 23:30:00",0.70,252.00,9.00,-0.03,9,274.00,0.23,2988,397.00,17.30,272.00,0.60,9,274.00,0.90,2117,306.00,16.60,271.00,0.40,9,274.00,0.80,2967,339.00,18.70,273.00
"2025-04-03 23:45:00",0.30,227.00,9.00,-0.08,9,274.00,0.17,3547,375.00,19.50,273.00,0.30,9,274.00,0.90,2189,297.00,17.10,269.00,0.10,9,274.00,0.70,2900,310.00,19.30,273.00
"2025-04-04 00:00:00",0.30,282.00,9.00,-0.09,9,274.00,0.16,3738,405.00,19.10,274.00,0.10,9,274.00,0.60,1805,262.00,16.40,273.00,0.20,9,274.00,0.40,3204,296.00,20.50,272.00
"2025-04-04 00:15:00",0.50,256.00,9.00,-0.12,9,276.00,0.10,4118,347.00,20.40,252.00,0.40,9,276.00,0.50,2136,267.00,17.00,254.00,0.30,9,276.00,0.30,2941,293.00,18.90,257.00
"2025-04-04 00:30:00",0.50,271.00,9.00,-0.10,9,274.00,0.12,3686,355.00,20.10,273.00,0.30,9,274.00,0.40,1930,240.00,17.80,274.00,0.40,9,274.00,0.50,2732,269.00,20.00,274.00
"2025-04-04 00:45:00",0.70,256.00,9.00,-0.09,9,275.00,0.09,4058,305.00,22.30,274.00,0.50,9,275.00,0.50,1997,261.00,17.30,273.00,0.40,9,275.00,0.50,2785,300.00,19.00,275.00
"2025-04-04 01:00:00",0.30,4.00,9.00,-0.03,9,273.00,0.14,3406,334.00,20.00,271.00,-0.20,9,273.00,0.60,1900,254.00,17.30,273.00,0.10,9,273.00,0.50,3696,285.00,22.00,273.00
"2025-04-04 01:15:00",0.60,86.00,9.00,0.00,9,276.00,0.19,3386,348.00,18.60,256.00,-0.40,9,276.00,0.80,1654,249.00,15.30,256.00,-0.40,9,276.00,0.60,3389,259.00,21.00,255.00
"2025-04-04 01:30:00",0.20,117.00,9.00,0.01,9,274.00,0.11,4125,324.00,22.00,274.00,0.00,9,274.00,0.70,2345,282.00,18.10,273.00,-0.20,9,274.00,0.50,3235,337.00,19.40,271.00
"2025-04-04 01:45:00",0.40,304.00,9.00,-0.05,9,273.00,0.13,3583,360.00,19.80,271.00,0.00,9,273.00,0.70,2041,286.00,16.90,272.00,0.40,9,273.00,0.50,3446,352.00,19.70,273.00
"2025-04-04 02:00:00",0.00,332.00,9.00,-0.01,9,274.00,0.15,4190,345.00,21.40,274.00,0.00,9,274.00,0.70,2438,302.00,17.90,273.00,0.00,9,274.00,0.60,3706,322.00,21.00,274.00
"2025-04-04 02:15:00",0.10,196.00,9.00,-0.05,9,275.00,0.16,3330,323.00,19.10,256.00,0.10,9,275.00,0.60,2256,276.00,17.20,256.00,0.00,9,275.00,0.80,3422,345.00,18.80,256.00
"2025-04-04 02:30:00",0.20,131.00,9.00,-0.02,9,274.00,0.17,3615,385.00,19.20,273.00,0.00,9,274.00,0.70,2786,305.00,18.90,273.00,-0.20,9,274.00,0.60,3954,373.00,20.60,269.00
"2025-04-04 02:45:00",0.40,234.00,9.00,-0.07,9,273.00,0.15,3943,374.00,20.40,273.00,0.30,9,273.00,0.60,2182,271.00,17.80,273.00,0.10,9,273.00,0.50,4174,287.00,23.00,273.00
"2025-04-04 03:00:00",0.20,247.00,9.00,-0.06,9,274.00,0.14,4017,393.00,19.90,271.00,0.10,9,274.00,0.70,1937,304.00,15.90,274.00,0.10,9,274.00,0.40,4435,295.00,23.60,274.00
"2025-04-04 03:15:00",0.40,268.00,9.00,-0.05,9,275.00,0.16,3757,305.00,20.50,256.00,0.20,9,275.00,0.50,2073,245.00,17.40,255.00,0.30,9,275.00,0.30,4526,233.00,24.30,256.00
"2025-04-04 03:30:00",0.20,320.00,9.00,-0.06,9,274.00,0.16,4068,354.00,20.90,273.00,0.00,9,274.00,0.70,2144,278.00,17.50,274.00,0.20,9,274.00,0.40,4177,279.00,23.20,273.00
"2025-04-04 03:45:00",0.40,327.00,9.00,-0.02,9,273.00,0.14,4109,341.00,21.50,272.00,-0.10,9,273.00,0.60,2599,311.00,18.10,273.00,0.40,9,273.00,0.30,4742,294.00,24.10,272.00
"2025-04-04 04:00:00",0.40,312.00,9.00,-0.05,9,274.00,0.13,3925,293.00,22.20,273.00,0.00,9,274.00,0.50,2100,254.00,18.10,272.00,0.40,9,274.00,0.40,4466,266.00,24.30,274.00
"2025-04-04 04:15:00",0.60,310.00,9.00,-0.07,9,275.00,0.13,3763,303.00,20.90,256.00,0.00,9,275.00,0.40,1743,260.00,15.60,249.00,0.60,9,275.00,0.40,3903,268.00,22.00,256.00
"2025-04-04 04:30:00",1.20,297.00,9.00,-0.12,9,274.00,0.16,4040,306.00,22.30,274.00,0.20,9,274.00,0.50,1876,250.00,17.10,274.00,1.10,9,274.00,0.30,3976,281.00,22.90,274.00
"2025-04-04 04:45:00",0.30,355.00,9.00,0.03,9,273.00,0.17,3592,325.00,20.60,273.00,-0.30,9,273.00,0.40,2391,265.00,18.80,272.00,0.20,9,273.00,0.50,3570,257.00,22.40,273.00
"2025-04-04 05:00:00",1.10,297.00,9.00,-0.11,9,273.00,0.18,4262,345.00,21.70,273.00,0.20,9,273.00,0.40,2738,270.00,19.90,270.00,1.00,9,273.00,0.40,3570,251.00,22.80,273.00
"2025-04-04 05:15:00",0.70,287.00,9.00,-0.10,9,276.00,0.18,3780,360.00,19.40,256.00,0.20,9,276.00,0.70,2649,286.00,18.00,256.00,0.60,9,276.00,0.80,3425,337.00,19.30,251.00
"2025-04-04 05:30:00",0.40,223.00,9.00,-0.06,9,273.00,0.16,4176,384.00,20.60,270.00,0.30,9,273.00,0.80,2860,334.00,18.40,273.00,0.00,9,273.00,1.20,3391,439.00,18.00,268.00
"2025-04-04 05:45:00",0.60,235.00,9.00,-0.04,9,274.00,0.13,4303,409.00,20.50,273.00,0.60,9,274.00,0.90,2856,366.00,17.80,273.00,0.20,9,274.00,1.00,2972,427.00,17.10,269.00
"2025-04-04 06:00:00",1.10,141.00,9.00,0.02,9,273.00,0.22,4345,480.00,19.20,271.00,0.30,9,273.00,1.30,3248,467.00,17.00,270.00,-1.10,9,273.00,2.10,3621,590.00,16.30,271.00
"2025-04-04 06:15:00",0.80,169.00,9.00,0.02,9,275.00,0.23,3540,398.00,18.00,255.00,0.50,9,275.00,1.20,2850,392.00,16.40,253.00,-0.60,9,275.00,1.60,3055,495.00,15.30,249.00
"2025-04-04 06:30:00",0.20,219.00,9.00,-0.02,9,274.00,0.16,3807,372.00,20.10,273.00,0.20,9,274.00,0.80,2438,303.00,17.90,270.00,0.00,9,274.00,0.70,2932,381.00,17.70,269.00
"2025-04-04 06:45:00",0.20,253.00,9.00,-0.05,9,273.00,0.16,3541,354.00,19.90,268.00,0.10,9,273.00,0.70,2218,309.00,17.00,270.00,0.10,9,273.00,0.70,3107,387.00,18.20,268.00
"2025-04-04 07:00:00",0.50,142.00,9.00,-0.03,9,274.00,0.19,3379,374.00,19.00,274.00,0.10,9,274.00,1.00,2246,336.00,16.40,273.00,-0.50,9,274.00,1.50,3126,502.00,16.10,269.00
"2025-04-04 07:15:00",0.20,174.00,9.00,0.00,9,275.00,0.17,3134,337.00,18.40,251.00,0.10,9,275.00,0.90,2060,281.00,16.30,255.00,-0.10,9,275.00,1.00,2865,374.00,17.10,251.00
"2025-04-04 07:30:00",0.20,187.00,9.00,-0.05,9,273.00,0.19,3254,354.00,19.10,273.00,0.20,9,273.00,0.90,2286,293.00,17.70,269.00,-0.10,9,273.00,1.00,3170,387.00,18.50,268.00
"2025-04-04 07:45:00",0.60,194.00,9.00,-0.05,9,274.00,0.21,3135,369.00,18.40,273.00,0.60,9,274.00,1.00,2317,301.00,17.40,270.00,-0.30,9,274.00,0.80,3177,347.00,19.20,269.00
"2025-04-04 08:00:00",0.70,161.00,9.00,-0.04,9,273.00,0.22,3446,406.00,18.40,272.00,0.40,9,273.00,1.00,2803,339.00,18.10,273.00,-0.60,9,273.00,1.00,3399,403.00,18.50,270.00
"2025-04-04 08:15:00",0.30,175.00,9.00,-0.02,9,277.00,0.25,2740,370.00,16.50,256.00,0.20,9,277.00,1.10,2096,287.00,16.20,256.00,-0.20,9,277.00,0.80,2791,352.00,17.10,252.00
"2025-04-04 08:30:00",0.60,170.00,9.00,0.03,9,274.00,0.27,2943,413.00,17.10,272.00,0.40,9,274.00,1.20,2312,331.00,16.70,273.00,-0.40,9,274.00,0.90,3136,391.00,18.00,272.00
"2025-04-04 08:45:00",0.70,167.00,9.00,0.01,9,274.00,0.40,3208,465.00,16.70,272.00,0.50,9,274.00,1.50,2680,386.00,16.70,271.00,-0.60,9,274.00,1.20,3254,471.00,16.80,270.00
"2025-04-04 09:00:00",0.80,169.00,9.00,0.01,9,274.00,0.34,2879,423.00,16.60,271.00,0.50,9,274.00,1.70,2483,384.00,16.20,271.00,-0.60,9,274.00,1.10,3149,459.00,16.80,269.00
"2025-04-04 09:15:00",0.60,148.00,9.00,0.02,9,276.00,0.28,2712,403.00,15.80,252.00,0.20,9,276.00,1.50,2267,348.00,15.40,254.00,-0.50,9,276.00,1.20,2802,432.00,15.40,251.00
"2025-04-04 09:30:00",0.90,167.00,9.00,0.04,9,274.00,0.32,2911,435.00,16.50,273.00,0.50,9,274.00,1.80,2505,377.00,16.50,273.00,-0.70,9,274.00,1.10,3050,447.00,16.70,269.00
"2025-04-04 09:45:00",0.80,153.00,9.00,0.12,9,274.00,0.34,3090,449.00,16.80,272.00,0.30,9,274.00,1.50,2615,393.00,16.70,269.00,-0.70,9,274.00,1.20,3255,455.00,17.10,271.00
"2025-04-04 10:00:00",0.80,135.00,9.00,0.28,2,276.00,0.43,3246,471.00,16.90,275.00,0.10,2,276.00,1.40,3041,386.00,17.80,275.00,-0.80,2,276.00,1.10,3337,424.00,17.90,275.00
"2025-04-04 10:15:00",0.70,123.00,9.00,0.05,2,278.00,0.33,3006,385.00,16.90,256.00,-0.10,2,278.00,1.30,2558,349.00,16.50,253.00,-0.70,2,278.00,1.60,2816,424.00,15.70,253.00
"2025-04-04 10:30:00",0.90,113.00,9.00,0.09,2,276.00,0.31,3247,417.00,17.90,273.00,-0.20,2,276.00,1.00,2747,328.00,18.50,275.00,-0.80,2,276.00,1.10,3091,403.00,17.70,271.00
"2025-04-04 10:45:00",0.90,120.00,9.00,0.15,2,276.00,0.35,3420,482.00,17.20,271.00,-0.10,2,276.00,1.30,2964,379.00,17.90,274.00,-0.90,2,276.00,1.30,3115,460.00,16.60,273.00
"2025-04-04 11:00:00",0.90,99.00,9.00,0.08,2,277.00,0.26,2999,369.00,18.20,272.00,-0.50,2,277.00,0.90,2616,297.00,18.80,273.00,-0.80,2,277.00,1.00,2990,372.00,18.00,272.00
"2025-04-04 11:15:00",0.80,135.00,9.00,0.15,2,279.00,0.37,3135,471.00,15.90,254.00,0.10,2,279.00,1.40,2813,379.00,16.60,256.00,-0.80,2,279.00,1.40,2980,441.00,15.90,254.00
"2025-04-04 11:30:00",0.70,96.00,9.00,0.11,2,276.00,0.32,3014,394.00,17.80,271.00,-0.30,2,276.00,1.10,2607,322.00,18.20,271.00,-0.60,2,276.00,1.30,2880,367.00,17.90,274.00
