"2025-04-01 00:00:00",0.80,127.00,9.00,0.08,9,274.00,0.20,753,120.00,15.50,272.00,0.00,9,274.00,0.90,377,99.00,11.30,252.00,-0.80,9,274.00,0.90,476,90.00,14.10,268.00
"2025-04-01 00:15:00",0.70,129.00,9.00,0.07,9,277.00,0.22,673,143.00,13.00,244.00,0.00,9,277.00,1.00,388,118.00,9.90,228.00,-0.70,9,277.00,1.00,484,110.00,12.50,247.00
"2025-04-01 00:30:00",0.60,107.00,9.00,0.08,9,274.00,0.18,726,123.00,15.00,271.00,-0.20,9,274.00,0.80,409,104.00,11.60,258.00,-0.60,9,274.00,0.70,558,88.00,15.70,269.00
"2025-04-01 00:45:00",0.70,115.00,9.00,0.09,9,274.00,0.16,792,128.00,15.60,274.00,-0.20,9,274.00,0.90,424,107.00,11.60,266.00,-0.70,9,274.00,0.80,494,89.00,14.70,270.00
"2025-04-01 01:00:00",0.70,125.00,9.00,0.10,9,275.00,0.17,729,134.00,14.40,273.00,0.00,9,275.00,0.90,396,115.00,10.40,252.00,-0.70,9,275.00,0.90,492,98.00,13.80,270.00
"2025-04-01 01:15:00",0.50,108.00,9.00,0.06,9,276.00,0.18,658,145.00,12.40,254.00,-0.20,9,276.00,0.80,402,139.00,8.70,213.00,-0.40,9,276.00,0.90,430,111.00,11.20,250.00
"2025-04-01 01:30:00",0.70,115.00,9.00,0.07,9,274.00,0.20,631,157.00,11.90,256.00,-0.20,9,274.00,1.00,401,142.00,8.80,218.00,-0.70,9,274.00,1.20,455,125.00,11.20,258.00
"2025-04-01 01:45:00",0.50,106.00,9.00,0.09,9,275.00,0.20,614,143.00,12.20,266.00,-0.20,9,275.00,0.80,371,126.00,9.00,217.00,-0.50,9,275.00,0.80,445,105.00,12.30,272.00
"2025-04-01 02:00:00",0.40,163.00,9.00,0.02,9,274.00,0.25,573,143.00,11.60,259.00,0.30,9,274.00,0.80,334,128.00,8.00,193.00,-0.40,9,274.00,0.70,467,108.00,12.40,270.00
"2025-04-01 02:15:00",0.40,160.00,9.00,0.03,9,277.00,0.22,611,144.00,11.90,253.00,0.20,9,277.00,0.80,342,129.00,8.10,187.00,-0.40,9,277.00,0.80,479,108.00,12.40,255.00
"2025-04-01 02:30:00",1.20,89.00,9.00,0.25,9,274.00,0.28,545,146.00,11.10,264.00,-0.70,9,274.00,1.00,324,135.00,7.30,173.00,-0.90,9,274.00,0.70,448,114.00,11.70,271.00
"2025-04-01 02:45:00",1.70,89.00,9.00,0.24,9,274.00,0.22,615,146.00,12.40,270.00,-1.10,9,274.00,0.70,367,136.00,8.50,209.00,-1.30,9,274.00,0.50,532,109.00,13.80,270.00
"2025-04-01 03:00:00",0.90,96.00,9.00,0.13,9,275.00,0.14,690,143.00,13.90,258.00,-0.50,9,275.00,0.60,387,107.00,11.10,249.00,-0.80,9,275.00,0.60,540,98.00,15.50,270.00
"2025-04-01 03:15:00",0.50,108.00,9.00,0.12,9,276.00,0.16,687,116.00,14.50,255.00,-0.20,9,276.00,0.80,357,90.00,11.10,240.00,-0.50,9,276.00,0.60,439,72.00,14.80,254.00
"2025-04-01 03:30:00",0.20,101.00,9.00,0.11,9,274.00,0.16,774,116.00,16.20,274.00,-0.10,9,274.00,0.70,335,91.00,11.00,253.00,-0.10,9,274.00,0.50,511,72.00,16.60,274.00
"2025-04-01 03:45:00",0.10,141.00,9.00,0.07,9,275.00,0.14,888,118.00,17.00,274.00,0.00,9,275.00,0.90,361,96.00,11.10,249.00,-0.10,9,275.00,0.60,434,74.00,14.90,269.00
"2025-04-01 04:00:00",0.20,146.00,9.00,0.00,9,274.00,0.11,1044,126.00,18.00,269.00,0.00,9,274.00,0.60,395,104.00,11.40,267.00,-0.10,9,274.00,0.70,424,79.00,14.40,272.00
"2025-04-01 04:15:00",0.10,124.00,9.00,0.06,9,277.00,0.14,707,133.00,14.20,245.00,0.00,9,277.00,1.40,380,102.00,11.20,243.00,-0.10,9,277.00,0.80,341,87.00,11.90,249.00
"2025-04-01 04:30:00",0.20,299.00,9.00,-0.02,9,273.00,0.10,805,119.00,16.20,269.00,0.00,9,273.00,0.60,423,116.00,10.90,244.00,0.20,9,273.00,0.60,455,79.00,14.90,270.00
"2025-04-01 04:45:00",0.30,302.00,9.00,0.03,9,273.00,0.09,914,118.00,17.60,273.00,0.00,9,273.00,0.40,431,101.00,12.40,266.00,0.30,9,273.00,0.70,421,74.00,14.80,270.00
"2025-04-01 05:00:00",0.10,138.00,9.00,0.06,9,274.00,0.09,1120,117.00,19.50,273.00,0.00,9,274.00,0.70,364,95.00,11.20,254.00,-0.10,9,274.00,0.40,506,80.00,15.70,271.00
"2025-04-01 05:15:00",0.30,61.00,9.00,0.05,9,275.00,0.10,874,119.00,16.70,250.00,-0.20,9,275.00,0.50,363,104.00,10.30,220.00,-0.10,9,275.00,0.60,426,83.00,13.70,247.00
"2025-04-01 05:30:00",0.30,276.00,9.00,-0.03,9,274.00,0.11,921,126.00,17.30,266.00,0.10,9,274.00,1.40,315,103.00,9.60,217.00,0.20,9,274.00,0.60,508,97.00,15.10,256.00
"2025-04-01 05:45:00",0.20,109.00,9.00,0.10,9,273.00,0.10,991,130.00,17.30,266.00,-0.10,9,273.00,0.80,358,109.00,10.10,227.00,-0.20,9,273.00,0.60,491,89.00,14.80,269.00
"2025-04-01 06:00:00",0.40,295.00,9.00,0.02,9,274.00,0.10,985,116.00,18.50,273.00,0.10,9,274.00,0.30,521,91.00,14.80,269.00,0.40,9,274.00,0.50,502,76.00,16.30,273.00
"2025-04-01 06:15:00",0.20,58.00,9.00,0.06,9,275.00,0.18,794,125.00,15.10,255.00,-0.20,9,275.00,0.50,396,93.00,12.00,247.00,-0.10,9,275.00,0.60,471,78.00,15.00,253.00
"2025-04-01 06:30:00",0.20,306.00,9.00,0.04,9,273.00,0.18,793,117.00,16.30,273.00,0.00,9,273.00,0.60,380,87.00,12.40,268.00,0.20,9,273.00,0.50,567,74.00,17.40,272.00
"2025-04-01 06:45:00",0.40,266.00,9.00,0.00,9,274.00,0.14,899,137.00,16.50,264.00,0.30,9,274.00,0.60,377,97.00,11.70,254.00,0.30,9,274.00,0.60,576,93.00,16.50,265.00
"2025-04-01 07:00:00",0.40,52.00,9.00,0.08,9,273.00,0.31,698,163.00,13.50,254.00,-0.40,9,273.00,0.70,428,120.00,11.00,239.00,-0.10,9,273.00,0.60,563,112.00,15.20,257.00
"2025-04-01 07:15:00",0.20,127.00,9.00,0.08,9,276.00,0.19,626,112.00,14.10,254.00,0.00,9,276.00,1.00,401,109.00,10.60,240.00,-0.20,9,276.00,0.60,457,75.00,14.80,255.00
"2025-04-01 07:30:00",0.40,201.00,9.00,0.10,9,274.00,0.18,670,119.00,14.50,270.00,0.40,9,274.00,1.20,463,117.00,11.50,251.00,-0.10,9,274.00,0.80,497,83.00,15.30,271.00
"2025-04-01 07:45:00",0.30,310.00,9.00,0.01,9,274.00,0.20,594,117.00,13.70,267.00,0.00,9,274.00,0.80,416,111.00,11.10,257.00,0.30,9,274.00,0.80,461,79.00,15.10,271.00
"2025-04-01 08:00:00",0.10,343.00,9.00,0.03,9,274.00,0.23,655,121.00,14.30,263.00,-0.10,9,274.00,1.30,521,118.00,12.20,253.00,0.10,9,274.00,0.80,524,83.00,15.80,268.00
"2025-04-01 08:15:00",0.30,298.00,9.00,0.04,9,277.00,0.23,632,188.00,11.00,221.00,0.10,9,277.00,0.90,468,150.00,9.60,212.00,0.30,9,277.00,0.90,503,129.00,12.30,230.00
"2025-04-01 08:30:00",0.10,123.00,9.00,0.02,9,274.00,0.27,657,128.00,13.80,262.00,0.00,9,274.00,1.30,561,131.00,12.40,267.00,-0.10,9,274.00,0.90,572,90.00,15.70,268.00
"2025-04-01 08:45:00",0.60,324.00,9.00,0.20,9,274.00,0.33,691,142.00,13.40,264.00,-0.20,9,274.00,1.50,597,138.00,12.30,265.00,0.60,9,274.00,1.70,544,107.00,13.90,269.00
"2025-04-01 09:00:00",0.60,22.00,9.00,-0.02,9,274.00,0.22,652,123.00,14.10,274.00,-0.60,9,274.00,1.00,483,115.00,12.10,263.00,0.20,9,274.00,0.90,495,83.00,15.30,268.00
"2025-04-01 09:15:00",0.60,35.00,9.00,-0.02,9,277.00,0.21,605,126.00,12.90,248.00,-0.60,9,277.00,1.00,394,118.00,9.90,229.00,0.00,9,277.00,0.70,441,92.00,13.20,242.00
"2025-04-01 09:30:00",1.10,357.00,9.00,-0.03,9,273.00,0.26,785,183.00,13.10,244.00,-0.80,9,273.00,1.30,588,154.00,11.60,254.00,0.70,9,273.00,1.20,623,135.00,13.90,259.00
"2025-04-01 09:45:00",1.00,353.00,9.00,-0.04,9,274.00,0.30,771,137.00,14.70,270.00,-0.70,9,274.00,1.80,559,119.00,13.00,268.00,0.70,9,274.00,1.50,561,102.00,14.60,267.00
"2025-04-01 10:00:00",1.20,20.00,9.00,0.06,2,274.00,0.27,779,131.00,15.00,271.00,-1.10,2,274.00,1.40,551,123.00,12.40,266.00,0.40,2,274.00,1.10,531,91.00,14.90,271.00
"2025-04-01 10:15:00",0.80,322.00,9.00,0.16,2,276.00,0.31,645,132.00,13.00,249.00,-0.20,2,276.00,1.70,408,107.00,10.90,234.00,0.70,2,276.00,2.50,427,105.00,11.80,244.00
"2025-04-01 10:30:00",1.10,273.00,9.00,-0.06,2,275.00,0.30,607,120.00,13.80,269.00,0.60,2,275.00,1.70,426,103.00,11.90,255.00,0.90,2,275.00,1.60,413,91.00,13.20,265.00
"2025-04-01 10:45:00",1.50,269.00,9.00,0.02,2,276.00,0.32,651,161.00,13.00,248.00,0.90,2,276.00,2.90,489,143.00,11.10,246.00,1.10,2,276.00,2.20,460,123.00,12.20,246.00
"2025-04-01 11:00:00",1.20,263.00,9.00,0.06,2,275.00,0.35,679,151.00,13.20,260.00,0.80,2,275.00,2.70,470,129.00,11.10,246.00,0.80,2,275.00,1.90,454,117.00,12.20,254.00
"2025-04-01 11:15:00",1.50,280.00,9.00,0.03,2,278.00,0.37,632,134.00,12.90,247.00,0.70,2,278.00,2.00,445,109.00,11.50,248.00,1.40,2,278.00,2.20,452,105.00,12.40,249.00
"2025-04-01 11:30:00",1.20,301.00,9.00,0.01,2,276.00,0.39,690,128.00,14.40,269.00,0.20,2,276.00,1.80,479,105.00,12.90,267.00,1.20,2,276.00,2.40,490,102.00,13.70,272.00
"2025-04-01 11:45:00",2.00,316.00,9.00,0.08,2,276.00,0.44,690,136.00,14.00,268.00,-0.30,2,276.00,1.90,501,109.00,12.80,264.00,1.90,2,276.00,2.90,494,107.00,13.10,272.00
"2025-04-01 12:00:00",1.70,289.00,9.00,0.12,2,276.00,0.57,648,135.00,13.60,269.00,0.50,2,276.00,2.50,509,112.00,12.90,265.00,1.60,2,276.00,3.30,445,105.00,12.50,268.00
"2025-04-01 12:15:00",1.00,299.00,9.00,0.02,2,278.00,0.28,591,152.00,11.70,233.00,0.20,2,278.00,2.20,401,128.00,10.00,220.00,1.00,2,278.00,2.50,409,124.00,10.70,231.00
"2025-04-01 12:30:00",0.80,291.00,9.00,0.01,2,275.00,0.30,573,119.00,13.30,269.00,0.20,2,275.00,1.50,383,97.00,11.50,255.00,0.80,2,275.00,1.90,393,87.00,13.10,266.00
"2025-04-01 12:45:00",1.00,262.00,9.00,0.00,2,276.00,0.30,604,137.00,12.90,264.00,0.70,2,276.00,1.80,402,116.00,11.00,254.00,0.70,2,276.00,1.90,429,111.00,12.00,248.00
"2025-04-01 13:00:00",0.60,240.00,9.00,0.04,2,276.00,0.26,598,120.00,14.00,263.00,0.50,2,276.00,1.70,390,105.00,11.60,255.00,0.20,2,276.00,0.90,414,89.00,13.50,266.00
"2025-04-01 13:15:00",0.60,270.00,9.00,0.03,2,278.00,0.24,535,123.00,12.10,242.00,0.40,2,278.00,2.10,366,104.00,10.60,244.00,0.50,2,278.00,1.40,384,90.00,12.20,243.00
"2025-04-01 13:30:00",1.00,291.00,9.00,0.02,2,276.00,0.35,638,150.00,12.80,255.00,0.30,2,276.00,2.70,424,130.00,10.60,240.00,0.90,2,276.00,2.80,466,126.00,11.90,253.00
"2025-04-01 13:45:00",0.40,309.00,9.00,0.00,9,275.00,0.25,579,118.00,13.70,263.00,0.00,9,275.00,1.70,344,87.00,11.70,262.00,0.40,9,275.00,0.90,393,86.00,13.10,265.00
"2025-04-01 14:00:00",0.40,308.00,9.00,0.08,9,276.00,0.30,624,118.00,14.30,267.00,0.00,9,276.00,1.90,427,98.00,12.60,264.00,0.40,9,276.00,1.60,460,91.00,14.10,269.00
"2025-04-01 14:15:00",0.50,310.00,9.00,-0.01,9,278.00,0.22,556,116.00,13.10,248.00,0.00,9,278.00,1.50,354,95.00,11.00,238.00,0.50,9,278.00,1.20,393,82.00,13.20,245.00
"2025-04-01 14:30:00",0.70,284.00,9.00,0.06,9,276.00,0.26,580,114.00,13.80,266.00,0.30,9,276.00,2.00,361,101.00,10.90,250.00,0.70,9,276.00,1.70,376,91.00,12.70,262.00
"2025-04-01 14:45:00",1.20,284.00,9.00,-0.05,2,276.00,0.40,529,136.00,12.20,250.00,0.50,2,276.00,1.90,337,99.00,10.50,232.00,1.10,2,276.00,2.30,367,97.00,12.00,249.00
"2025-04-01 15:00:00",2.20,291.00,9.00,-0.06,2,276.00,0.55,590,138.00,12.40,258.00,0.70,2,276.00,2.90,410,114.00,10.90,252.00,2.10,2,276.00,3.50,415,113.00,11.30,256.00
"2025-04-01 15:15:00",1.50,279.00,9.00,0.00,2,279.00,0.34,509,109.00,12.80,249.00,0.70,2,279.00,2.30,348,93.00,10.90,247.00,1.30,2,279.00,2.70,341,88.00,11.60,248.00
"2025-04-01 15:30:00",2.10,289.00,9.00,-0.07,2,276.00,0.42,551,119.00,13.10,265.00,0.70,2,276.00,2.90,367,102.00,11.10,267.00,2.00,2,276.00,3.50,374,99.00,11.70,267.00
"2025-04-01 15:45:00",0.90,290.00,9.00,-0.02,2,277.00,0.29,552,117.00,13.40,267.00,0.30,2,277.00,2.00,356,98.00,10.90,258.00,0.80,2,277.00,1.80,380,92.00,12.50,263.00
"2025-04-01 16:00:00",0.50,264.00,9.00,0.01,2,276.00,0.22,542,111.00,13.40,271.00,0.40,2,276.00,1.60,315,96.00,10.10,246.00,0.40,2,276.00,1.40,368,86.00,12.70,265.00
"2025-04-01 16:15:00",0.40,266.00,9.00,0.00,2,277.00,0.22,516,131.00,11.70,236.00,0.30,2,277.00,1.90,301,102.00,9.30,218.00,0.30,2,277.00,1.00,350,98.00,11.30,228.00
"2025-04-01 16:30:00",0.40,276.00,9.00,0.01,2,276.00,0.23,547,113.00,13.40,265.00,0.20,2,276.00,1.40,296,84.00,10.70,254.00,0.30,2,276.00,1.00,346,83.00,12.30,261.00
"2025-04-01 16:45:00",0.50,277.00,9.00,0.02,2,276.00,0.20,542,108.00,13.70,269.00,0.20,2,276.00,1.40,294,86.00,10.40,245.00,0.40,2,276.00,1.40,358,82.00,12.70,262.00
"2025-04-01 17:00:00",0.30,255.00,9.00,0.02,2,276.00,0.19,544,107.00,13.90,265.00,0.20,2,276.00,1.20,306,91.00,10.50,246.00,0.10,2,276.00,0.70,363,77.00,13.40,266.00
"2025-04-01 17:15:00",0.40,258.00,9.00,0.03,9,277.00,0.20,536,118.00,12.70,252.00,0.30,9,277.00,1.50,298,97.00,9.50,223.00,0.20,9,277.00,0.70,350,87.00,11.80,246.00
"2025-04-01 17:30:00",0.40,254.00,9.00,0.02,9,276.00,0.20,548,103.00,14.00,271.00,0.30,9,276.00,1.10,307,86.00,10.90,255.00,0.20,9,276.00,0.70,385,75.00,13.80,268.00
"2025-04-01 17:45:00",0.20,238.00,9.00,0.06,9,276.00,0.19,579,122.00,13.60,263.00,0.20,9,276.00,1.00,321,96.00,10.60,248.00,0.10,9,276.00,0.70,426,93.00,13.50,265.00
"2025-04-01 18:00:00",0.20,237.00,9.00,0.06,9,276.00,0.19,551,108.00,13.90,267.00,0.20,9,276.00,0.90,315,87.00,10.90,254.00,0.10,9,276.00,0.70,416,84.00,13.90,265.00
"2025-04-01 18:15:00",0.10,207.00,9.00,0.08,9,277.00,0.18,577,104.00,14.20,252.00,0.10,9,277.00,1.00,299,83.00,10.60,237.00,0.00,9,277.00,0.60,424,72.00,14.50,254.00
"2025-04-01 18:30:00",0.10,192.00,9.00,0.10,9,274.00,0.22,611,139.00,13.60,249.00,0.10,9,274.00,1.10,326,106.00,10.00,220.00,0.00,9,274.00,0.80,452,106.00,13.60,246.00
"2025-04-01 18:45:00",0.20,233.00,9.00,0.06,9,274.00,0.19,578,107.00,14.20,269.00,0.20,9,274.00,0.90,307,89.00,10.40,243.00,0.10,9,274.00,0.60,446,76.00,15.00,268.00
"2025-04-01 19:00:00",0.20,244.00,9.00,0.07,9,274.00,0.18,595,109.00,14.30,272.00,0.20,9,274.00,1.00,333,95.00,10.50,247.00,0.10,9,274.00,0.70,449,73.00,15.40,273.00
"2025-04-01 19:15:00",0.10,268.00,9.00,0.08,9,276.00,0.18,573,131.00,12.30,240.00,0.10,9,276.00,1.00,323,111.00,8.90,213.00,0.10,9,276.00,0.70,450,98.00,13.10,243.00
"2025-04-01 19:30:00",0.50,227.00,9.00,0.05,9,274.00,0.19,628,119.00,14.00,268.00,0.50,9,274.00,1.00,330,106.00,9.60,237.00,0.10,9,274.00,0.60,459,82.00,14.60,268.00
"2025-04-01 19:45:00",0.20,240.00,9.00,0.06,9,274.00,0.19,629,106.00,15.00,271.00,0.20,9,274.00,1.00,343,98.00,10.50,252.00,0.10,9,274.00,0.60,454,71.00,15.70,272.00
"2025-04-01 20:00:00",0.20,266.00,9.00,0.03,9,274.00,0.21,599,109.00,14.30,272.00,0.10,9,274.00,1.00,351,103.00,10.30,251.00,0.10,9,274.00,0.70,451,73.00,15.40,271.00
"2025-04-01 20:15:00",0.30,240.00,9.00,0.05,9,276.00,0.17,590,107.00,13.80,250.00,0.30,9,276.00,1.00,339,100.00,10.00,240.00,0.10,9,276.00,0.70,454,72.00,15.10,255.00
"2025-04-01 20:30:00",0.10,22.00,9.00,0.06,9,274.00,0.17,634,113.00,14.40,269.00,-0.10,9,274.00,0.90,342,95.00,10.90,254.00,0.00,9,274.00,0.70,441,77.00,14.70,271.00
"2025-04-01 20:45:00",0.10,126.00,9.00,0.09,9,274.00,0.19,706,167.00,13.70,248.00,0.00,9,274.00,1.10,385,129.00,10.30,234.00,-0.10,9,274.00,0.70,504,129.00,13.50,246.00
"2025-04-01 21:00:00",0.00,344.00,9.00,0.07,9,273.00,0.21,621,118.00,14.10,267.00,0.00,9,273.00,1.00,360,97.00,11.40,252.00,0.00,9,273.00,0.70,426,93.00,13.30,256.00
"2025-04-01 21:15:00",0.30,280.00,9.00,0.03,9,277.00,0.19,579,117.00,13.10,247.00,0.20,9,277.00,1.10,340,97.00,10.40,238.00,0.30,9,277.00,0.90,412,104.00,11.50,243.00
"2025-04-01 21:30:00",1.00,269.00,9.00,0.03,9,274.00,0.23,681,141.00,13.70,258.00,0.70,9,274.00,1.50,428,123.00,11.10,236.00,0.80,9,274.00,1.50,508,140.00,11.80,243.00
"2025-04-01 21:45:00",1.10,261.00,9.00,0.03,9,274.00,0.26,648,116.00,14.60,272.00,0.80,9,274.00,1.80,422,98.00,12.40,270.00,0.80,9,274.00,1.40,477,99.00,13.60,268.00
"2025-04-01 22:00:00",0.70,276.00,9.00,0.06,9,273.00,0.20,691,141.00,14.10,257.00,0.40,9,273.00,1.40,416,107.00,12.00,253.00,0.60,9,273.00,1.20,477,112.00,13.20,253.00
"2025-04-01 22:15:00",0.90,261.00,9.00,0.02,9,277.00,0.20,673,158.00,12.70,240.00,0.60,9,277.00,1.50,403,121.00,10.30,232.00,0.60,9,277.00,1.00,490,120.00,12.60,239.00
"2025-04-01 22:30:00",0.70,266.00,9.00,0.03,9,273.00,0.20,663,115.00,14.80,271.00,0.50,9,273.00,1.00,405,102.00,11.80,257.00,0.50,9,273.00,0.80,443,83.00,14.30,266.00
"2025-04-01 22:45:00",0.50,278.00,9.00,0.05,9,275.00,0.21,703,120.00,14.80,269.00,0.20,9,275.00,1.30,415,103.00,11.90,263.00,0.40,9,275.00,1.00,469,85.00,14.60,266.00
"2025-04-01 23:00:00",0.80,269.00,9.00,-0.03,9,274.00,0.24,679,125.00,14.30,265.00,0.50,9,274.00,1.40,429,113.00,11.20,240.00,0.60,9,274.00,1.10,452,86.00,14.20,265.00
"2025-04-01 23:15:00",0.30,278.00,9.00,0.00,9,276.00,0.20,646,116.00,14.00,254.00,0.20,9,276.00,1.30,369,102.00,10.60,241.00,0.30,9,276.00,0.80,414,76.00,14.00,255.00
"2025-04-01 23:30:00",0.60,281.00,9.00,0.03,9,273.00,0.26,759,178.00,13.30,249.00,0.30,9,273.00,1.60,422,131.00,10.20,233.00,0.50,9,273.00,1.20,485,130.00,12.50,243.00
"2025-04-01 23:45:00",0.00,115.00,9.00,0.05,9,274.00,0.19,622,110.00,14.50,267.00,0.00,9,274.00,1.20,364,94.00,11.50,264.00,0.00,9,274.00,0.70,453,76.00,15.20,268.00
"2025-04-02 00:00:00",0.30,265.00,9.00,0.02,9,274.00,0.21,639,165.00,12.70,236.00,0.20,9,274.00,1.10,353,114.00,10.10,228.00,0.20,9,274.00,0.80,481,121.00,13.30,241.00
"2025-04-02 00:15:00",0.40,269.00,9.00,0.02,9,277.00,0.21,584,112.00,13.50,250.00,0.20,9,277.00,1.20,341,94.00,10.70,249.00,0.30,9,277.00,0.80,403,78.00,13.60,253.00
"2025-04-02 00:30:00",0.40,274.00,9.00,0.02,9,274.00,0.19,602,106.00,14.70,269.00,0.20,9,274.00,0.90,358,90.00,11.70,260.00,0.30,9,274.00,0.70,408,73.00,14.60,270.00
"2025-04-02 00:45:00",0.40,228.00,9.00,0.04,9,274.00,0.20,643,152.00,13.00,249.00,0.40,9,274.00,1.20,345,112.00,9.90,236.00,0.10,9,274.00,0.80,471,111.00,13.30,248.00
"2025-04-02 01:00:00",0.30,252.00,9.00,0.01,9,275.00,0.18,627,105.00,15.00,275.00,0.20,9,275.00,0.90,341,82.00,12.10,261.00,0.20,9,275.00,0.70,430,77.00,14.60,273.00
"2025-04-02 01:15:00",0.60,277.00,9.00,-0.01,9,276.00,0.21,805,343.00,9.20,157.00,0.30,9,276.00,1.20,605,314.00,7.30,126.00,0.50,9,276.00,0.80,743,376.00,7.80,121.00
"2025-04-02 01:30:00",0.30,288.00,9.00,0.02,9,274.00,0.20,711,240.00,10.40,202.00,0.10,9,274.00,1.00,496,230.00,7.70,150.00,0.30,9,274.00,0.80,585,261.00,8.60,160.00
"2025-04-02 01:45:00",0.80,273.00,9.00,-0.02,9,274.00,0.26,776,274.00,10.30,194.00,0.50,9,274.00,1.60,585,254.00,8.30,153.00,0.70,9,274.00,1.20,648,299.00,8.20,156.00
"2025-04-02 02:00:00",0.50,234.00,9.00,0.03,9,274.00,0.20,708,144.00,14.30,260.00,0.50,9,274.00,1.00,444,113.00,12.10,252.00,0.20,9,274.00,0.80,544,114.00,14.10,261.00
"2025-04-02 02:15:00",1.50,231.00,9.00,0.02,9,277.00,0.22,683,119.00,14.40,252.00,1.50,9,277.00,2.00,433,105.00,11.70,253.00,0.40,9,277.00,0.90,490,88.00,14.20,252.00
"2025-04-02 02:30:00",1.20,249.00,9.00,0.00,9,274.00,0.26,749,133.00,15.00,264.00,1.00,9,274.00,1.50,520,116.00,13.10,267.00,0.60,9,274.00,1.20,552,119.00,13.70,256.00
"2025-04-02 02:45:00",1.20,247.00,9.00,0.02,9,274.00,0.23,776,219.00,12.50,219.00,1.10,9,274.00,1.40,560,205.00,10.50,194.00,0.60,9,274.00,1.10,604,217.00,11.40,189.00
"2025-04-02 03:00:00",1.90,251.00,9.00,0.00,9,275.00,0.28,850,340.00,8.50,180.00,1.60,9,275.00,2.10,670,338.00,6.30,112.00,1.00,9,275.00,1.40,729,391.00,6.10,98.00
"2025-04-02 03:15:00",1.30,257.00,9.00,-0.01,9,277.00,0.24,751,232.00,11.20,226.00,1.00,9,277.00,1.20,543,213.00,9.00,190.00,0.80,9,277.00,1.10,621,240.00,9.50,189.00
"2025-04-02 03:30:00",1.00,265.00,9.00,0.01,9,274.00,0.24,707,169.00,12.80,255.00,0.70,9,274.00,1.10,539,154.00,11.20,233.00,0.70,9,274.00,1.30,598,166.00,12.10,236.00
"2025-04-02 03:45:00",0.60,204.00,9.00,0.06,9,275.00,0.16,824,121.00,16.30,272.00,0.50,9,275.00,0.90,523,100.00,14.10,275.00,-0.10,9,275.00,0.70,562,90.00,15.70,273.00
"2025-04-02 04:00:00",1.00,235.00,9.00,0.01,9,274.00,0.23,765,126.00,15.30,268.00,1.00,9,274.00,1.20,560,109.00,13.90,272.00,0.30,9,274.00,0.80,624,95.00,16.20,270.00
"2025-04-02 04:15:00",1.30,255.00,9.00,0.02,9,276.00,0.21,761,121.00,15.10,257.00,1.00,9,276.00,1.20,467,103.00,12.50,254.00,0.80,9,276.00,0.90,563,88.00,15.20,256.00
"2025-04-02 04:30:00",1.60,240.00,9.00,0.07,9,274.00,0.20,922,138.00,16.10,273.00,1.50,9,274.00,1.50,604,126.00,13.10,271.00,0.60,9,274.00,0.90,621,101.00,15.40,268.00
"2025-04-02 04:45:00",1.40,235.00,9.00,0.05,9,274.00,0.19,902,154.00,15.10,265.00,1.30,9,274.00,1.10,592,146.00,11.90,264.00,0.40,9,274.00,0.80,644,117.00,14.90,266.00
"2025-04-02 05:00:00",0.90,242.00,9.00,0.04,9,273.00,0.20,901,146.00,15.50,269.00,0.90,9,273.00,1.00,583,134.00,12.30,261.00,0.40,9,273.00,0.90,652,107.00,15.30,271.00
"2025-04-02 05:15:00",0.70,251.00,9.00,0.12,9,276.00,0.21,752,139.00,13.90,255.00,0.60,9,276.00,1.30,498,135.00,10.50,240.00,0.40,9,276.00,0.80,610,103.00,14.70,253.00
"2025-04-02 05:30:00",0.60,256.00,9.00,0.02,9,273.00,0.18,795,138.00,15.10,271.00,0.50,9,273.00,0.70,453,128.00,10.90,256.00,0.40,9,273.00,0.50,604,100.00,15.60,267.00
"2025-04-02 05:45:00",0.50,252.00,9.00,-0.01,9,274.00,0.19,843,148.00,14.80,269.00,0.40,9,274.00,0.70,446,130.00,10.50,251.00,0.30,9,274.00,0.70,559,108.00,14.20,268.00
"2025-04-02 06:00:00",1.00,257.00,9.00,0.02,9,273.00,0.16,808,152.00,14.50,265.00,0.80,9,273.00,0.80,537,147.00,11.20,255.00,0.60,9,273.00,0.70,675,115.00,15.30,269.00
"2025-04-02 06:15:00",1.30,252.00,9.00,0.07,9,276.00,0.21,841,152.00,14.20,253.00,1.10,9,276.00,1.10,561,132.00,11.70,243.00,0.70,9,276.00,0.90,627,109.00,14.40,254.00
"2025-04-02 06:30:00",0.80,259.00,9.00,0.08,9,273.00,0.19,870,147.00,15.20,270.00,0.60,9,273.00,1.00,608,138.00,12.30,262.00,0.60,9,273.00,1.00,655,109.00,15.10,271.00
"2025-04-02 06:45:00",0.50,335.00,9.00,0.08,9,273.00,0.20,897,141.00,15.70,273.00,-0.20,9,273.00,1.20,605,136.00,12.40,260.00,0.40,9,273.00,0.70,674,105.00,15.70,272.00
"2025-04-02 07:00:00",0.40,20.00,9.00,0.11,9,274.00,0.25,949,153.00,15.60,272.00,-0.30,9,274.00,1.10,724,144.00,13.70,267.00,0.10,9,274.00,1.00,691,125.00,14.90,266.00
"2025-04-02 07:15:00",0.60,1.00,9.00,0.07,9,275.00,0.21,792,130.00,14.80,251.00,-0.50,9,275.00,1.10,640,113.00,14.10,254.00,0.30,9,275.00,0.80,642,103.00,15.10,252.00
"2025-04-02 07:30:00",0.40,252.00,9.00,0.05,9,274.00,0.21,856,259.00,11.00,210.00,0.30,9,274.00,1.00,633,237.00,9.10,177.00,0.20,9,274.00,1.00,696,261.00,9.50,184.00
"2025-04-02 07:45:00",0.40,264.00,9.00,0.02,9,275.00,0.19,685,121.00,14.80,274.00,0.30,9,275.00,0.70,513,104.00,13.60,272.00,0.30,9,275.00,0.80,536,97.00,14.70,272.00
"2025-04-02 08:00:00",0.30,189.00,9.00,-0.05,9,274.00,0.14,760,120.00,15.80,272.00,0.30,9,274.00,0.60,426,106.00,12.00,256.00,-0.20,9,274.00,0.60,508,90.00,15.10,262.00
"2025-04-02 08:15:00",0.70,114.00,9.00,0.04,9,275.00,0.24,754,138.00,13.90,252.00,-0.20,9,275.00,1.00,732,125.00,14.40,252.00,-0.70,9,275.00,1.00,726,115.00,15.20,253.00
"2025-04-02 08:30:00",0.50,84.00,9.00,0.08,9,275.00,0.22,679,120.00,14.60,272.00,-0.30,9,275.00,0.90,485,100.00,13.40,270.00,-0.30,9,275.00,0.70,543,86.00,15.60,265.00
"2025-04-02 08:45:00",0.10,28.00,9.00,-0.04,9,274.00,0.19,672,191.00,12.50,240.00,-0.10,9,274.00,0.80,418,133.00,10.60,229.00,0.00,9,274.00,1.00,516,130.00,13.60,249.00
"2025-04-02 09:00:00",0.50,82.00,9.00,-0.02,9,274.00,0.24,606,144.00,12.50,246.00,-0.30,9,274.00,1.00,480,116.00,12.00,251.00,-0.30,9,274.00,0.80,491,107.00,13.90,259.00
"2025-04-02 09:15:00",0.50,33.00,9.00,-0.03,9,276.00,0.21,667,219.00,10.40,197.00,-0.50,9,276.00,2.00,447,193.00,8.10,150.00,0.00,9,276.00,0.90,502,201.00,9.40,164.00
"2025-04-02 09:30:00",1.10,253.00,9.00,-0.03,9,274.00,0.22,772,348.00,7.50,147.00,0.90,9,274.00,1.50,596,343.00,5.10,54.00,0.60,9,274.00,0.90,693,399.00,5.20,60.00
"2025-04-02 09:45:00",1.30,249.00,9.00,-0.03,9,274.00,0.24,618,156.00,12.30,242.00,1.10,9,274.00,1.20,449,143.00,10.50,219.00,0.60,9,274.00,0.90,512,143.00,12.40,232.00
"2025-04-02 10:00:00",0.80,258.00,9.00,-0.04,2,274.00,0.23,593,148.00,12.80,244.00,0.60,2,274.00,1.20,403,121.00,10.70,230.00,0.50,2,274.00,0.90,466,106.00,13.90,243.00
"2025-04-02 10:15:00",0.10,295.00,9.00,0.01,9,276.00,0.20,560,139.00,12.20,242.00,0.00,9,276.00,0.80,356,113.00,10.00,210.00,0.10,9,276.00,0.60,439,95.00,13.40,244.00
"2025-04-02 10:30:00",0.10,47.00,9.00,0.03,9,274.00,0.19,567,103.00,14.40,268.00,-0.10,9,274.00,0.80,317,89.00,10.80,233.00,0.00,9,274.00,0.60,422,73.00,15.10,267.00
"2025-04-02 10:45:00",0.10,64.00,9.00,0.02,9,275.00,0.18,546,106.00,13.80,260.00,-0.10,9,275.00,0.80,314,88.00,10.80,244.00,-0.10,9,275.00,0.70,403,74.00,14.60,264.00
"2025-04-02 11:00:00",0.50,231.00,9.00,0.04,9,274.00,0.25,584,122.00,13.60,258.00,0.50,9,274.00,2.00,345,100.00,10.50,229.00,0.10,9,274.00,0.90,401,82.00,13.70,262.00
"2025-04-02 11:15:00",0.20,240.00,9.00,0.09,9,276.00,0.31,561,140.00,11.40,237.00,0.20,9,276.00,2.50,399,141.00,8.60,202.00,0.10,9,276.00,1.40,389,102.00,11.10,244.00
"2025-04-02 11:30:00",0.30,264.00,9.00,0.06,9,274.00,0.23,619,175.00,11.20,238.00,0.20,9,274.00,1.20,419,162.00,8.20,190.00,0.20,9,274.00,1.00,439,139.00,10.60,226.00
"2025-04-02 11:45:00",0.80,229.00,9.00,0.11,2,275.00,0.30,637,134.00,13.30,264.00,0.80,2,275.00,1.90,398,128.00,9.40,227.00,0.10,2,275.00,1.10,420,98.00,12.50,264.00
"2025-04-02 12:00:00",1.70,265.00,9.00,0.22,2,275.00,0.56,603,135.00,12.70,266.00,1.20,2,275.00,3.10,569,132.00,12.00,265.00,1.30,2,275.00,2.90,476,106.00,12.80,272.00
"2025-04-02 12:15:00",0.50,3.00,9.00,0.10,9,278.00,0.33,526,107.00,13.20,252.00,-0.40,9,278.00,1.50,359,83.00,11.90,243.00,0.30,9,278.00,1.70,369,78.00,13.10,250.00
"2025-04-02 12:30:00",0.40,302.00,9.00,0.03,9,276.00,0.21,605,140.00,13.40,247.00,0.00,9,276.00,1.30,389,124.00,10.90,225.00,0.40,9,276.00,1.10,447,129.00,12.50,233.00
"2025-04-02 12:45:00",0.20,311.00,9.00,0.08,9,276.00,0.26,669,176.00,12.90,247.00,0.00,9,276.00,1.20,399,124.00,10.80,232.00,0.20,9,276.00,0.90,463,126.00,12.80,240.00
"2025-04-02 13:00:00",1.20,302.00,9.00,-0.02,2,274.00,0.25,604,156.00,12.20,243.00,0.10,2,274.00,1.30,402,135.00,9.90,217.00,1.20,2,274.00,2.10,428,147.00,10.30,218.00
"2025-04-02 13:15:00",0.60,316.00,9.00,0.06,9,276.00,0.26,518,110.00,13.00,245.00,-0.10,9,276.00,1.10,309,82.00,11.00,234.00,0.60,9,276.00,1.70,377,85.00,12.80,242.00
"2025-04-02 13:30:00",0.90,280.00,9.00,0.09,2,276.00,0.25,610,151.00,12.50,244.00,0.40,2,276.00,2.20,411,138.00,10.20,218.00,0.80,2,276.00,2.10,439,140.00,10.80,228.00
"2025-04-02 13:45:00",1.00,245.00,9.00,-0.02,2,276.00,0.27,602,158.00,12.60,241.00,0.90,2,276.00,1.30,423,142.00,10.60,220.00,0.40,2,276.00,0.90,509,163.00,12.10,215.00
"2025-04-02 14:00:00",0.90,242.00,9.00,0.04,2,274.00,0.30,625,126.00,14.10,261.00,0.80,2,274.00,1.50,465,100.00,13.20,259.00,0.40,2,274.00,1.00,471,92.00,14.90,262.00
"2025-04-02 14:15:00",0.50,301.00,9.00,-0.01,9,276.00,0.26,592,154.00,12.10,227.00,0.10,9,276.00,1.20,380,115.00,10.50,216.00,0.50,9,276.00,1.10,421,114.00,12.00,234.00
"2025-04-02 14:30:00",0.60,327.00,9.00,0.02,2,276.00,0.23,582,124.00,13.20,254.00,-0.20,2,276.00,1.10,338,93.00,11.00,239.00,0.60,2,276.00,1.40,399,84.00,13.40,263.00
"2025-04-02 14:45:00",0.60,273.00,9.00,-0.03,2,276.00,0.23,526,144.00,11.00,232.00,0.40,2,276.00,1.20,322,101.00,9.80,220.00,0.50,2,276.00,1.00,370,97.00,11.50,254.00
"2025-04-02 15:00:00",0.90,261.00,9.00,0.01,2,275.00,0.31,558,167.00,10.20,224.00,0.70,2,275.00,2.30,392,119.00,9.90,224.00,0.60,2,275.00,1.60,384,104.00,11.20,243.00
"2025-04-02 15:15:00",1.00,253.00,9.00,-0.04,2,278.00,0.35,513,158.00,10.10,223.00,0.80,2,278.00,2.70,338,116.00,9.10,210.00,0.60,2,278.00,1.60,345,100.00,10.50,231.00
"2025-04-02 15:30:00",1.10,278.00,9.00,0.04,2,276.00,0.33,530,141.00,11.50,252.00,0.60,2,276.00,2.80,380,116.00,10.10,239.00,1.00,2,276.00,2.40,384,111.00,11.00,249.00
"2025-04-02 15:45:00",0.60,291.00,9.00,0.05,2,276.00,0.26,532,109.00,13.60,265.00,0.20,2,276.00,2.20,310,87.00,10.90,253.00,0.50,2,276.00,1.90,368,83.00,13.00,264.00
"2025-04-02 16:00:00",1.60,241.00,9.00,0.02,2,275.00,0.36,540,116.00,13.20,266.00,1.50,2,275.00,3.00,356,95.00,11.40,259.00,0.60,2,275.00,1.90,424,88.00,13.60,267.00
"2025-04-02 16:15:00",0.70,249.00,9.00,0.00,9,278.00,0.21,495,97.00,13.60,249.00,0.60,9,278.00,1.70,279,74.00,11.10,241.00,0.30,9,278.00,1.00,345,65.00,14.00,249.00
"2025-04-02 16:30:00",0.40,252.00,9.00,0.05,9,276.00,0.21,552,107.00,13.90,270.00,0.40,9,276.00,2.00,339,86.00,11.70,259.00,0.20,9,276.00,1.20,373,76.00,13.70,268.00
"2025-04-02 16:45:00",0.40,323.00,9.00,0.02,9,275.00,0.21,536,109.00,13.70,266.00,-0.10,9,275.00,1.10,322,86.00,11.50,257.00,0.30,9,275.00,1.20,372,89.00,12.70,259.00
"2025-04-02 17:00:00",0.50,296.00,9.00,0.07,9,276.00,0.23,526,105.00,13.70,268.00,0.10,9,276.00,1.40,329,80.00,12.00,262.00,0.50,9,276.00,1.50,408,80.00,14.20,271.00
"2025-04-02 17:15:00",0.10,263.00,9.00,0.08,9,278.00,0.20,490,95.00,13.40,253.00,0.10,9,278.00,1.40,292,79.00,10.70,243.00,0.10,9,278.00,0.80,370,70.00,13.70,251.00
"2025-04-02 17:30:00",0.20,267.00,9.00,0.05,9,274.00,0.17,504,96.00,14.10,266.00,0.10,9,274.00,0.90,285,76.00,11.10,254.00,0.20,9,274.00,0.70,381,68.00,14.60,269.00
"2025-04-02 17:45:00",0.20,328.00,9.00,0.09,9,274.00,0.18,554,95.00,14.80,267.00,-0.10,9,274.00,0.80,305,74.00,11.90,262.00,0.10,9,274.00,0.70,394,67.00,15.00,271.00
"2025-04-02 18:00:00",0.10,235.00,9.00,0.08,9,274.00,0.18,528,94.00,14.40,272.00,0.10,9,274.00,0.80,291,83.00,10.50,249.00,0.00,9,274.00,0.60,362,61.00,15.10,273.00
"2025-04-02 18:15:00",0.30,295.00,9.00,0.07,9,276.00,0.20,508,114.00,12.70,242.00,0.10,9,276.00,0.90,293,98.00,9.30,210.00,0.30,9,276.00,0.60,381,82.00,13.60,241.00
"2025-04-02 18:30:00",0.30,252.00,9.00,0.07,9,274.00,0.17,562,103.00,14.20,270.00,0.20,9,274.00,0.80,307,92.00,10.10,242.00,0.10,9,274.00,0.60,396,67.00,15.10,273.00
"2025-04-02 18:45:00",0.30,228.00,9.00,0.05,9,274.00,0.20,610,159.00,12.50,234.00,0.30,9,274.00,1.00,357,144.00,8.70,173.00,0.10,9,274.00,0.70,460,148.00,11.80,205.00
"2025-04-02 19:00:00",0.60,221.00,9.00,0.03,9,274.00,0.19,618,106.00,14.80,271.00,0.60,9,274.00,1.10,370,94.00,11.70,261.00,0.00,9,274.00,0.60,513,75.00,16.50,270.00
"2025-04-02 19:15:00",0.30,232.00,9.00,0.08,9,276.00,0.20,658,103.00,15.00,254.00,0.30,9,276.00,1.00,347,86.00,11.50,242.00,0.10,9,276.00,0.70,441,69.00,15.20,254.00
"2025-04-02 19:30:00",0.50,219.00,9.00,0.02,9,274.00,0.20,675,108.00,15.50,272.00,0.50,9,274.00,1.00,351,78.00,12.70,269.00,0.00,9,274.00,0.60,503,72.00,16.50,269.00
"2025-04-02 19:45:00",1.10,231.00,9.00,0.09,9,274.00,0.23,838,158.00,14.40,258.00,1.10,9,274.00,1.80,482,112.00,12.60,262.00,0.20,9,274.00,1.10,564,107.00,15.00,264.00
"2025-04-02 20:00:00",1.00,226.00,9.00,0.08,9,274.00,0.20,848,142.00,15.20,268.00,1.00,9,274.00,1.40,429,102.00,12.00,264.00,0.10,9,274.00,0.90,477,87.00,14.60,269.00
"2025-04-02 20:15:00",0.70,233.00,9.00,0.03,9,276.00,0.18,747,108.00,15.60,257.00,0.70,9,276.00,1.30,340,83.00,11.70,248.00,0.20,9,276.00,0.70,438,68.00,15.20,257.00
"2025-04-02 20:30:00",1.20,231.00,9.00,0.01,9,274.00,0.19,750,208.00,12.20,224.00,1.10,9,274.00,1.60,443,193.00,8.50,174.00,0.30,9,274.00,0.80,564,209.00,10.50,179.00
"2025-04-02 20:45:00",1.00,231.00,9.00,0.07,9,273.00,0.19,840,119.00,16.50,271.00,1.00,9,273.00,1.60,455,101.00,12.80,268.00,0.20,9,273.00,0.80,587,83.00,16.60,269.00
"2025-04-02 21:00:00",1.40,236.00,9.00,0.04,9,275.00,0.22,769,120.00,15.70,271.00,1.40,9,275.00,1.60,475,101.00,13.20,271.00,0.40,9,275.00,0.90,536,85.00,15.70,270.00
"2025-04-02 21:15:00",1.20,237.00,9.00,0.03,9,276.00,0.20,721,122.00,14.80,254.00,1.20,9,276.00,1.60,393,102.00,11.20,247.00,0.40,9,276.00,1.00,488,89.00,14.30,251.00
"2025-04-02 21:30:00",1.40,231.00,9.00,0.04,9,274.00,0.21,815,162.00,13.80,266.00,1.40,9,274.00,1.50,460,127.00,11.00,256.00,0.30,9,274.00,0.80,539,108.00,13.90,264.00
"2025-04-02 21:45:00",1.30,246.00,9.00,0.04,9,274.00,0.18,843,128.00,15.90,274.00,1.10,9,274.00,1.30,449,110.00,11.70,266.00,0.60,9,274.00,1.00,529,86.00,15.40,274.00
"2025-04-02 22:00:00",1.40,232.00,9.00,0.07,9,274.00,0.19,876,125.00,16.50,274.00,1.40,9,274.00,1.40,453,118.00,11.20,262.00,0.40,9,274.00,0.90,537,89.00,15.30,272.00
"2025-04-02 22:15:00",1.00,247.00,9.00,0.06,9,276.00,0.16,811,116.00,15.90,254.00,0.90,9,276.00,1.40,405,97.00,11.80,256.00,0.50,9,276.00,0.90,511,85.00,14.80,253.00
"2025-04-02 22:30:00",0.20,154.00,9.00,0.09,9,273.00,0.17,957,130.00,16.80,272.00,0.10,9,273.00,0.80,417,104.00,11.80,265.00,-0.20,9,273.00,0.70,586,90.00,16.10,269.00
"2025-04-02 22:45:00",0.50,258.00,9.00,0.03,9,274.00,0.24,752,233.00,11.20,225.00,0.40,9,274.00,1.20,503,209.00,8.60,176.00,0.30,9,274.00,0.80,618,251.00,9.20,175.00
"2025-04-02 23:00:00",0.60,257.00,9.00,0.05,9,274.00,0.22,910,384.00,7.60,167.00,0.50,9,274.00,1.00,684,351.00,5.90,98.00,0.40,9,274.00,1.20,732,415.00,5.10,65.00
"2025-04-02 23:15:00",0.90,242.00,9.00,-0.01,9,276.00,0.23,698,156.00,13.20,250.00,0.90,9,276.00,1.00,558,142.00,12.40,238.00,0.40,9,276.00,0.80,580,149.00,12.90,234.00
"2025-04-02 23:30:00",0.70,242.00,9.00,0.10,9,274.00,0.18,801,124.00,15.70,270.00,0.60,9,274.00,1.10,574,104.00,14.60,270.00,0.30,9,274.00,1.00,525,94.00,14.70,273.00
"2025-04-02 23:45:00",0.20,51.00,9.00,0.10,9,274.00,0.20,822,138.00,15.00,272.00,-0.20,9,274.00,1.20,529,118.00,12.70,271.00,0.00,9,274.00,1.00,531,96.00,14.40,268.00
"2025-04-03 00:00:00",0.80,83.00,9.00,0.12,9,274.00,0.26,720,129.00,14.50,273.00,-0.60,9,274.00,1.00,569,119.00,13.20,269.00,-0.60,9,274.00,0.60,649,89.00,17.00,272.00
"2025-04-03 00:15:00",0.50,141.00,9.00,0.05,9,276.00,0.21,615,129.00,13.00,251.00,0.10,9,276.00,0.90,458,105.00,12.10,247.00,-0.50,9,276.00,0.70,498,88.00,14.60,251.00
"2025-04-03 00:30:00",1.00,108.00,9.00,0.18,9,275.00,0.25,561,177.00,10.70,238.00,-0.30,9,275.00,0.50,560,132.00,12.90,241.00,-0.90,9,275.00,0.50,544,125.00,13.60,250.00
"2025-04-03 00:45:00",0.80,125.00,9.00,0.10,9,274.00,0.23,493,115.00,12.40,271.00,0.00,9,274.00,0.50,532,100.00,14.20,270.00,-0.80,9,274.00,0.60,444,80.00,14.60,274.00
"2025-04-03 01:00:00",0.40,193.00,9.00,0.02,9,274.00,0.23,499,111.00,12.80,273.00,0.40,9,274.00,0.30,546,94.00,15.00,272.00,-0.20,9,274.00,0.50,472,78.00,15.30,273.00
"2025-04-03 01:15:00",0.20,241.00,9.00,0.06,9,277.00,0.25,439,118.00,10.90,249.00,0.20,9,277.00,0.30,603,101.00,14.90,252.00,0.10,9,277.00,0.50,430,82.00,13.70,254.00
"2025-04-03 01:30:00",0.20,42.00,9.00,0.08,9,274.00,0.20,614,127.00,13.50,270.00,-0.20,9,274.00,0.70,658,110.00,15.30,271.00,0.00,9,274.00,1.00,519,103.00,14.00,260.00
"2025-04-03 01:45:00",0.60,26.00,9.00,0.06,9,274.00,0.16,726,124.00,14.90,271.00,-0.60,9,274.00,0.80,527,106.00,13.40,270.00,0.10,9,274.00,0.70,606,88.00,16.50,274.00
"2025-04-03 02:00:00",0.40,71.00,9.00,0.15,9,275.00,0.26,642,182.00,11.50,241.00,-0.30,9,275.00,0.70,604,134.00,13.10,257.00,-0.20,9,275.00,0.90,577,130.00,13.50,251.00
"2025-04-03 02:15:00",0.60,84.00,9.00,0.14,9,276.00,0.18,584,129.00,12.70,251.00,-0.40,9,276.00,0.70,543,106.00,13.50,251.00,-0.40,9,276.00,0.60,482,93.00,13.70,252.00
"2025-04-03 02:30:00",0.90,94.00,9.00,0.20,9,274.00,0.25,529,113.00,13.20,274.00,-0.50,9,274.00,0.50,410,90.00,12.70,267.00,-0.80,9,274.00,0.60,505,80.00,15.60,273.00
"2025-04-03 02:45:00",1.00,83.00,9.00,0.19,9,274.00,0.14,713,172.00,13.70,238.00,-0.70,9,274.00,0.30,686,128.00,14.70,261.00,-0.70,9,274.00,0.60,648,116.00,16.30,255.00
"2025-04-03 03:00:00",0.50,88.00,9.00,0.07,9,275.00,0.17,601,126.00,13.20,266.00,-0.30,9,275.00,0.30,569,105.00,14.30,268.00,-0.40,9,275.00,0.50,688,86.00,17.60,270.00
"2025-04-03 03:15:00",0.50,234.00,9.00,-0.01,9,276.00,0.21,499,118.00,11.90,253.00,0.50,9,276.00,0.60,480,100.00,13.00,250.00,0.20,9,276.00,0.60,396,81.00,13.10,252.00
"2025-04-03 03:30:00",0.80,229.00,9.00,-0.05,9,274.00,0.15,611,111.00,14.50,271.00,0.80,9,274.00,0.60,450,97.00,13.10,267.00,0.20,9,274.00,0.60,412,79.00,14.10,272.00
"2025-04-03 03:45:00",0.40,209.00,9.00,0.06,9,275.00,0.20,688,119.00,14.60,269.00,0.40,9,275.00,0.60,416,99.00,11.90,255.00,-0.10,9,275.00,0.50,466,80.00,15.00,273.00
"2025-04-03 04:00:00",0.60,186.00,9.00,0.06,9,274.00,0.20,568,108.00,14.20,274.00,0.50,9,274.00,0.40,505,91.00,14.60,270.00,-0.30,9,274.00,0.40,477,70.00,16.40,274.00
"2025-04-03 04:15:00",0.30,234.00,9.00,0.01,9,277.00,0.17,669,175.00,11.80,226.00,0.30,9,277.00,0.40,546,123.00,12.50,226.00,0.10,9,277.00,0.40,608,114.00,14.70,247.00
"2025-04-03 04:30:00",0.40,110.00,9.00,0.16,9,274.00,0.12,824,121.00,16.40,273.00,-0.10,9,274.00,0.30,683,107.00,15.90,273.00,-0.40,9,274.00,0.50,710,84.00,17.90,271.00
"2025-04-03 04:45:00",0.40,124.00,9.00,0.16,9,274.00,0.18,769,133.00,14.90,274.00,0.00,9,274.00,0.60,603,110.00,14.40,274.00,-0.40,9,274.00,0.60,532,85.00,15.60,272.00
"2025-04-03 05:00:00",0.70,274.00,9.00,-0.12,9,273.00,0.14,768,138.00,15.00,269.00,0.40,9,273.00,0.80,407,111.00,11.10,259.00,0.60,9,273.00,0.60,598,100.00,15.60,266.00
"2025-04-03 05:15:00",0.50,275.00,9.00,-0.09,9,275.00,0.11,681,123.00,14.40,253.00,0.30,9,275.00,0.50,411,102.00,11.60,232.00,0.40,9,275.00,0.40,543,93.00,15.00,248.00
"2025-04-03 05:30:00",0.50,242.00,9.00,0.00,9,274.00,0.12,842,158.00,15.20,260.00,0.40,9,274.00,0.90,390,123.00,10.00,225.00,0.20,9,274.00,0.60,505,113.00,13.60,257.00
"2025-04-03 05:45:00",0.50,272.00,9.00,0.02,9,273.00,0.13,682,123.00,14.70,270.00,0.30,9,273.00,0.70,369,110.00,10.40,239.00,0.40,9,273.00,0.50,458,95.00,13.50,265.00
"2025-04-03 06:00:00",0.00,266.00,9.00,0.04,9,273.00,0.13,646,111.00,15.00,270.00,0.00,9,273.00,0.90,350,97.00,10.80,244.00,0.00,9,273.00,0.60,444,79.00,14.60,266.00
"2025-04-03 06:15:00",0.70,252.00,9.00,0.03,9,276.00,0.17,490,108.00,12.50,249.00,0.60,9,276.00,0.80,340,94.00,10.80,246.00,0.40,9,276.00,0.50,419,79.00,13.90,249.00
"2025-04-03 06:30:00",0.50,275.00,9.00,-0.02,9,273.00,0.19,559,119.00,13.40,264.00,0.30,9,273.00,1.00,486,108.00,12.70,257.00,0.40,9,273.00,0.50,553,86.00,15.90,265.00
"2025-04-03 06:45:00",0.10,335.00,9.00,0.04,9,273.00,0.17,617,141.00,13.10,260.00,-0.10,9,273.00,0.70,396,114.00,11.00,250.00,0.10,9,273.00,0.60,469,97.00,14.10,255.00
"2025-04-03 07:00:00",0.10,135.00,9.00,0.06,9,274.00,0.23,596,129.00,13.10,263.00,0.00,9,274.00,0.70,383,99.00,11.50,255.00,-0.10,9,274.00,0.70,430,92.00,13.30,264.00
"2025-04-03 07:15:00",0.60,211.00,9.00,0.04,9,275.00,0.21,525,126.00,12.00,244.00,0.60,9,275.00,0.70,321,95.00,10.20,232.00,-0.10,9,275.00,0.60,413,85.00,13.20,250.00
"2025-04-03 07:30:00",0.10,178.00,9.00,0.09,9,274.00,0.18,607,130.00,13.30,266.00,0.10,9,274.00,0.60,398,101.00,11.60,262.00,-0.10,9,274.00,0.60,466,79.00,15.10,274.00
"2025-04-03 07:45:00",0.50,209.00,9.00,0.04,9,274.00,0.17,632,120.00,14.00,269.00,0.50,9,274.00,0.50,416,103.00,11.70,260.00,-0.10,9,274.00,0.60,487,83.00,15.10,273.00
"2025-04-03 08:00:00",0.20,205.00,9.00,0.10,9,274.00,0.19,595,126.00,13.00,261.00,0.20,9,274.00,0.70,402,106.00,11.30,259.00,-0.10,9,274.00,0.60,492,89.00,14.80,266.00
"2025-04-03 08:15:00",0.30,238.00,9.00,0.05,9,276.00,0.19,643,148.00,12.70,242.00,0.30,9,276.00,0.70,395,116.00,10.40,234.00,0.10,9,276.00,0.60,485,99.00,13.80,245.00
"2025-04-03 08:30:00",0.20,150.00,9.00,0.13,9,275.00,0.23,611,128.00,13.10,269.00,0.10,9,275.00,0.80,442,110.00,11.80,250.00,-0.20,9,275.00,0.70,477,87.00,14.40,271.00
"2025-04-03 08:45:00",0.10,277.00,9.00,0.07,9,274.00,0.22,665,130.00,13.90,267.00,0.00,9,274.00,0.80,413,108.00,11.20,248.00,0.00,9,274.00,0.80,490,87.00,14.70,272.00
"2025-04-03 09:00:00",0.20,55.00,9.00,0.05,9,273.00,0.21,610,130.00,13.10,259.00,-0.10,9,273.00,0.80,397,104.00,11.40,259.00,0.00,9,273.00,0.70,471,92.00,14.20,267.00
"2025-04-03 09:15:00",0.10,187.00,9.00,0.08,9,276.00,0.22,627,145.00,12.60,245.00,0.10,9,276.00,1.00,452,123.00,11.10,236.00,-0.10,9,276.00,1.00,525,103.00,13.90,250.00
"2025-04-03 09:30:00",0.30,86.00,9.00,0.04,9,274.00,0.17,694,154.00,13.20,254.00,-0.20,9,274.00,0.80,539,134.00,12.00,254.00,-0.20,9,274.00,0.70,543,114.00,14.00,252.00
"2025-04-03 09:45:00",0.40,60.00,9.00,-0.08,9,274.00,0.25,698,137.00,13.80,266.00,-0.40,9,274.00,1.10,543,119.00,12.70,265.00,-0.20,9,274.00,0.80,600,104.00,15.10,270.00
"2025-04-03 10:00:00",0.50,100.00,9.00,0.15,2,274.00,0.38,741,138.00,14.10,272.00,-0.30,2,274.00,1.40,572,120.00,13.00,264.00,-0.50,2,274.00,0.70,530,86.00,15.50,270.00
"2025-04-03 10:15:00",0.40,82.00,9.00,-0.01,2,276.00,0.21,574,134.00,12.10,246.00,-0.30,2,276.00,1.00,383,110.00,10.30,218.00,-0.30,2,276.00,0.80,450,88.00,13.60,249.00
"2025-04-03 10:30:00",0.50,66.00,9.00,-0.04,2,275.00,0.19,622,129.00,13.30,263.00,-0.40,2,275.00,0.90,435,107.00,11.70,259.00,-0.20,2,275.00,0.70,488,85.00,14.70,268.00
"2025-04-03 10:45:00",0.40,81.00,9.00,0.03,2,275.00,0.20,535,110.00,13.30,267.00,-0.30,2,275.00,0.70,325,89.00,10.70,247.00,-0.20,2,275.00,0.70,393,71.00,14.50,271.00
"2025-04-03 11:00:00",0.70,82.00,9.00,0.06,2,276.00,0.25,505,133.00,11.60,250.00,-0.50,2,276.00,1.00,337,104.00,9.90,222.00,-0.50,2,276.00,0.80,388,93.00,12.70,255.00
"2025-04-03 11:15:00",0.40,81.00,9.00,0.02,2,278.00,0.20,433,100.00,12.10,252.00,-0.30,2,278.00,1.20,287,81.00,10.50,237.00,-0.20,2,278.00,0.80,319,62.00,13.70,257.00
"2025-04-03 11:30:00",0.50,81.00,9.00,0.03,2,276.00,0.24,490,105.00,12.90,270.00,-0.40,2,276.00,1.20,331,93.00,10.50,243.00,-0.30,2,276.00,0.80,370,67.00,14.50,271.00
"2025-04-03 11:45:00",0.50,114.00,9.00,0.01,2,276.00,0.20,467,105.00,12.50,266.00,-0.10,2,276.00,1.00,320,101.00,9.50,229.00,-0.50,2,276.00,0.80,338,67.00,13.70,270.00
"2025-04-03 12:00:00",0.40,102.00,9.00,0.02,2,276.00,0.22,474,103.00,12.90,260.00,-0.20,2,276.00,1.00,321,94.00,10.10,228.00,-0.30,2,276.00,0.90,332,63.00,14.00,272.00
"2025-04-03 12:15:00",0.70,52.00,9.00,0.08,2,278.00,0.27,562,160.00,11.70,230.00,-0.70,2,278.00,1.30,432,141.00,9.80,205.00,-0.20,2,278.00,1.20,402,112.00,12.20,242.00
"2025-04-03 12:30:00",0.70,61.00,9.00,0.01,2,277.00,0.29,518,106.00,13.40,270.00,-0.60,2,277.00,1.70,402,96.00,11.70,251.00,-0.30,2,277.00,1.30,364,72.00,13.70,270.00
"2025-04-03 12:45:00",0.70,88.00,9.00,0.05,2,276.00,0.26,528,102.00,14.00,270.00,-0.50,2,276.00,1.10,354,88.00,11.40,254.00,-0.50,2,276.00,0.90,367,64.00,14.70,270.00
"2025-04-03 13:00:00",1.00,98.00,9.00,0.07,2,276.00,0.27,513,109.00,13.10,271.00,-0.50,2,276.00,1.20,374,104.00,10.40,246.00,-0.90,2,276.00,1.30,367,74.00,13.70,269.00
"2025-04-03 13:15:00",0.90,97.00,9.00,-0.03,2,279.00,0.19,394,96.00,11.60,251.00,-0.40,2,279.00,1.00,254,89.00,8.60,204.00,-0.70,2,279.00,1.00,301,67.00,12.50,246.00
"2025-04-03 13:30:00",0.80,91.00,9.00,0.01,2,277.00,0.23,510,134.00,12.40,247.00,-0.50,2,277.00,1.00,352,107.00,10.40,228.00,-0.60,2,277.00,1.00,361,89.00,12.70,252.00
"2025-04-03 13:45:00",0.50,96.00,9.00,0.01,2,276.00,0.23,486,124.00,12.00,250.00,-0.30,2,276.00,1.00,349,102.00,10.40,245.00,-0.40,2,276.00,1.00,347,81.00,12.60,263.00
"2025-04-03 14:00:00",0.70,100.00,9.00,0.09,2,277.00,0.33,442,96.00,12.90,271.00,-0.30,2,277.00,1.40,336,91.00,10.90,256.00,-0.60,2,277.00,1.00,338,63.00,14.10,274.00
"2025-04-03 14:15:00",0.80,64.00,9.00,0.01,2,278.00,0.27,458,94.00,12.90,250.00,-0.70,2,278.00,1.50,320,90.00,10.00,227.00,-0.30,2,278.00,1.10,296,62.00,12.60,250.00
"2025-04-03 14:30:00",0.40,79.00,9.00,-0.03,2,277.00,0.20,445,92.00,13.30,268.00,-0.30,2,277.00,1.10,297,91.00,9.90,232.00,-0.30,2,277.00,0.70,299,63.00,13.50,266.00
"2025-04-03 14:45:00",0.30,118.00,9.00,0.02,9,277.00,0.19,448,86.00,13.90,275.00,-0.10,9,277.00,1.00,307,89.00,10.50,248.00,-0.30,9,277.00,0.80,304,58.00,14.20,271.00
"2025-04-03 15:00:00",1.00,357.00,9.00,0.19,2,276.00,0.40,610,143.00,12.90,261.00,-0.80,2,276.00,2.20,497,134.00,11.30,254.00,0.70,2,276.00,2.20,436,111.00,12.80,258.00
"2025-04-03 15:15:00",1.80,36.00,9.00,-0.05,2,279.00,0.32,520,103.00,13.40,254.00,-1.80,2,279.00,2.20,426,104.00,11.30,244.00,0.10,2,279.00,1.40,377,71.00,13.80,253.00
"2025-04-03 15:30:00",1.10,4.00,9.00,-0.03,2,276.00,0.34,534,104.00,14.20,268.00,-0.90,2,276.00,1.70,448,98.00,12.70,264.00,0.60,2,276.00,1.60,406,73.00,14.90,272.00
"2025-04-03 15:45:00",1.40,13.00,9.00,-0.04,2,277.00,0.26,570,95.00,15.20,272.00,-1.30,2,277.00,1.70,472,93.00,13.20,271.00,0.60,2,277.00,1.20,442,73.00,15.50,269.00
"2025-04-03 16:00:00",0.60,350.00,9.00,0.02,9,276.00,0.22,516,88.00,14.90,272.00,-0.40,9,276.00,1.10,341,76.00,12.50,262.00,0.40,9,276.00,1.10,352,64.00,14.60,270.00
"2025-04-03 16:15:00",1.40,283.00,9.00,0.11,2,279.00,0.37,618,155.00,12.40,228.00,0.60,2,279.00,2.40,448,123.00,11.20,228.00,1.30,2,279.00,2.70,461,130.00,11.70,238.00
"2025-04-03 16:30:00",1.80,267.00,9.00,0.13,2,276.00,0.37,674,121.00,14.60,269.00,1.20,2,276.00,2.30,445,102.00,12.50,271.00,1.30,2,276.00,2.20,472,104.00,13.10,268.00
"2025-04-03 16:45:00",0.70,251.00,9.00,0.09,9,277.00,0.25,587,106.00,14.60,272.00,0.60,9,277.00,1.70,397,95.00,12.10,266.00,0.40,9,277.00,1.10,440,84.00,14.30,271.00
"2025-04-03 17:00:00",0.80,276.00,9.00,0.05,9,276.00,0.24,618,105.00,14.80,271.00,0.40,9,276.00,1.60,350,91.00,11.30,264.00,0.60,9,276.00,1.40,416,84.00,13.90,268.00
"2025-04-03 17:15:00",0.60,229.00,9.00,0.05,9,279.00,0.21,584,97.00,14.50,256.00,0.60,9,279.00,1.30,314,91.00,10.40,238.00,0.10,9,279.00,0.70,410,74.00,14.10,253.00
"2025-04-03 17:30:00",0.30,220.00,9.00,0.06,9,276.00,0.18,580,118.00,14.00,265.00,0.30,9,276.00,1.00,319,97.00,10.40,249.00,0.00,9,276.00,0.70,458,91.00,14.60,261.00
"2025-04-03 17:45:00",0.30,202.00,9.00,0.08,2,276.00,0.16,657,131.00,14.10,263.00,0.30,2,276.00,1.10,329,108.00,9.70,227.00,-0.10,2,276.00,0.70,467,99.00,13.80,261.00
"2025-04-03 18:00:00",0.30,206.00,9.00,0.06,9,276.00,0.19,621,103.00,15.00,273.00,0.30,9,276.00,1.00,327,92.00,10.90,253.00,-0.10,9,276.00,0.60,453,76.00,15.30,268.00
"2025-04-03 18:15:00",0.30,226.00,9.00,0.04,9,277.00,0.19,614,110.00,14.00,254.00,0.30,9,277.00,0.90,317,89.00,10.50,239.00,0.00,9,277.00,0.70,415,77.00,13.80,254.00
"2025-04-03 18:30:00",0.50,237.00,9.00,0.03,9,276.00,0.19,714,121.00,15.00,274.00,0.50,9,276.00,1.20,363,97.00,11.30,252.00,0.20,9,276.00,0.70,459,88.00,14.20,268.00
"2025-04-03 18:45:00",0.60,226.00,9.00,0.10,9,276.00,0.21,672,118.00,14.50,273.00,0.60,9,276.00,1.10,365,97.00,11.20,261.00,0.10,9,276.00,0.80,518,88.00,15.00,271.00
"2025-04-03 19:00:00",0.90,250.00,9.00,0.04,9,276.00,0.19,739,143.00,14.30,265.00,0.70,9,276.00,1.20,425,113.00,11.60,260.00,0.50,9,276.00,0.80,534,106.00,14.40,264.00
"2025-04-03 19:15:00",1.70,252.00,9.00,0.03,9,277.00,0.23,747,126.00,14.60,257.00,1.40,9,277.00,1.70,457,108.00,11.80,248.00,1.00,9,277.00,1.00,535,95.00,14.40,253.00
"2025-04-03 19:30:00",1.00,250.00,9.00,0.04,9,274.00,0.21,712,120.00,14.90,270.00,0.80,9,274.00,1.40,404,95.00,12.30,268.00,0.50,9,274.00,0.90,513,86.00,15.10,269.00
"2025-04-03 19:45:00",0.60,259.00,9.00,0.02,9,274.00,0.23,702,123.00,14.70,269.00,0.40,9,274.00,1.60,452,106.00,12.10,265.00,0.40,9,274.00,0.80,497,88.00,14.70,269.00
"2025-04-03 20:00:00",1.00,270.00,9.00,-0.11,9,274.00,0.38,739,138.00,14.40,268.00,0.60,9,274.00,1.60,557,108.00,13.80,273.00,0.80,9,274.00,1.00,581,89.00,16.00,269.00
"2025-04-03 20:15:00",1.20,265.00,9.00,-0.10,9,276.00,0.34,670,143.00,13.10,242.00,0.80,9,276.00,1.70,481,115.00,11.90,239.00,0.90,9,276.00,1.00,509,104.00,13.70,245.00
"2025-04-03 20:30:00",1.40,260.00,9.00,-0.03,9,274.00,0.27,666,123.00,14.30,268.00,1.00,9,274.00,1.20,466,103.00,12.80,267.00,0.90,9,274.00,1.00,496,91.00,14.60,269.00
"2025-04-03 20:45:00",1.80,253.00,9.00,-0.03,9,274.00,0.29,694,122.00,14.80,270.00,1.50,9,274.00,1.60,487,104.00,12.80,270.00,1.00,9,274.00,1.10,500,91.00,14.50,269.00
"2025-04-03 21:00:00",2.70,264.00,9.00,-0.18,9,274.00,0.37,757,139.00,14.50,272.00,1.90,9,274.00,1.50,662,125.00,14.00,270.00,2.00,9,274.00,1.30,561,101.00,14.60,273.00
"2025-04-03 21:15:00",1.90,256.00,9.00,-0.03,9,276.00,0.30,634,113.00,14.10,251.00,1.50,9,276.00,1.90,395,100.00,11.20,244.00,1.20,9,276.00,1.20,434,88.00,13.20,250.00
"2025-04-03 21:30:00",2.20,256.00,9.00,-0.03,9,274.00,0.28,692,125.00,14.50,268.00,1.80,9,274.00,2.00,441,114.00,11.20,258.00,1.40,9,274.00,1.20,475,93.00,13.90,269.00
"2025-04-03 21:45:00",1.80,263.00,9.00,-0.08,9,274.00,0.35,695,151.00,13.40,258.00,1.30,9,274.00,1.50,547,138.00,11.70,254.00,1.30,9,274.00,1.10,502,111.00,13.50,262.00
"2025-04-03 22:00:00",2.20,258.00,9.00,-0.12,9,274.00,0.39,737,143.00,13.80,267.00,1.70,9,274.00,1.70,590,140.00,11.90,264.00,1.40,9,274.00,1.50,543,104.00,14.10,274.00
"2025-04-03 22:15:00",2.00,257.00,9.00,-0.07,9,276.00,0.27,684,131.00,13.60,251.00,1.60,9,276.00,1.70,454,126.00,10.40,242.00,1.30,9,276.00,1.30,458,93.00,13.20,252.00
"2025-04-03 22:30:00",1.50,260.00,9.00,-0.03,9,273.00,0.23,744,125.00,15.00,273.00,1.10,9,273.00,1.40,475,116.00,11.80,264.00,1.00,9,273.00,0.90,461,85.00,14.40,270.00
"2025-04-03 22:45:00",2.00,262.00,9.00,-0.14,9,274.00,0.36,822,148.00,14.60,268.00,1.40,9,274.00,1.90,649,131.00,13.40,272.00,1.40,9,274.00,1.50,606,105.00,14.90,271.00
"2025-04-03 23:00:00",2.10,265.00,9.00,-0.04,9,274.00,0.39,868,165.00,14.30,263.00,1.50,9,274.00,2.30,716,151.00,13.20,268.00,1.60,9,274.00,2.20,644,129.00,14.20,269.00
"2025-04-03 23:15:00",1.70,278.00,9.00,-0.05,9,276.00,0.29,828,143.00,14.30,252.00,0.90,9,276.00,1.70,586,127.00,12.00,244.00,1.50,9,276.00,1.70,560,106.00,13.70,253.00
"2025-04-03 23:30:00",0.90,254.00,9.00,0.08,9,274.00,0.22,975,140.00,16.30,272.00,0.80,9,274.00,1.40,515,127.00,11.60,262.00,0.60,9,274.00,1.10,574,104.00,14.50,268.00
"2025-04-03 23:45:00",0.50,150.00,9.00,0.14,9,274.00,0.27,947,152.00,15.30,269.00,0.20,9,274.00,1.30,639,142.00,12.40,263.00,-0.40,9,274.00,1.00,661,103.00,15.70,271.00
"2025-04-04 00:00:00",0.40,69.00,9.00,0.13,9,274.00,0.16,854,133.00,15.80,273.00,-0.30,9,274.00,0.80,430,117.00,11.00,252.00,-0.20,9,274.00,0.60,512,86.00,15.00,272.00
"2025-04-04 00:15:00",0.50,73.00,9.00,0.15,9,276.00,0.16,837,144.00,14.60,253.00,-0.40,9,276.00,0.70,443,114.00,11.40,238.00,-0.30,9,276.00,0.70,509,101.00,13.80,249.00
"2025-04-04 00:30:00",0.30,124.00,9.00,0.12,9,274.00,0.20,817,141.00,14.70,273.00,0.00,9,274.00,0.80,425,109.00,11.30,254.00,-0.30,9,274.00,0.60,491,92.00,14.20,269.00
"2025-04-04 00:45:00",0.20,47.00,9.00,0.09,9,275.00,0.17,851,128.00,15.90,275.00,-0.20,9,275.00,0.80,337,97.00,10.40,245.00,0.00,9,275.00,0.70,402,79.00,13.80,273.00
"2025-04-04 01:00:00",0.20,21.00,9.00,0.05,9,273.00,0.17,795,131.00,15.20,273.00,-0.20,9,273.00,0.60,366,100.00,10.80,245.00,0.10,9,273.00,0.70,394,81.00,13.30,266.00
"2025-04-04 01:15:00",0.70,83.00,9.00,0.18,9,276.00,0.17,922,137.00,15.60,256.00,-0.50,9,276.00,0.70,354,100.00,10.30,234.00,-0.50,9,276.00,0.70,405,85.00,12.90,245.00
"2025-04-04 01:30:00",0.10,86.00,9.00,0.05,9,274.00,0.18,782,135.00,14.80,273.00,-0.10,9,274.00,0.80,371,104.00,10.60,243.00,-0.10,9,274.00,0.90,455,88.00,13.80,266.00
"2025-04-04 01:45:00",0.20,87.00,9.00,0.04,9,273.00,0.17,917,183.00,14.70,257.00,-0.20,9,273.00,1.60,447,138.00,10.10,227.00,-0.20,9,273.00,1.20,555,135.00,13.30,251.00
"2025-04-04 02:00:00",0.90,120.00,9.00,0.03,9,274.00,0.17,966,137.00,16.40,274.00,-0.10,9,274.00,0.80,638,112.00,14.20,271.00,-0.90,9,274.00,1.20,646,100.00,15.40,274.00
"2025-04-04 02:15:00",0.50,106.00,9.00,0.04,9,275.00,0.18,811,130.00,14.90,255.00,-0.20,9,275.00,0.70,337,96.00,10.30,233.00,-0.40,9,275.00,1.20,435,88.00,13.10,249.00
"2025-04-04 02:30:00",0.10,34.00,9.00,0.05,9,274.00,0.18,783,126.00,15.40,273.00,-0.10,9,274.00,0.80,343,96.00,10.70,257.00,0.00,9,274.00,0.60,420,81.00,13.90,269.00
"2025-04-04 02:45:00",0.40,91.00,9.00,0.08,9,273.00,0.15,911,130.00,16.50,273.00,-0.30,9,273.00,0.70,368,97.00,11.10,252.00,-0.40,9,273.00,0.80,423,83.00,13.80,269.00
"2025-04-04 03:00:00",0.40,70.00,9.00,0.05,9,274.00,0.16,975,190.00,14.80,261.00,-0.40,9,274.00,0.80,448,143.00,9.90,233.00,-0.20,9,274.00,0.80,460,130.00,11.80,228.00
"2025-04-04 03:15:00",0.50,122.00,9.00,0.07,9,275.00,0.15,857,130.00,15.50,254.00,-0.10,9,275.00,0.80,341,94.00,10.60,237.00,-0.50,9,275.00,0.70,391,79.00,13.30,255.00
"2025-04-04 03:30:00",0.20,88.00,9.00,0.03,9,274.00,0.16,871,131.00,15.90,273.00,-0.10,9,274.00,0.80,410,102.00,11.60,264.00,-0.10,9,274.00,0.70,477,85.00,14.60,274.00
"2025-04-04 03:45:00",0.40,62.00,9.00,0.04,9,273.00,0.17,824,139.00,15.10,272.00,-0.40,9,273.00,0.70,388,103.00,11.20,262.00,-0.20,9,273.00,0.60,388,82.00,13.20,269.00
"2025-04-04 04:00:00",0.50,81.00,9.00,0.05,9,274.00,0.15,956,137.00,16.60,273.00,-0.40,9,274.00,0.60,366,111.00,10.00,244.00,-0.30,9,274.00,0.70,377,85.00,12.60,261.00
"2025-04-04 04:15:00",0.70,69.00,9.00,0.09,9,275.00,0.16,770,170.00,12.80,231.00,-0.60,9,275.00,0.80,380,113.00,10.20,232.00,-0.40,9,275.00,0.50,415,110.00,12.20,220.00
"2025-04-04 04:30:00",0.20,256.00,9.00,-0.02,9,274.00,0.12,1084,143.00,17.30,274.00,0.20,9,274.00,0.70,367,118.00,9.50,233.00,0.20,9,274.00,0.40,474,86.00,14.50,271.00
"2025-04-04 04:45:00",0.10,6.00,9.00,0.03,9,273.00,0.15,824,135.00,15.20,272.00,-0.10,9,273.00,0.70,382,112.00,10.40,258.00,0.10,9,273.00,0.60,413,82.00,13.60,272.00
"2025-04-04 05:00:00",0.30,188.00,9.00,0.00,9,273.00,0.12,1015,140.00,16.90,272.00,0.20,9,273.00,0.80,379,105.00,10.80,258.00,-0.10,9,273.00,0.70,394,86.00,12.90,262.00
"2025-04-04 05:15:00",0.40,124.00,9.00,0.03,9,276.00,0.15,754,122.00,14.90,253.00,0.00,9,276.00,0.70,382,98.00,11.20,240.00,-0.40,9,276.00,0.80,384,83.00,12.70,253.00
"2025-04-04 05:30:00",0.60,107.00,9.00,0.08,9,273.00,0.17,794,132.00,15.10,271.00,-0.20,9,273.00,1.00,364,101.00,10.50,240.00,-0.60,9,273.00,1.40,431,96.00,12.70,265.00
"2025-04-04 05:45:00",3.20,134.00,9.00,0.09,9,274.00,0.22,968,186.00,14.50,248.00,0.30,9,274.00,1.20,671,151.00,12.50,244.00,-3.20,2,274.00,2.40,696,181.00,11.70,234.00
"2025-04-04 06:00:00",2.30,131.00,9.00,0.14,9,273.00,0.23,919,156.00,15.00,267.00,0.10,9,273.00,1.00,484,117.00,11.60,250.00,-2.30,9,273.00,2.60,553,127.00,12.10,262.00
"2025-04-04 06:15:00",2.50,123.00,9.00,0.14,9,275.00,0.24,872,150.00,14.40,255.00,-0.20,9,275.00,1.00,500,120.00,11.30,241.00,-2.50,9,275.00,2.90,529,127.00,11.40,244.00
"2025-04-04 06:30:00",3.60,127.00,9.00,0.20,9,274.00,0.26,894,151.00,15.00,273.00,-0.10,9,274.00,1.20,712,138.00,13.50,265.00,-3.60,2,274.00,2.30,687,150.00,12.80,270.00
"2025-04-04 06:45:00",3.70,127.00,9.00,0.14,9,273.00,0.29,854,155.00,14.50,268.00,-0.10,9,273.00,1.60,627,135.00,12.20,250.00,-3.70,2,273.00,3.30,623,147.00,12.10,270.00
"2025-04-04 07:00:00",2.80,131.00,9.00,0.10,9,274.00,0.25,785,173.00,13.20,256.00,0.10,9,274.00,1.20,633,147.00,12.30,247.00,-2.80,2,274.00,2.30,628,155.00,12.20,249.00
"2025-04-04 07:15:00",2.80,122.00,9.00,0.14,9,275.00,0.24,714,135.00,13.60,254.00,-0.30,9,275.00,0.90,568,115.00,12.90,251.00,-2.80,2,275.00,1.70,581,118.00,13.10,253.00
"2025-04-04 07:30:00",3.30,132.00,9.00,0.03,9,273.00,0.30,889,150.00,14.90,270.00,0.20,9,273.00,1.10,757,127.00,14.60,269.00,-3.30,2,273.00,1.90,821,146.00,14.40,271.00
"2025-04-04 07:45:00",2.40,132.00,9.00,-0.02,9,274.00,0.30,957,156.00,14.90,270.00,0.20,9,274.00,0.90,784,129.00,14.20,259.00,-2.40,9,274.00,2.00,895,148.00,14.50,270.00
"2025-04-04 08:00:00",1.50,128.00,9.00,0.02,9,273.00,0.25,627,145.00,12.40,259.00,0.00,9,273.00,1.00,429,128.00,10.10,228.00,-1.50,9,273.00,1.70,494,118.00,12.30,264.00
"2025-04-04 08:15:00",2.10,143.00,9.00,-0.05,9,277.00,0.40,702,164.00,12.20,240.00,0.50,9,277.00,1.60,635,148.00,12.00,238.00,-2.00,2,277.00,2.50,594,139.00,12.40,246.00
"2025-04-04 08:30:00",1.40,145.00,9.00,-0.01,9,274.00,0.38,589,140.00,12.30,264.00,0.40,9,274.00,1.70,528,141.00,11.00,241.00,-1.30,9,274.00,2.30,483,115.00,12.40,262.00
"2025-04-04 08:45:00",2.30,122.00,9.00,0.08,9,274.00,0.42,718,158.00,12.80,266.00,-0.20,9,274.00,1.80,685,151.00,12.30,257.00,-2.30,2,274.00,2.80,617,128.00,13.60,270.00
"2025-04-04 09:00:00",2.30,139.00,9.00,0.04,9,274.00,0.40,736,152.00,13.30,268.00,0.40,9,274.00,2.40,605,136.00,12.20,258.00,-2.30,9,274.00,3.00,601,136.00,12.90,268.00
"2025-04-04 09:15:00",1.50,117.00,9.00,0.03,9,276.00,0.27,554,135.00,11.80,241.00,-0.30,9,276.00,1.50,398,106.00,10.80,235.00,-1.40,9,276.00,2.20,436,114.00,11.40,243.00
"2025-04-04 09:30:00",0.90,130.00,9.00,0.01,9,274.00,0.25,612,130.00,13.10,263.00,0.00,9,274.00,1.10,373,104.00,10.80,245.00,-0.90,9,274.00,1.50,431,102.00,12.40,263.00
"2025-04-04 09:45:00",1.00,163.00,9.00,0.14,9,274.00,0.45,635,160.00,11.90,246.00,0.60,9,274.00,2.40,442,121.00,11.10,255.00,-0.80,9,274.00,1.70,510,125.00,12.50,253.00
"2025-04-04 10:00:00",0.90,148.00,9.00,0.36,2,276.00,0.54,718,155.00,13.10,267.00,0.30,2,276.00,2.30,475,115.00,12.00,264.00,-0.80,2,276.00,2.20,521,110.00,13.50,271.00
"2025-04-04 10:15:00",1.10,138.00,9.00,0.00,2,278.00,0.29,558,126.00,12.30,246.00,0.20,2,278.00,1.70,409,100.00,11.60,238.00,-1.10,2,278.00,1.80,408,94.00,12.10,251.00
"2025-04-04 10:30:00",0.70,134.00,9.00,0.19,2,276.00,0.47,592,147.00,11.90,258.00,0.10,2,276.00,1.80,434,105.00,11.90,261.00,-0.70,2,276.00,1.90,448,96.00,12.90,266.00
"2025-04-04 10:45:00",1.30,140.00,9.00,0.43,2,276.00,0.70,669,152.00,12.60,264.00,0.30,2,276.00,2.50,492,116.00,12.10,267.00,-1.30,2,276.00,2.30,484,97.00,13.70,273.00
"2025-04-04 11:00:00",1.90,97.00,9.00,0.43,2,277.00,0.70,631,152.00,12.10,270.00,-1.00,2,277.00,2.00,419,108.00,11.20,251.00,-1.60,2,277.00,2.20,518,109.00,13.30,270.00
"2025-04-04 11:15:00",1.60,171.00,9.00,0.26,2,279.00,0.59,620,153.00,11.60,251.00,1.10,2,279.00,2.60,450,120.00,10.70,251.00,-1.20,2,279.00,2.30,455,105.00,12.10,251.00
"2025-04-04 11:30:00",1.40,101.00,9.00,0.27,2,276.00,0.59,649,154.00,12.30,264.00,-0.60,2,276.00,1.70,475,117.00,11.50,257.00,-1.30,2,276.00,2.10,442,98.00,12.70,273.00
