"2025-04-01 00:00:00",0.70,107.00,9.00,0.11,9,274.00,0.19,1782,240.00,17.30,272.00,-0.30,9,274.00,0.70,1257,185.00,16.30,271.00,-0.70,9,274.00,0.80,1393,188.00,17.20,271.00
"2025-04-01 00:15:00",0.20,144.00,9.00,0.08,9,277.00,0.19,1771,255.00,16.10,254.00,0.10,9,277.00,0.80,1126,200.00,14.20,257.00,-0.20,9,277.00,0.80,1360,196.00,16.10,254.00
"2025-04-01 00:30:00",0.10,301.00,9.00,0.02,9,274.00,0.15,1851,225.00,18.10,274.00,0.00,9,274.00,0.70,1109,182.00,15.40,274.00,0.10,9,274.00,0.70,1386,179.00,17.70,273.00
"2025-04-01 00:45:00",0.20,193.00,9.00,0.02,9,274.00,0.19,1784,242.00,17.10,274.00,0.20,9,274.00,0.60,1158,183.00,15.70,274.00,-0.10,9,274.00,0.80,1326,177.00,17.20,271.00
"2025-04-01 01:00:00",0.30,139.00,9.00,0.04,9,275.00,0.14,1785,221.00,17.90,272.00,0.10,9,275.00,0.60,1113,188.00,15.10,271.00,-0.30,9,275.00,0.70,1316,169.00,17.50,274.00
"2025-04-01 01:15:00",0.10,26.00,9.00,0.01,9,276.00,0.16,1456,219.00,15.50,254.00,-0.10,9,276.00,0.60,1003,184.00,13.80,256.00,0.00,9,276.00,0.60,1230,162.00,16.50,255.00
"2025-04-01 01:30:00",0.10,60.00,9.00,0.00,9,274.00,0.17,1565,224.00,16.70,272.00,-0.10,9,274.00,0.90,903,191.00,13.20,266.00,0.00,9,274.00,0.50,1369,178.00,17.60,271.00
"2025-04-01 01:45:00",0.30,84.00,9.00,0.02,9,275.00,0.16,1572,214.00,17.00,274.00,-0.20,9,275.00,0.90,940,186.00,13.80,275.00,-0.20,9,275.00,0.70,1253,163.00,17.30,273.00
"2025-04-01 02:00:00",0.70,109.00,9.00,0.09,9,274.00,0.13,1713,211.00,17.90,273.00,-0.20,9,274.00,0.70,896,181.00,13.60,274.00,-0.60,9,274.00,0.40,1403,154.00,18.90,272.00
"2025-04-01 02:15:00",0.30,151.00,9.00,0.02,9,277.00,0.15,1534,214.00,16.30,257.00,0.10,9,277.00,0.70,841,186.00,12.50,255.00,-0.30,9,277.00,0.50,1224,151.00,17.20,257.00
"2025-04-01 02:30:00",0.30,167.00,9.00,-0.08,9,274.00,0.20,1462,236.00,15.60,274.00,0.20,9,274.00,0.70,811,199.00,11.90,271.00,-0.20,9,274.00,0.40,1344,168.00,17.80,273.00
"2025-04-01 02:45:00",0.30,118.00,9.00,-0.03,9,274.00,0.15,1403,243.00,15.00,273.00,0.00,9,274.00,0.70,870,198.00,12.60,273.00,-0.30,9,274.00,0.60,1154,171.00,16.30,273.00
"2025-04-01 03:00:00",0.20,28.00,9.00,0.01,9,275.00,0.17,1562,234.00,16.50,274.00,-0.20,9,275.00,0.40,1130,168.00,16.50,273.00,0.00,9,275.00,0.60,1393,167.00,18.60,274.00
"2025-04-01 03:15:00",0.10,80.00,9.00,0.04,9,276.00,0.18,1536,213.00,16.10,255.00,-0.10,9,276.00,0.50,1076,153.00,15.70,256.00,0.00,9,276.00,0.50,1516,147.00,19.00,256.00
"2025-04-01 03:30:00",0.50,216.00,9.00,-0.05,9,274.00,0.18,1663,215.00,17.40,272.00,0.50,9,274.00,0.60,1042,158.00,16.00,269.00,0.00,9,274.00,0.60,1401,155.00,18.90,272.00
"2025-04-01 03:45:00",0.20,44.00,9.00,0.03,9,275.00,0.15,1901,203.00,19.20,275.00,-0.20,9,275.00,0.60,1022,154.00,16.10,275.00,0.00,9,275.00,0.60,1284,152.00,18.30,275.00
"2025-04-01 04:00:00",0.20,10.00,9.00,0.07,9,274.00,0.13,2412,192.00,21.80,274.00,-0.10,9,274.00,0.60,881,152.00,14.90,274.00,0.10,9,274.00,0.50,1101,144.00,17.40,272.00
"2025-04-01 04:15:00",0.10,240.00,9.00,0.13,9,277.00,0.12,1932,196.00,19.00,256.00,0.10,9,277.00,0.60,840,160.00,13.50,246.00,0.00,9,277.00,0.50,1241,151.00,17.40,257.00
"2025-04-01 04:30:00",0.30,193.00,9.00,0.07,9,273.00,0.14,1844,202.00,19.10,271.00,0.30,9,273.00,0.80,1115,183.00,15.40,272.00,-0.10,9,273.00,0.50,1888,165.00,21.10,272.00
"2025-04-01 04:45:00",0.70,172.00,9.00,-0.09,9,273.00,0.17,1879,250.00,17.30,271.00,0.50,9,273.00,0.40,1812,186.00,19.60,272.00,-0.50,9,273.00,0.80,1376,172.00,17.80,273.00
"2025-04-01 05:00:00",0.50,243.00,9.00,-0.08,9,274.00,0.13,2131,209.00,20.10,274.00,0.50,9,274.00,0.50,1236,154.00,17.80,274.00,0.20,9,274.00,0.80,1456,170.00,18.60,274.00
"2025-04-01 05:15:00",0.40,231.00,9.00,-0.16,9,275.00,0.08,2165,176.00,20.80,250.00,0.40,9,275.00,0.50,1012,152.00,15.80,254.00,0.10,9,275.00,0.70,940,132.00,16.00,254.00
"2025-04-01 05:30:00",0.20,190.00,9.00,-0.11,9,274.00,0.10,1926,184.00,20.30,271.00,0.20,9,274.00,0.40,1155,157.00,17.40,272.00,-0.10,9,274.00,0.50,1388,156.00,19.10,272.00
"2025-04-01 05:45:00",0.40,270.00,9.00,-0.12,9,273.00,0.07,2529,181.00,22.70,272.00,0.20,9,273.00,0.50,1020,141.00,17.00,271.00,0.30,9,273.00,0.40,1407,137.00,19.60,268.00
"2025-04-01 06:00:00",0.50,231.00,9.00,-0.09,9,274.00,0.15,2174,193.00,20.60,273.00,0.50,9,274.00,0.50,1209,154.00,17.50,274.00,0.10,9,274.00,0.50,1296,140.00,19.10,271.00
"2025-04-01 06:15:00",0.30,295.00,9.00,-0.06,9,275.00,0.17,1795,208.00,17.60,256.00,0.10,9,275.00,0.60,1123,157.00,16.10,256.00,0.30,9,275.00,0.40,1529,133.00,19.90,253.00
"2025-04-01 06:30:00",0.20,348.00,9.00,0.02,9,273.00,0.13,1808,212.00,18.40,273.00,-0.10,9,273.00,0.50,1489,159.00,19.10,273.00,0.10,9,273.00,0.40,1770,148.00,21.40,273.00
"2025-04-01 06:45:00",1.00,47.00,9.00,0.09,9,274.00,0.16,1600,262.00,15.90,262.00,-1.00,9,274.00,1.30,931,192.00,13.50,266.00,-0.20,9,274.00,0.50,1711,174.00,19.80,270.00
"2025-04-01 07:00:00",0.10,278.00,9.00,0.00,9,273.00,0.18,1823,253.00,17.60,264.00,0.10,9,273.00,0.70,1239,193.00,16.10,267.00,0.10,9,273.00,0.60,1433,175.00,18.60,261.00
"2025-04-01 07:15:00",0.20,198.00,9.00,0.03,9,276.00,0.16,1605,205.00,16.80,253.00,0.20,9,276.00,0.80,1198,176.00,15.50,256.00,-0.10,9,276.00,0.60,1329,142.00,18.20,256.00
"2025-04-01 07:30:00",0.10,200.00,9.00,0.04,9,274.00,0.20,1719,235.00,17.10,273.00,0.10,9,274.00,0.90,1298,197.00,16.00,274.00,0.00,9,274.00,0.80,1598,163.00,19.60,273.00
"2025-04-01 07:45:00",0.20,322.00,9.00,0.07,9,274.00,0.20,1733,228.00,17.30,274.00,-0.10,9,274.00,1.00,1247,195.00,15.70,269.00,0.20,9,274.00,0.90,1581,181.00,18.60,270.00
"2025-04-01 08:00:00",0.10,138.00,9.00,0.04,9,274.00,0.23,1972,251.00,17.60,274.00,0.00,9,274.00,1.00,1343,206.00,15.80,272.00,-0.10,9,274.00,0.70,1550,177.00,18.70,273.00
"2025-04-01 08:15:00",0.30,281.00,9.00,0.03,9,277.00,0.21,1821,282.00,15.70,248.00,0.10,9,277.00,1.00,1434,232.00,14.90,252.00,0.30,9,277.00,0.90,1756,226.00,17.10,256.00
"2025-04-01 08:30:00",0.30,119.00,9.00,-0.03,9,274.00,0.23,1863,250.00,17.40,269.00,0.00,9,274.00,1.20,1340,205.00,16.10,272.00,-0.30,9,274.00,1.00,1520,178.00,18.60,272.00
"2025-04-01 08:45:00",0.30,324.00,9.00,0.12,9,274.00,0.31,1985,277.00,16.90,270.00,-0.10,9,274.00,1.80,1751,242.00,16.70,274.00,0.30,9,274.00,1.60,1689,248.00,16.80,274.00
"2025-04-01 09:00:00",0.30,31.00,9.00,0.00,9,274.00,0.19,1750,223.00,17.60,274.00,-0.30,9,274.00,0.80,1259,185.00,16.30,273.00,0.00,9,274.00,0.70,1406,162.00,18.70,269.00
"2025-04-01 09:15:00",0.30,48.00,9.00,-0.04,9,277.00,0.20,1571,218.00,16.20,256.00,-0.30,9,277.00,0.90,1113,177.00,15.00,256.00,-0.10,9,277.00,0.60,1356,158.00,17.50,257.00
"2025-04-01 09:30:00",0.70,1.00,9.00,0.03,9,273.00,0.23,1987,284.00,16.90,269.00,-0.60,9,273.00,1.00,1426,222.00,16.00,270.00,0.40,9,273.00,1.20,1645,231.00,17.30,268.00
"2025-04-01 09:45:00",0.70,18.00,9.00,-0.01,9,274.00,0.26,1944,250.00,17.60,274.00,-0.60,9,274.00,1.30,1460,210.00,16.50,270.00,0.20,9,274.00,0.90,1448,188.00,17.60,270.00
"2025-04-01 10:00:00",0.80,18.00,9.00,0.01,2,274.00,0.25,2091,262.00,17.80,269.00,-0.70,2,274.00,1.20,1414,216.00,16.10,270.00,0.30,2,274.00,1.00,1448,190.00,17.60,269.00
"2025-04-01 10:15:00",0.90,311.00,9.00,0.06,2,276.00,0.24,1869,262.00,16.20,251.00,0.00,2,276.00,1.30,1296,212.00,14.90,252.00,0.90,2,276.00,1.80,1292,220.00,14.90,251.00
"2025-04-01 10:30:00",0.40,310.00,9.00,0.02,9,275.00,0.30,1756,255.00,16.70,269.00,0.00,9,275.00,1.80,1273,212.00,15.50,269.00,0.40,9,275.00,1.30,1298,206.00,16.20,270.00
"2025-04-01 10:45:00",0.20,265.00,9.00,0.07,9,276.00,0.23,1840,278.00,16.60,269.00,0.20,9,276.00,1.90,1225,234.00,14.60,267.00,0.20,9,276.00,1.10,1372,221.00,16.10,269.00
"2025-04-01 11:00:00",0.50,254.00,9.00,0.05,9,275.00,0.25,1804,270.00,16.50,269.00,0.40,9,275.00,2.10,1312,234.00,15.00,268.00,0.30,9,275.00,1.20,1330,214.00,16.10,269.00
"2025-04-01 11:15:00",0.90,285.00,9.00,0.02,2,278.00,0.27,1751,264.00,15.60,253.00,0.30,2,278.00,1.80,1359,221.00,15.00,256.00,0.80,2,278.00,1.40,1317,225.00,14.60,255.00
"2025-04-01 11:30:00",1.00,297.00,9.00,-0.02,9,276.00,0.37,1996,282.00,17.00,271.00,0.20,9,276.00,1.80,1517,234.00,16.20,270.00,1.00,9,276.00,1.70,1468,235.00,16.00,272.00
"2025-04-01 11:45:00",1.40,318.00,9.00,0.03,2,276.00,0.36,2083,319.00,16.50,271.00,-0.20,2,276.00,1.80,1456,237.00,15.90,271.00,1.40,2,276.00,2.40,1389,252.00,15.00,275.00
"2025-04-01 12:00:00",1.00,287.00,9.00,0.08,9,276.00,0.35,1874,279.00,16.70,271.00,0.30,9,276.00,1.90,1425,233.00,15.60,271.00,0.90,9,276.00,2.20,1314,240.00,15.10,271.00
"2025-04-01 12:15:00",0.50,308.00,9.00,0.03,9,278.00,0.29,1682,273.00,15.10,252.00,0.00,9,278.00,1.90,1135,217.00,13.80,248.00,0.50,9,278.00,1.40,1162,223.00,14.00,250.00
"2025-04-01 12:30:00",0.40,259.00,9.00,0.02,9,275.00,0.21,1772,252.00,16.90,271.00,0.30,9,275.00,1.60,1184,199.00,15.50,270.00,0.20,9,275.00,1.20,1224,194.00,16.20,270.00
"2025-04-01 12:45:00",0.20,250.00,9.00,0.04,9,276.00,0.22,1689,257.00,16.40,272.00,0.20,9,276.00,1.40,1128,203.00,14.90,268.00,0.10,9,276.00,0.80,1268,216.00,15.60,269.00
"2025-04-01 13:00:00",0.30,200.00,9.00,0.08,9,276.00,0.18,1819,229.00,17.80,270.00,0.30,9,276.00,1.10,1100,183.00,15.70,267.00,-0.10,9,276.00,0.60,1319,180.00,17.30,272.00
"2025-04-01 13:15:00",0.10,291.00,9.00,0.07,9,278.00,0.22,1529,233.00,15.50,253.00,0.00,9,278.00,1.30,1067,186.00,14.60,248.00,0.10,9,278.00,1.00,1152,191.00,15.10,253.00
"2025-04-01 13:30:00",0.30,289.00,9.00,0.06,9,276.00,0.27,1826,291.00,16.10,269.00,0.10,9,276.00,1.90,1211,227.00,14.90,266.00,0.20,9,276.00,1.70,1302,241.00,15.00,270.00
"2025-04-01 13:45:00",0.00,40.00,9.00,0.05,9,275.00,0.18,1690,229.00,17.20,271.00,0.00,9,275.00,1.00,1058,174.00,15.80,270.00,0.00,9,275.00,0.70,1148,173.00,16.40,270.00
"2025-04-01 14:00:00",0.10,287.00,9.00,0.05,9,276.00,0.20,1754,240.00,17.20,271.00,0.00,9,276.00,1.50,1163,193.00,15.70,271.00,0.10,9,276.00,0.90,1351,185.00,17.30,271.00
"2025-04-01 14:15:00",0.20,340.00,9.00,0.05,9,278.00,0.22,1606,232.00,16.00,256.00,-0.10,9,278.00,1.50,1064,192.00,14.20,252.00,0.10,9,278.00,1.00,1210,178.00,16.10,253.00
"2025-04-01 14:30:00",0.40,309.00,9.00,0.09,9,276.00,0.28,1663,257.00,16.30,271.00,0.00,9,276.00,1.90,1198,218.00,14.90,270.00,0.40,9,276.00,1.40,1184,201.00,15.50,270.00
"2025-04-01 14:45:00",0.50,304.00,9.00,-0.01,9,276.00,0.27,1548,260.00,15.60,267.00,0.00,9,276.00,2.30,1109,219.00,14.30,268.00,0.50,9,276.00,1.20,1104,211.00,14.70,263.00
"2025-04-01 15:00:00",1.10,299.00,9.00,0.09,2,276.00,0.45,1774,309.00,15.40,271.00,0.20,2,276.00,2.70,1292,271.00,13.80,273.00,1.10,2,276.00,2.90,1223,264.00,13.50,267.00
"2025-04-01 15:15:00",1.00,288.00,9.00,0.03,2,279.00,0.29,1632,252.00,15.50,253.00,0.30,2,279.00,1.50,1068,196.00,14.10,251.00,0.90,2,279.00,2.10,1107,217.00,13.80,251.00
"2025-04-01 15:30:00",1.00,278.00,9.00,0.00,2,276.00,0.32,1625,271.00,15.60,271.00,0.50,2,276.00,2.90,1113,226.00,14.00,275.00,0.90,2,276.00,2.30,1147,220.00,14.50,270.00
"2025-04-01 15:45:00",0.50,258.00,9.00,0.02,2,277.00,0.23,1610,232.00,16.80,272.00,0.40,2,277.00,1.40,1032,185.00,15.00,271.00,0.30,2,277.00,1.40,1101,201.00,15.10,271.00
"2025-04-01 16:00:00",0.30,227.00,9.00,0.04,2,276.00,0.20,1543,224.00,16.60,272.00,0.30,2,276.00,1.40,969,180.00,14.70,269.00,0.00,2,276.00,0.80,1195,185.00,16.20,270.00
"2025-04-01 16:15:00",0.10,235.00,9.00,0.02,9,277.00,0.19,1424,223.00,15.40,251.00,0.10,9,277.00,1.10,904,180.00,13.50,248.00,0.00,9,277.00,0.70,1069,182.00,15.00,246.00
"2025-04-01 16:30:00",0.10,262.00,9.00,0.03,9,276.00,0.17,1474,209.00,16.80,275.00,0.10,9,276.00,1.00,924,170.00,14.80,270.00,0.10,9,276.00,0.70,1125,176.00,16.10,272.00
"2025-04-01 16:45:00",0.20,250.00,9.00,0.01,2,276.00,0.20,1486,198.00,17.30,275.00,0.20,2,276.00,0.90,893,159.00,14.90,271.00,0.10,2,276.00,0.60,1176,160.00,17.20,272.00
"2025-04-01 17:00:00",0.00,299.00,9.00,0.06,9,276.00,0.18,1485,197.00,17.30,273.00,0.00,9,276.00,0.90,884,159.00,14.90,270.00,0.00,9,276.00,0.70,1192,152.00,17.70,275.00
"2025-04-01 17:15:00",0.00,228.00,9.00,0.07,9,277.00,0.17,1354,197.00,15.90,254.00,0.00,9,277.00,0.90,827,161.00,13.70,250.00,0.00,9,277.00,0.60,1101,165.00,15.70,252.00
"2025-04-01 17:30:00",0.10,297.00,9.00,0.06,9,276.00,0.17,1489,197.00,17.30,274.00,0.00,9,276.00,0.70,911,151.00,15.50,269.00,0.10,9,276.00,0.60,1222,151.00,18.00,274.00
"2025-04-01 17:45:00",0.00,84.00,9.00,0.09,9,276.00,0.18,1467,205.00,17.00,274.00,0.00,9,276.00,0.80,928,156.00,15.40,269.00,0.00,9,276.00,0.60,1289,158.00,18.20,272.00
"2025-04-01 18:00:00",0.00,48.00,9.00,0.09,9,276.00,0.18,1438,196.00,17.10,274.00,0.00,9,276.00,0.60,915,145.00,15.70,273.00,0.00,9,276.00,0.50,1221,143.00,18.30,274.00
"2025-04-01 18:15:00",0.10,114.00,9.00,0.11,9,277.00,0.18,1350,186.00,16.20,257.00,0.00,9,277.00,0.70,858,140.00,14.90,256.00,-0.10,9,277.00,0.60,1188,134.00,17.70,257.00
"2025-04-01 18:30:00",0.10,180.00,9.00,0.09,9,274.00,0.17,1534,223.00,16.80,270.00,0.10,9,274.00,0.70,902,172.00,14.60,263.00,-0.10,9,274.00,0.60,1267,168.00,17.70,271.00
"2025-04-01 18:45:00",0.20,264.00,9.00,0.07,9,274.00,0.18,1410,190.00,17.10,274.00,0.10,9,274.00,0.70,959,147.00,16.00,270.00,0.10,9,274.00,0.60,1211,142.00,18.40,274.00
"2025-04-01 19:00:00",0.30,230.00,9.00,0.07,9,274.00,0.19,1416,191.00,17.00,272.00,0.30,9,274.00,0.70,904,150.00,15.30,269.00,0.10,9,274.00,0.60,1258,141.00,18.80,274.00
"2025-04-01 19:15:00",0.10,286.00,9.00,0.05,9,276.00,0.20,1340,204.00,15.60,255.00,0.00,9,276.00,0.80,833,160.00,13.60,254.00,0.10,9,276.00,0.60,1214,155.00,17.00,252.00
"2025-04-01 19:30:00",0.20,215.00,9.00,0.04,9,274.00,0.17,1512,203.00,17.10,273.00,0.20,9,274.00,0.80,901,160.00,14.70,270.00,0.00,9,274.00,0.60,1295,147.00,18.60,273.00
"2025-04-01 19:45:00",0.10,226.00,9.00,0.03,9,274.00,0.18,1400,191.00,17.00,273.00,0.10,9,274.00,0.80,952,157.00,15.30,270.00,0.00,9,274.00,0.60,1242,138.00,18.80,272.00
"2025-04-01 20:00:00",0.20,196.00,9.00,0.05,9,274.00,0.16,1492,193.00,17.40,271.00,0.20,9,274.00,0.80,903,155.00,15.00,270.00,-0.10,9,274.00,0.50,1329,139.00,19.30,272.00
"2025-04-01 20:15:00",0.20,156.00,9.00,0.03,9,276.00,0.19,1428,192.00,16.20,256.00,0.10,9,276.00,0.70,885,144.00,14.90,254.00,-0.20,9,276.00,0.50,1339,129.00,19.10,256.00
"2025-04-01 20:30:00",0.00,228.00,9.00,0.04,9,274.00,0.17,1437,194.00,17.00,273.00,0.00,9,274.00,0.70,991,152.00,15.90,270.00,0.00,9,274.00,0.60,1255,137.00,18.90,272.00
"2025-04-01 20:45:00",0.20,225.00,9.00,0.04,9,274.00,0.20,1512,256.00,15.90,265.00,0.20,9,274.00,0.70,1008,190.00,14.90,259.00,0.00,9,274.00,0.50,1464,190.00,18.60,266.00
"2025-04-01 21:00:00",0.10,250.00,9.00,0.06,9,273.00,0.17,1475,207.00,16.80,272.00,0.10,9,273.00,0.80,965,170.00,15.00,268.00,0.00,9,273.00,0.70,1257,166.00,17.40,272.00
"2025-04-01 21:15:00",0.30,259.00,9.00,0.06,9,277.00,0.19,1420,208.00,15.70,256.00,0.20,9,277.00,0.90,891,172.00,13.50,254.00,0.20,9,277.00,0.60,1199,177.00,15.50,252.00
"2025-04-01 21:30:00",0.60,257.00,9.00,0.03,9,274.00,0.22,1634,251.00,16.10,271.00,0.50,9,274.00,1.20,1094,212.00,14.30,264.00,0.40,9,274.00,0.80,1390,238.00,15.40,268.00
"2025-04-01 21:45:00",0.90,269.00,9.00,0.03,9,274.00,0.26,1592,247.00,16.10,269.00,0.50,9,274.00,1.40,1134,198.00,15.00,269.00,0.70,9,274.00,1.10,1366,216.00,16.10,269.00
"2025-04-01 22:00:00",0.30,292.00,9.00,0.07,9,273.00,0.21,1656,243.00,16.60,265.00,0.10,9,273.00,1.00,1102,191.00,15.20,264.00,0.30,9,273.00,0.90,1307,208.00,16.10,268.00
"2025-04-01 22:15:00",0.60,260.00,9.00,0.02,9,277.00,0.21,1524,256.00,15.20,249.00,0.50,9,277.00,1.30,1051,195.00,14.30,253.00,0.40,9,277.00,0.70,1206,198.00,15.40,254.00
"2025-04-01 22:30:00",0.30,266.00,9.00,0.06,9,273.00,0.19,1540,215.00,16.80,271.00,0.20,9,273.00,0.90,1039,163.00,15.80,268.00,0.20,9,273.00,0.70,1275,161.00,17.90,271.00
"2025-04-01 22:45:00",0.30,267.00,9.00,0.07,9,275.00,0.21,1591,223.00,16.80,273.00,0.20,9,275.00,1.20,1115,180.00,15.70,270.00,0.20,9,275.00,0.70,1356,162.00,18.20,271.00
"2025-04-01 23:00:00",0.40,273.00,9.00,0.01,9,274.00,0.21,1536,228.00,16.40,271.00,0.20,9,274.00,1.10,1081,179.00,15.40,269.00,0.30,9,274.00,0.80,1305,183.00,17.00,268.00
"2025-04-01 23:15:00",0.40,279.00,9.00,-0.05,9,276.00,0.20,1350,203.00,15.50,254.00,0.20,9,276.00,1.00,955,166.00,14.50,255.00,0.40,9,276.00,0.70,1145,148.00,16.80,256.00
"2025-04-01 23:30:00",0.30,277.00,9.00,0.02,9,273.00,0.21,1545,260.00,15.70,266.00,0.10,9,273.00,1.30,1069,197.00,14.70,265.00,0.20,9,273.00,0.80,1279,197.00,16.50,266.00
"2025-04-01 23:45:00",0.30,289.00,9.00,0.01,9,274.00,0.22,1420,200.00,16.70,273.00,0.10,9,274.00,0.90,973,158.00,15.50,271.00,0.30,9,274.00,0.70,1187,146.00,18.00,272.00
"2025-04-02 00:00:00",0.10,300.00,9.00,0.04,9,274.00,0.17,1477,246.00,15.80,267.00,0.00,9,274.00,0.80,918,170.00,14.70,268.00,0.10,9,274.00,0.60,1198,173.00,17.20,271.00
"2025-04-02 00:15:00",0.20,269.00,9.00,0.03,9,277.00,0.17,1458,198.00,16.30,254.00,0.10,9,277.00,0.80,884,155.00,14.40,252.00,0.20,9,277.00,0.70,1146,150.00,16.80,253.00
"2025-04-02 00:30:00",0.10,286.00,9.00,0.04,9,274.00,0.18,1538,200.00,17.50,273.00,0.10,9,274.00,0.70,937,149.00,15.70,270.00,0.10,9,274.00,0.60,1237,147.00,18.30,271.00
"2025-04-02 00:45:00",0.10,275.00,9.00,0.05,9,274.00,0.18,1624,238.00,16.70,272.00,0.10,9,274.00,0.80,956,174.00,14.70,266.00,0.10,9,274.00,0.70,1277,174.00,17.50,270.00
"2025-04-02 01:00:00",0.20,304.00,9.00,0.01,9,275.00,0.17,1524,198.00,17.30,273.00,0.00,9,275.00,0.90,910,149.00,15.50,274.00,0.20,9,275.00,0.60,1289,147.00,18.60,274.00
"2025-04-02 01:15:00",0.40,306.00,9.00,-0.01,9,276.00,0.21,1575,436.00,12.00,205.00,0.00,9,276.00,2.30,1144,400.00,10.30,176.00,0.40,9,276.00,0.70,1379,462.00,11.00,185.00
"2025-04-02 01:30:00",0.50,311.00,9.00,0.00,9,274.00,0.21,1743,356.00,14.10,266.00,0.00,9,274.00,1.00,1234,328.00,12.00,245.00,0.50,9,274.00,1.10,1429,362.00,12.80,240.00
"2025-04-02 01:45:00",0.80,261.00,9.00,-0.04,9,274.00,0.32,1664,407.00,12.60,245.00,0.60,9,274.00,1.60,1335,402.00,10.90,216.00,0.50,9,274.00,1.30,1500,418.00,11.90,219.00
"2025-04-02 02:00:00",0.50,225.00,9.00,0.00,9,274.00,0.24,1630,258.00,16.10,268.00,0.50,9,274.00,1.10,1127,215.00,14.50,266.00,0.10,9,274.00,0.80,1494,217.00,16.90,266.00
"2025-04-02 02:15:00",0.90,236.00,9.00,-0.01,9,277.00,0.24,1651,247.00,15.60,257.00,0.90,9,277.00,1.50,1138,216.00,13.70,252.00,0.30,9,277.00,0.80,1481,200.00,16.50,252.00
"2025-04-02 02:30:00",1.00,252.00,9.00,-0.04,9,274.00,0.23,1819,268.00,16.70,269.00,0.80,9,274.00,1.40,1303,234.00,14.80,268.00,0.60,9,274.00,1.00,1598,242.00,16.50,271.00
"2025-04-02 02:45:00",1.10,240.00,9.00,-0.01,9,274.00,0.22,1893,344.00,15.20,265.00,1.00,9,274.00,1.30,1426,333.00,13.20,240.00,0.40,9,274.00,1.10,1583,341.00,14.60,243.00
"2025-04-02 03:00:00",1.40,252.00,9.00,-0.04,9,275.00,0.25,2026,474.00,12.70,255.00,1.20,9,275.00,1.60,1573,468.00,10.50,226.00,0.80,9,275.00,1.20,1718,507.00,10.80,233.00
"2025-04-02 03:15:00",1.30,259.00,9.00,-0.06,9,277.00,0.22,1948,353.00,14.70,251.00,1.00,9,277.00,1.10,1445,338.00,12.60,238.00,0.90,9,277.00,0.90,1649,352.00,13.70,239.00
"2025-04-02 03:30:00",1.20,258.00,9.00,-0.03,9,274.00,0.17,2245,302.00,17.20,267.00,0.90,9,274.00,1.30,1568,285.00,14.90,268.00,0.80,9,274.00,1.00,1780,284.00,16.10,266.00
"2025-04-02 03:45:00",1.20,238.00,9.00,-0.07,9,275.00,0.21,2363,272.00,18.50,275.00,1.20,9,275.00,1.20,1526,230.00,16.20,271.00,0.40,9,275.00,0.70,2116,206.00,20.20,273.00
"2025-04-02 04:00:00",1.60,248.00,9.00,-0.08,9,274.00,0.20,2543,301.00,18.30,272.00,1.40,9,274.00,1.10,1635,244.00,16.30,273.00,0.80,9,274.00,0.90,2006,232.00,18.70,274.00
"2025-04-02 04:15:00",1.20,247.00,9.00,0.00,9,276.00,0.19,2147,249.00,17.50,256.00,1.10,9,276.00,1.20,1462,233.00,15.00,256.00,0.60,9,276.00,0.80,1695,191.00,17.80,253.00
"2025-04-02 04:30:00",1.20,246.00,9.00,0.00,9,274.00,0.19,2589,283.00,18.90,274.00,1.00,9,274.00,1.20,1865,268.00,16.80,271.00,0.60,9,274.00,0.90,2094,229.00,19.10,272.00
"2025-04-02 04:45:00",0.30,264.00,9.00,-0.02,9,274.00,0.19,2159,263.00,18.10,272.00,0.20,9,274.00,0.70,1377,216.00,15.90,271.00,0.20,9,274.00,0.60,1626,173.00,19.30,271.00
"2025-04-02 05:00:00",0.10,207.00,9.00,0.01,9,273.00,0.18,1949,251.00,17.50,268.00,0.10,9,273.00,0.80,1491,219.00,16.30,269.00,0.00,9,273.00,0.60,1878,175.00,20.20,273.00
"2025-04-02 05:15:00",0.20,326.00,9.00,0.08,9,276.00,0.19,2160,248.00,17.70,256.00,-0.10,9,276.00,0.80,1476,219.00,15.60,254.00,0.20,9,276.00,0.70,1660,175.00,18.40,253.00
"2025-04-02 05:30:00",0.10,228.00,9.00,0.08,9,273.00,0.12,2560,248.00,20.10,273.00,0.10,9,273.00,0.80,1234,204.00,15.40,272.00,0.00,9,273.00,0.50,1715,171.00,19.60,271.00
"2025-04-02 05:45:00",0.10,140.00,9.00,0.01,9,274.00,0.13,2292,237.00,19.50,274.00,0.00,9,274.00,0.70,1230,202.00,15.40,273.00,-0.10,9,274.00,0.60,1452,169.00,18.40,274.00
"2025-04-02 06:00:00",0.20,245.00,9.00,0.05,9,273.00,0.16,2143,258.00,18.20,273.00,0.20,9,273.00,0.80,1414,221.00,15.90,270.00,0.10,9,273.00,0.60,1660,175.00,19.10,272.00
"2025-04-02 06:15:00",0.30,273.00,9.00,0.02,9,276.00,0.18,2122,250.00,17.50,253.00,0.20,9,276.00,0.80,1511,221.00,15.50,254.00,0.30,9,276.00,0.70,1733,185.00,18.10,256.00
"2025-04-02 06:30:00",0.50,60.00,9.00,0.12,9,273.00,0.13,2327,261.00,18.70,273.00,-0.40,9,273.00,0.70,1485,209.00,16.70,273.00,-0.20,9,273.00,0.60,1715,178.00,19.30,272.00
"2025-04-02 06:45:00",0.40,310.00,9.00,-0.03,9,273.00,0.16,2746,250.00,20.30,272.00,0.00,9,273.00,0.80,1462,200.00,16.90,273.00,0.40,9,273.00,0.60,1682,171.00,19.60,273.00
"2025-04-02 07:00:00",0.20,336.00,9.00,0.00,9,274.00,0.15,2572,253.00,19.80,274.00,-0.10,9,274.00,0.80,1433,213.00,16.30,273.00,0.20,9,274.00,0.60,1697,205.00,18.10,274.00
"2025-04-02 07:15:00",0.20,346.00,9.00,0.07,9,275.00,0.17,2184,240.00,17.90,256.00,-0.20,9,275.00,1.00,1404,198.00,15.90,256.00,0.20,9,275.00,0.90,1671,201.00,17.20,255.00
"2025-04-02 07:30:00",0.40,310.00,9.00,-0.06,9,274.00,0.15,2517,369.00,16.60,273.00,0.00,9,274.00,0.90,1351,325.00,12.30,248.00,0.40,9,274.00,0.60,1748,350.00,14.50,266.00
"2025-04-02 07:45:00",0.60,255.00,9.00,-0.06,9,275.00,0.14,2190,225.00,19.50,273.00,0.40,9,275.00,0.80,1159,195.00,15.20,273.00,0.30,9,275.00,0.70,1585,183.00,18.50,275.00
"2025-04-02 08:00:00",0.80,207.00,9.00,-0.11,9,274.00,0.12,2143,209.00,20.10,274.00,0.70,9,274.00,0.80,906,176.00,14.10,273.00,-0.10,9,274.00,0.60,1659,172.00,19.70,274.00
"2025-04-02 08:15:00",0.80,207.00,9.00,-0.17,9,275.00,0.13,1882,213.00,17.80,256.00,0.80,9,275.00,0.50,983,176.00,14.00,248.00,-0.20,9,275.00,0.50,1637,157.00,19.30,254.00
"2025-04-02 08:30:00",0.20,175.00,9.00,-0.05,9,275.00,0.17,2061,232.00,18.70,275.00,0.20,9,275.00,0.80,1215,173.00,16.60,275.00,-0.10,9,275.00,0.70,1561,166.00,19.10,275.00
"2025-04-02 08:45:00",0.30,134.00,9.00,-0.06,9,274.00,0.15,1853,286.00,17.00,262.00,0.00,9,274.00,0.60,1122,191.00,15.80,259.00,-0.30,9,274.00,0.60,1408,207.00,17.40,263.00
"2025-04-02 09:00:00",0.40,95.00,9.00,-0.01,9,274.00,0.19,1670,233.00,17.10,272.00,-0.20,9,274.00,0.80,1232,182.00,16.50,270.00,-0.40,9,274.00,0.80,1345,180.00,17.60,268.00
"2025-04-02 09:15:00",0.20,13.00,9.00,-0.05,9,276.00,0.21,1648,321.00,14.10,236.00,-0.20,9,276.00,1.10,1104,281.00,12.10,227.00,0.10,9,276.00,0.70,1288,284.00,13.60,224.00
"2025-04-02 09:30:00",0.40,234.00,9.00,-0.04,9,274.00,0.22,1722,448.00,11.90,240.00,0.40,9,274.00,1.10,1185,440.00,8.80,186.00,0.10,9,274.00,0.80,1464,499.00,9.70,202.00
"2025-04-02 09:45:00",0.90,222.00,9.00,0.00,9,274.00,0.24,1796,279.00,16.20,272.00,0.90,9,274.00,1.40,1220,260.00,13.60,260.00,0.10,9,274.00,0.70,1620,247.00,16.70,264.00
"2025-04-02 10:00:00",0.30,221.00,9.00,0.01,2,274.00,0.19,1692,258.00,16.50,264.00,0.30,2,274.00,1.10,1100,201.00,14.90,267.00,0.00,2,274.00,0.80,1404,198.00,17.20,271.00
"2025-04-02 10:15:00",0.30,206.00,9.00,0.01,2,276.00,0.18,1627,231.00,16.40,255.00,0.30,2,276.00,0.70,1041,173.00,15.30,254.00,-0.10,2,276.00,0.60,1269,164.00,17.30,253.00
"2025-04-02 10:30:00",0.20,175.00,9.00,0.01,9,274.00,0.19,1618,209.00,17.50,270.00,0.10,9,274.00,0.60,1019,147.00,16.50,273.00,-0.10,9,274.00,0.60,1328,144.00,19.00,273.00
"2025-04-02 10:45:00",0.00,73.00,9.00,0.00,9,275.00,0.17,1640,209.00,17.60,275.00,0.00,9,275.00,0.70,1014,153.00,16.20,269.00,0.00,9,275.00,0.70,1319,145.00,18.80,274.00
"2025-04-02 11:00:00",0.20,218.00,9.00,0.05,9,274.00,0.21,1753,228.00,17.60,269.00,0.20,9,274.00,1.00,1103,184.00,15.50,270.00,0.00,9,274.00,0.80,1238,178.00,17.00,268.00
"2025-04-02 11:15:00",0.30,338.00,9.00,0.01,9,276.00,0.24,1717,261.00,15.60,251.00,-0.10,9,276.00,1.50,1325,229.00,14.30,253.00,0.20,9,276.00,1.30,1223,195.00,15.30,250.00
"2025-04-02 11:30:00",0.40,236.00,9.00,0.08,9,274.00,0.23,1833,283.00,16.20,269.00,0.40,9,274.00,1.50,1195,234.00,14.10,266.00,0.10,9,274.00,0.90,1272,215.00,15.70,264.00
"2025-04-02 11:45:00",0.10,83.00,9.00,0.09,9,275.00,0.21,1808,234.00,17.60,275.00,-0.10,9,275.00,1.20,1333,205.00,15.90,274.00,-0.10,9,275.00,0.80,1227,168.00,17.10,272.00
"2025-04-02 12:00:00",1.30,244.00,9.00,0.16,2,275.00,0.34,2027,292.00,16.70,270.00,1.20,2,275.00,2.50,1573,276.00,15.10,273.00,0.60,2,275.00,1.80,1474,247.00,15.70,271.00
"2025-04-02 12:15:00",0.90,319.00,9.00,0.05,2,278.00,0.25,1654,229.00,16.40,254.00,-0.20,2,278.00,1.40,1217,194.00,15.20,253.00,0.90,2,278.00,2.00,1220,195.00,15.50,253.00
"2025-04-02 12:30:00",0.40,358.00,9.00,0.06,9,276.00,0.18,1729,253.00,16.80,269.00,-0.30,9,276.00,1.20,1188,224.00,14.90,257.00,0.30,9,276.00,1.10,1254,236.00,15.60,254.00
"2025-04-02 12:45:00",0.20,286.00,9.00,0.08,9,276.00,0.23,1785,278.00,16.60,268.00,0.10,9,276.00,1.20,1197,206.00,15.50,269.00,0.20,9,276.00,1.10,1349,212.00,16.80,269.00
"2025-04-02 13:00:00",1.00,307.00,9.00,-0.02,2,274.00,0.28,1784,287.00,16.00,271.00,0.00,2,274.00,1.50,1274,252.00,14.20,261.00,1.00,2,274.00,1.50,1293,268.00,14.00,261.00
"2025-04-02 13:15:00",0.70,313.00,9.00,0.05,9,276.00,0.23,1707,241.00,16.20,250.00,-0.10,9,276.00,1.20,1146,174.00,15.50,254.00,0.70,9,276.00,1.30,1231,196.00,15.50,251.00
"2025-04-02 13:30:00",0.70,244.00,9.00,0.07,9,276.00,0.22,1717,276.00,15.90,268.00,0.60,9,276.00,1.80,1131,248.00,13.40,258.00,0.30,9,276.00,0.90,1279,258.00,14.20,258.00
"2025-04-02 13:45:00",0.50,250.00,9.00,0.02,9,276.00,0.24,1595,274.00,15.50,271.00,0.50,9,276.00,0.90,1281,243.00,15.10,253.00,0.30,9,276.00,0.90,1393,247.00,15.80,264.00
"2025-04-02 14:00:00",0.40,222.00,9.00,0.10,9,274.00,0.28,2042,262.00,17.70,270.00,0.40,9,274.00,1.30,1382,197.00,17.00,269.00,0.00,9,274.00,0.80,1419,186.00,17.90,268.00
"2025-04-02 14:15:00",0.50,344.00,9.00,0.09,9,276.00,0.27,1805,267.00,16.30,255.00,-0.30,9,276.00,1.00,1280,195.00,15.90,254.00,0.40,9,276.00,1.20,1224,216.00,15.20,248.00
"2025-04-02 14:30:00",0.30,358.00,9.00,0.04,9,276.00,0.18,1782,231.00,17.60,273.00,-0.20,9,276.00,0.90,1139,171.00,16.30,271.00,0.20,9,276.00,1.10,1242,170.00,17.40,271.00
"2025-04-02 14:45:00",0.60,277.00,9.00,0.03,9,276.00,0.21,1727,262.00,16.30,271.00,0.30,9,276.00,1.50,1077,202.00,14.60,266.00,0.50,9,276.00,1.50,1128,208.00,15.00,265.00
"2025-04-02 15:00:00",0.70,323.00,9.00,0.02,9,275.00,0.26,1807,287.00,15.80,268.00,-0.20,9,275.00,1.60,1221,217.00,14.90,268.00,0.70,9,275.00,1.80,1229,222.00,15.10,270.00
"2025-04-02 15:15:00",0.90,268.00,9.00,-0.03,2,278.00,0.29,1562,271.00,14.60,251.00,0.60,2,278.00,1.90,987,207.00,12.90,248.00,0.70,2,278.00,1.70,1074,206.00,13.90,251.00
"2025-04-02 15:30:00",0.50,288.00,9.00,0.03,9,276.00,0.23,1591,268.00,15.60,267.00,0.20,9,276.00,1.60,1050,217.00,13.80,267.00,0.50,9,276.00,1.60,1163,217.00,14.80,268.00
"2025-04-02 15:45:00",0.50,315.00,9.00,0.02,9,276.00,0.21,1609,223.00,17.10,271.00,-0.10,9,276.00,1.60,996,181.00,14.90,270.00,0.50,9,276.00,1.60,1147,184.00,16.10,270.00
"2025-04-02 16:00:00",1.00,236.00,9.00,0.05,2,275.00,0.25,1673,254.00,16.40,271.00,0.90,2,275.00,2.50,1089,217.00,14.20,267.00,0.30,2,275.00,1.60,1195,196.00,16.00,270.00
"2025-04-02 16:15:00",0.40,222.00,9.00,0.03,9,278.00,0.23,1529,210.00,16.50,253.00,0.40,9,278.00,1.50,933,167.00,14.30,252.00,0.00,9,278.00,0.80,1055,151.00,16.10,252.00
"2025-04-02 16:30:00",0.30,248.00,9.00,0.05,9,276.00,0.21,1576,219.00,17.10,271.00,0.30,9,276.00,1.40,1039,180.00,15.20,270.00,0.20,9,276.00,1.00,1155,166.00,16.80,271.00
"2025-04-02 16:45:00",0.30,328.00,9.00,0.02,9,275.00,0.19,1466,206.00,16.90,270.00,-0.10,9,275.00,1.00,934,164.00,15.20,265.00,0.30,9,275.00,0.90,1122,175.00,16.40,269.00
"2025-04-02 17:00:00",0.10,252.00,9.00,0.08,9,276.00,0.21,1556,215.00,17.00,273.00,0.10,9,276.00,1.60,976,167.00,15.30,271.00,0.10,9,276.00,1.00,1200,167.00,17.30,271.00
"2025-04-02 17:15:00",0.10,329.00,9.00,0.06,9,278.00,0.19,1426,183.00,16.80,256.00,0.00,9,278.00,1.00,854,139.00,14.80,254.00,0.10,9,278.00,0.80,1015,139.00,16.40,255.00
"2025-04-02 17:30:00",0.20,73.00,9.00,0.09,9,274.00,0.19,1272,181.00,16.70,271.00,-0.20,9,274.00,0.70,841,135.00,15.80,270.00,-0.10,9,274.00,0.60,1031,129.00,17.90,272.00
"2025-04-02 17:45:00",0.20,45.00,9.00,0.09,9,274.00,0.17,1281,180.00,16.70,269.00,-0.20,9,274.00,0.70,841,133.00,15.80,268.00,0.00,9,274.00,0.70,1039,128.00,17.90,273.00
"2025-04-02 18:00:00",0.20,218.00,9.00,0.04,9,274.00,0.17,1344,176.00,17.30,272.00,0.20,9,274.00,0.70,839,135.00,15.60,272.00,0.00,9,274.00,0.60,1006,122.00,18.10,273.00
"2025-04-02 18:15:00",0.10,315.00,9.00,0.06,9,276.00,0.20,1239,193.00,15.50,252.00,0.00,9,276.00,0.70,819,147.00,14.40,247.00,0.10,9,276.00,0.70,958,133.00,16.60,253.00
"2025-04-02 18:30:00",0.20,254.00,9.00,0.05,9,274.00,0.18,1397,186.00,17.20,274.00,0.10,9,274.00,0.60,845,144.00,15.00,270.00,0.10,9,274.00,0.60,1076,133.00,17.90,272.00
"2025-04-02 18:45:00",0.20,237.00,9.00,0.03,9,274.00,0.17,1477,253.00,15.50,266.00,0.20,9,274.00,0.70,923,219.00,13.10,245.00,0.10,9,274.00,0.70,1169,228.00,15.00,257.00
"2025-04-02 19:00:00",0.50,263.00,9.00,0.04,9,274.00,0.20,1593,212.00,17.20,269.00,0.40,9,274.00,0.90,1186,172.00,16.40,272.00,0.40,9,274.00,0.80,1353,175.00,17.80,269.00
"2025-04-02 19:15:00",0.60,252.00,9.00,0.02,9,276.00,0.19,1528,197.00,16.70,257.00,0.50,9,276.00,0.90,957,158.00,14.80,254.00,0.30,9,276.00,0.70,1154,145.00,16.90,253.00
"2025-04-02 19:30:00",0.30,220.00,9.00,0.05,9,274.00,0.17,1578,196.00,17.90,273.00,0.30,9,274.00,0.80,1011,148.00,16.40,273.00,0.00,9,274.00,0.70,1223,143.00,18.20,271.00
"2025-04-02 19:45:00",1.00,252.00,9.00,0.02,9,274.00,0.21,1868,253.00,17.20,271.00,0.90,9,274.00,1.30,1467,222.00,16.20,269.00,0.60,9,274.00,0.90,1548,203.00,17.70,272.00
"2025-04-02 20:00:00",1.10,250.00,9.00,0.02,9,274.00,0.23,1848,258.00,16.90,273.00,1.00,9,274.00,1.30,1395,228.00,15.60,269.00,0.60,9,274.00,1.10,1443,196.00,17.20,273.00
"2025-04-02 20:15:00",0.70,254.00,9.00,-0.04,9,276.00,0.17,1463,203.00,16.10,255.00,0.60,9,276.00,1.00,930,170.00,14.10,252.00,0.40,9,276.00,0.70,1153,141.00,17.10,257.00
"2025-04-02 20:30:00",0.60,235.00,9.00,-0.01,9,274.00,0.21,1599,298.00,14.90,267.00,0.60,9,274.00,1.00,1181,284.00,12.70,244.00,0.20,9,274.00,0.80,1319,284.00,14.20,252.00
"2025-04-02 20:45:00",1.10,247.00,9.00,-0.02,9,273.00,0.21,1956,239.00,17.90,273.00,0.90,9,273.00,1.40,1297,227.00,15.00,270.00,0.50,9,273.00,0.90,1436,188.00,17.50,270.00
"2025-04-02 21:00:00",0.90,249.00,9.00,0.02,9,275.00,0.21,1847,231.00,17.70,275.00,0.80,9,275.00,1.30,1226,206.00,15.40,273.00,0.50,9,275.00,1.00,1367,184.00,17.30,270.00
"2025-04-02 21:15:00",0.80,229.00,9.00,0.02,9,276.00,0.20,1610,220.00,16.40,255.00,0.80,9,276.00,1.30,1083,195.00,14.20,253.00,0.10,9,276.00,0.80,1229,164.00,16.60,251.00
"2025-04-02 21:30:00",0.70,228.00,9.00,0.01,9,274.00,0.20,1765,251.00,16.80,272.00,0.70,9,274.00,1.00,1264,211.00,15.30,269.00,0.10,9,274.00,0.80,1484,183.00,18.00,268.00
"2025-04-02 21:45:00",1.50,241.00,9.00,-0.04,9,274.00,0.21,2077,251.00,18.00,272.00,1.40,9,274.00,1.30,1417,218.00,15.80,274.00,0.60,9,274.00,0.80,1480,185.00,17.80,274.00
"2025-04-02 22:00:00",1.10,247.00,9.00,0.03,9,274.00,0.22,1959,242.00,17.90,273.00,1.00,9,274.00,1.10,1450,209.00,16.50,273.00,0.50,9,274.00,1.00,1511,190.00,17.80,272.00
"2025-04-02 22:15:00",0.90,258.00,9.00,0.02,9,276.00,0.18,1733,225.00,16.60,254.00,0.70,9,276.00,0.90,1236,173.00,15.90,256.00,0.60,9,276.00,0.80,1433,177.00,17.20,253.00
"2025-04-02 22:30:00",0.00,306.00,9.00,0.03,9,273.00,0.17,1827,227.00,17.90,273.00,0.00,9,273.00,0.70,1334,178.00,17.20,272.00,0.00,9,273.00,0.70,1572,169.00,19.10,273.00
"2025-04-02 22:45:00",0.70,274.00,9.00,-0.03,9,274.00,0.21,1759,337.00,14.70,264.00,0.40,9,274.00,1.00,1247,307.00,12.80,252.00,0.50,9,274.00,0.90,1455,335.00,13.60,245.00
"2025-04-02 23:00:00",1.10,246.00,9.00,-0.06,9,274.00,0.20,1945,489.00,12.00,255.00,1.00,9,274.00,1.00,1345,467.00,9.00,211.00,0.50,9,274.00,0.90,1649,515.00,10.20,230.00
"2025-04-02 23:15:00",1.20,241.00,9.00,-0.07,9,276.00,0.17,2120,282.00,16.80,255.00,1.10,9,276.00,1.10,1411,256.00,14.40,252.00,0.40,9,276.00,0.90,1777,257.00,16.40,252.00
"2025-04-02 23:30:00",1.40,239.00,9.00,0.01,9,274.00,0.19,2205,279.00,17.70,272.00,1.30,9,274.00,1.30,1754,255.00,16.60,272.00,0.50,9,274.00,0.90,1984,227.00,18.70,273.00
"2025-04-02 23:45:00",0.00,242.00,9.00,0.02,9,274.00,0.20,1961,243.00,17.70,273.00,0.00,9,274.00,0.80,1217,189.00,15.90,271.00,0.00,9,274.00,0.80,1498,176.00,18.30,271.00
"2025-04-03 00:00:00",0.20,277.00,9.00,-0.09,9,274.00,0.17,2319,254.00,19.00,271.00,0.10,9,274.00,1.00,1533,220.00,16.40,272.00,0.20,9,274.00,0.70,1787,211.00,18.30,272.00
"2025-04-03 00:15:00",0.30,200.00,9.00,-0.09,9,276.00,0.16,1635,249.00,15.40,255.00,0.30,9,276.00,0.60,1206,190.00,15.00,255.00,-0.10,9,276.00,0.50,1483,159.00,18.30,256.00
"2025-04-03 00:30:00",0.30,204.00,9.00,-0.07,9,275.00,0.10,1966,275.00,17.20,271.00,0.30,9,275.00,0.80,1103,225.00,13.60,269.00,-0.10,9,275.00,0.30,2025,181.00,21.60,271.00
"2025-04-03 00:45:00",0.20,190.00,9.00,-0.08,9,274.00,0.11,1658,251.00,16.20,273.00,0.20,9,274.00,0.40,1366,194.00,16.80,274.00,-0.10,9,274.00,0.20,2176,149.00,23.20,274.00
"2025-04-03 01:00:00",0.30,212.00,9.00,-0.05,9,274.00,0.11,1708,237.00,17.10,273.00,0.30,9,274.00,0.40,1352,201.00,16.30,273.00,0.00,9,274.00,0.20,2085,136.00,23.50,274.00
"2025-04-03 01:15:00",0.10,247.00,9.00,-0.08,9,277.00,0.11,1462,238.00,14.90,256.00,0.10,9,277.00,0.50,1278,213.00,14.70,253.00,0.10,9,277.00,0.20,2259,126.00,23.70,257.00
"2025-04-03 01:30:00",0.10,92.00,9.00,-0.03,9,274.00,0.15,1803,248.00,16.90,273.00,-0.10,9,274.00,0.60,1385,213.00,15.90,270.00,-0.10,9,274.00,0.20,2120,162.00,22.40,271.00
"2025-04-03 01:45:00",0.00,67.00,9.00,-0.02,9,274.00,0.16,1828,232.00,17.60,273.00,0.00,9,274.00,0.60,1300,191.00,16.50,274.00,0.00,9,274.00,0.50,1730,166.00,20.10,272.00
"2025-04-03 02:00:00",0.30,3.00,9.00,0.03,9,275.00,0.17,2009,283.00,16.90,274.00,-0.20,9,275.00,0.60,1438,218.00,16.40,272.00,0.20,9,275.00,0.60,1718,203.00,18.60,271.00
"2025-04-03 02:15:00",0.10,272.00,9.00,-0.06,9,276.00,0.14,1679,244.00,15.90,255.00,0.10,9,276.00,0.70,1242,211.00,14.70,255.00,0.10,9,276.00,0.50,1650,168.00,18.80,256.00
"2025-04-03 02:30:00",0.50,146.00,9.00,0.00,9,274.00,0.14,1583,248.00,16.00,270.00,0.10,9,274.00,0.40,1529,185.00,18.10,269.00,-0.50,9,274.00,0.30,1956,157.00,21.60,273.00
"2025-04-03 02:45:00",1.10,275.00,9.00,-0.19,9,274.00,0.11,2495,302.00,18.70,271.00,0.60,9,274.00,0.40,1490,192.00,17.80,273.00,0.90,9,274.00,0.50,1674,209.00,17.80,273.00
"2025-04-03 03:00:00",1.00,261.00,9.00,-0.17,9,275.00,0.12,2233,260.00,18.60,275.00,0.80,9,275.00,0.30,1521,173.00,18.60,274.00,0.70,9,275.00,0.20,2340,182.00,22.00,273.00
"2025-04-03 03:15:00",0.20,227.00,9.00,-0.06,9,276.00,0.12,1700,202.00,17.50,257.00,0.20,9,276.00,0.40,1239,193.00,15.40,252.00,0.00,9,276.00,0.20,2109,148.00,21.90,257.00
"2025-04-03 03:30:00",0.10,24.00,9.00,0.02,9,274.00,0.10,1964,239.00,18.20,274.00,-0.10,9,274.00,0.30,1414,179.00,17.80,273.00,0.00,9,274.00,0.20,2309,141.00,24.00,274.00
"2025-04-03 03:45:00",0.10,226.00,9.00,0.00,9,275.00,0.10,1770,254.00,16.70,274.00,0.10,9,275.00,0.30,1346,184.00,17.30,274.00,0.00,9,275.00,0.30,2008,143.00,22.80,275.00
"2025-04-03 04:00:00",0.20,76.00,9.00,0.03,9,274.00,0.10,1740,216.00,17.90,274.00,-0.10,9,274.00,0.40,1409,189.00,17.20,272.00,-0.10,9,274.00,0.20,2214,135.00,24.20,274.00
"2025-04-03 04:15:00",0.30,271.00,9.00,-0.04,9,277.00,0.11,2393,271.00,18.00,255.00,0.20,9,277.00,0.50,1126,187.00,14.80,253.00,0.30,9,277.00,0.40,1822,181.00,18.90,253.00
"2025-04-03 04:30:00",0.60,342.00,9.00,-0.03,9,274.00,0.12,2509,245.00,20.20,274.00,-0.30,9,274.00,0.60,1224,162.00,17.10,272.00,0.50,9,274.00,0.40,1580,160.00,19.80,274.00
"2025-04-03 04:45:00",0.60,39.00,9.00,0.01,9,274.00,0.13,2748,234.00,21.30,274.00,-0.60,9,274.00,0.60,1289,181.00,16.70,274.00,0.00,9,274.00,0.50,1287,164.00,17.50,273.00
"2025-04-03 05:00:00",0.10,199.00,9.00,0.05,9,273.00,0.07,2870,230.00,22.10,272.00,0.10,9,273.00,0.40,1214,183.00,16.30,269.00,0.00,9,273.00,0.30,2056,164.00,21.90,273.00
"2025-04-03 05:15:00",0.10,166.00,9.00,0.11,9,275.00,0.07,2284,198.00,20.30,256.00,0.00,9,275.00,0.50,1006,154.00,15.50,256.00,0.00,9,275.00,0.20,2198,144.00,22.50,256.00
"2025-04-03 05:30:00",0.00,16.00,9.00,0.09,9,274.00,0.12,2288,237.00,20.00,271.00,0.00,9,274.00,0.60,1034,192.00,14.80,267.00,0.00,9,274.00,0.30,2226,160.00,23.20,274.00
"2025-04-03 05:45:00",0.50,31.00,9.00,0.09,9,273.00,0.12,1885,221.00,18.50,273.00,-0.50,9,273.00,0.70,978,176.00,14.80,273.00,0.10,9,273.00,0.30,1632,155.00,20.40,273.00
"2025-04-03 06:00:00",0.50,57.00,9.00,0.07,9,273.00,0.14,1492,174.00,18.50,273.00,-0.50,9,273.00,0.50,1129,171.00,16.30,271.00,-0.20,9,273.00,0.30,1749,143.00,21.60,273.00
"2025-04-03 06:15:00",0.10,182.00,9.00,0.05,9,276.00,0.14,1922,210.00,18.30,256.00,0.10,9,276.00,0.80,884,163.00,13.90,256.00,0.00,9,276.00,0.40,1862,133.00,21.60,256.00
"2025-04-03 06:30:00",0.40,30.00,9.00,0.02,9,273.00,0.16,1464,201.00,17.00,273.00,-0.40,9,273.00,0.50,1341,200.00,16.30,268.00,0.10,9,273.00,0.40,1906,138.00,22.80,273.00
"2025-04-03 06:45:00",0.10,28.00,9.00,0.05,9,273.00,0.15,1567,227.00,16.70,271.00,-0.10,9,273.00,0.60,1166,192.00,15.50,268.00,0.00,9,273.00,0.50,1783,165.00,20.50,270.00
"2025-04-03 07:00:00",0.20,297.00,9.00,-0.04,9,274.00,0.13,1635,249.00,16.20,273.00,0.00,9,274.00,0.50,1145,174.00,16.10,274.00,0.20,9,274.00,0.50,1409,152.00,19.10,272.00
"2025-04-03 07:15:00",0.70,57.00,9.00,-0.03,9,275.00,0.16,1259,204.00,14.90,252.00,-0.70,9,275.00,0.50,1011,193.00,13.70,256.00,-0.20,9,275.00,0.30,1502,136.00,19.80,256.00
"2025-04-03 07:30:00",0.20,6.00,9.00,-0.03,9,274.00,0.16,1813,233.00,17.60,270.00,-0.20,9,274.00,0.60,1013,188.00,14.40,273.00,0.10,9,274.00,0.60,1493,143.00,20.10,273.00
"2025-04-03 07:45:00",0.50,15.00,9.00,-0.06,9,274.00,0.15,1748,219.00,17.60,272.00,-0.50,9,274.00,0.90,979,196.00,13.70,271.00,0.20,9,274.00,0.60,1598,149.00,20.30,273.00
"2025-04-03 08:00:00",0.40,19.00,9.00,0.01,9,274.00,0.15,1846,225.00,18.00,274.00,-0.40,9,274.00,0.80,1031,191.00,14.50,272.00,0.10,9,274.00,0.60,1373,152.00,19.00,274.00
"2025-04-03 08:15:00",0.30,230.00,9.00,-0.02,9,276.00,0.16,1648,238.00,16.00,254.00,0.30,9,276.00,0.90,990,198.00,13.30,253.00,0.10,9,276.00,0.60,1297,161.00,17.30,252.00
"2025-04-03 08:30:00",0.70,238.00,9.00,-0.01,9,275.00,0.20,1702,225.00,17.30,274.00,0.70,9,275.00,1.10,1145,197.00,15.00,270.00,0.20,9,275.00,0.70,1453,161.00,18.90,270.00
"2025-04-03 08:45:00",0.10,242.00,9.00,0.04,9,274.00,0.17,1786,230.00,17.50,273.00,0.10,9,274.00,1.00,1094,178.00,15.40,274.00,0.00,9,274.00,0.70,1400,153.00,18.80,273.00
"2025-04-03 09:00:00",0.30,230.00,9.00,-0.04,9,273.00,0.19,1746,228.00,17.50,273.00,0.30,9,273.00,0.80,1019,176.00,14.90,271.00,0.10,9,273.00,0.70,1408,150.00,19.10,273.00
"2025-04-03 09:15:00",0.30,243.00,9.00,0.00,9,276.00,0.21,1619,255.00,15.40,253.00,0.30,9,276.00,0.70,1096,179.00,14.90,254.00,0.10,9,276.00,0.60,1422,167.00,17.60,254.00
"2025-04-03 09:30:00",0.20,60.00,9.00,-0.03,9,274.00,0.19,1800,261.00,16.90,269.00,-0.20,9,274.00,0.70,1214,204.00,15.70,268.00,-0.10,9,274.00,0.60,1719,193.00,19.00,270.00
"2025-04-03 09:45:00",0.60,82.00,9.00,-0.02,9,274.00,0.17,1892,242.00,17.60,271.00,-0.40,9,274.00,0.90,1250,183.00,16.40,272.00,-0.40,9,274.00,0.70,1470,179.00,18.00,273.00
"2025-04-03 10:00:00",0.50,103.00,9.00,0.15,2,274.00,0.31,2221,294.00,17.70,269.00,-0.20,2,274.00,1.40,1880,227.00,17.90,274.00,-0.50,2,274.00,0.80,1542,188.00,18.10,272.00
"2025-04-03 10:15:00",0.50,76.00,9.00,0.02,2,276.00,0.19,1760,223.00,16.90,254.00,-0.40,2,276.00,1.00,1207,185.00,15.20,253.00,-0.30,2,276.00,0.70,1254,155.00,17.10,256.00
"2025-04-03 10:30:00",1.20,63.00,9.00,0.00,2,275.00,0.20,1847,231.00,17.80,273.00,-1.00,2,275.00,1.10,1330,196.00,16.20,272.00,-0.50,2,275.00,0.70,1347,164.00,18.00,274.00
"2025-04-03 10:45:00",0.60,81.00,9.00,0.04,2,275.00,0.21,1757,213.00,18.20,272.00,-0.50,2,275.00,1.00,1077,155.00,16.40,274.00,-0.40,2,275.00,0.90,1251,148.00,18.30,271.00
"2025-04-03 11:00:00",0.70,76.00,9.00,0.07,2,276.00,0.26,1720,238.00,17.20,273.00,-0.60,2,276.00,1.20,1248,193.00,15.90,273.00,-0.50,2,276.00,1.00,1189,173.00,16.80,275.00
"2025-04-03 11:15:00",0.50,102.00,9.00,0.01,2,278.00,0.20,1523,182.00,17.50,257.00,-0.20,2,278.00,1.30,1011,146.00,15.90,258.00,-0.40,2,278.00,0.80,965,124.00,17.00,258.00
"2025-04-03 11:30:00",0.50,85.00,9.00,0.05,2,276.00,0.23,1658,198.00,18.30,273.00,-0.40,2,276.00,1.10,1031,152.00,16.30,274.00,-0.40,2,276.00,0.80,1151,137.00,18.20,274.00
"2025-04-03 11:45:00",0.40,94.00,9.00,-0.02,2,276.00,0.18,1631,186.00,18.60,275.00,-0.20,2,276.00,0.90,1028,148.00,16.40,272.00,-0.40,2,276.00,0.80,1025,127.00,17.90,274.00
"2025-04-03 12:00:00",0.70,94.00,9.00,0.04,2,276.00,0.27,1844,219.00,18.20,275.00,-0.40,2,276.00,1.10,1220,171.00,16.60,276.00,-0.50,2,276.00,1.20,1157,157.00,17.10,273.00
"2025-04-03 12:15:00",0.90,71.00,9.00,0.08,2,278.00,0.27,1654,256.00,16.10,249.00,-0.70,2,278.00,1.20,1206,213.00,14.80,248.00,-0.50,2,278.00,1.10,1078,178.00,15.50,255.00
"2025-04-03 12:30:00",0.70,83.00,9.00,0.04,2,277.00,0.23,1742,207.00,18.50,273.00,-0.50,2,277.00,1.50,1158,167.00,16.60,274.00,-0.50,2,277.00,1.20,1082,145.00,17.40,272.00
"2025-04-03 12:45:00",0.90,74.00,9.00,0.05,2,276.00,0.22,1673,196.00,18.50,274.00,-0.70,2,276.00,1.30,1187,171.00,16.50,273.00,-0.50,2,276.00,0.90,1170,144.00,18.20,276.00
"2025-04-03 13:00:00",1.10,100.00,9.00,0.02,2,276.00,0.24,1872,229.00,18.10,271.00,-0.50,2,276.00,1.30,1400,192.00,17.00,274.00,-1.00,2,276.00,1.30,1359,185.00,17.30,275.00
"2025-04-03 13:15:00",0.90,93.00,9.00,0.01,2,279.00,0.21,1622,199.00,17.30,255.00,-0.50,2,279.00,1.10,1064,162.00,15.30,258.00,-0.70,2,279.00,1.00,1075,150.00,16.20,258.00
"2025-04-03 13:30:00",1.30,87.00,9.00,0.03,2,277.00,0.28,1858,255.00,17.50,271.00,-0.90,2,277.00,1.50,1471,225.00,16.20,273.00,-1.00,2,277.00,1.30,1279,192.00,16.60,273.00
"2025-04-03 13:45:00",1.00,86.00,9.00,0.00,2,276.00,0.22,1822,223.00,18.30,269.00,-0.60,2,276.00,1.10,1263,182.00,16.50,275.00,-0.70,2,276.00,1.30,1295,181.00,17.00,272.00
"2025-04-03 14:00:00",1.00,95.00,9.00,0.09,2,277.00,0.26,1800,218.00,18.30,272.00,-0.50,2,277.00,1.30,1213,170.00,16.70,276.00,-0.80,2,277.00,1.20,1174,162.00,17.00,276.00
"2025-04-03 14:15:00",1.10,80.00,9.00,0.01,2,278.00,0.26,1658,193.00,17.60,257.00,-0.80,2,278.00,1.40,1254,181.00,15.80,258.00,-0.70,2,278.00,1.10,1057,144.00,16.30,256.00
"2025-04-03 14:30:00",0.50,86.00,9.00,0.00,2,277.00,0.17,1619,167.00,19.40,276.00,-0.40,2,277.00,0.90,1078,147.00,17.00,275.00,-0.40,2,277.00,0.90,982,123.00,17.90,271.00
"2025-04-03 14:45:00",0.40,107.00,9.00,0.03,9,277.00,0.17,1555,168.00,19.10,274.00,-0.20,9,277.00,0.90,955,134.00,16.80,276.00,-0.40,9,277.00,0.60,1099,116.00,19.30,274.00
"2025-04-03 15:00:00",1.00,346.00,9.00,0.15,2,276.00,0.35,1759,256.00,16.70,276.00,-0.60,2,276.00,1.60,1478,215.00,16.60,275.00,0.80,2,276.00,1.60,1308,216.00,16.00,273.00
"2025-04-03 15:15:00",1.10,25.00,9.00,-0.03,2,279.00,0.32,1632,201.00,17.20,258.00,-1.00,2,279.00,1.70,1206,192.00,15.20,259.00,0.20,2,279.00,1.40,1118,146.00,16.70,259.00
"2025-04-03 15:30:00",0.90,357.00,9.00,-0.02,2,276.00,0.26,1760,203.00,18.60,274.00,-0.70,2,276.00,1.60,1318,184.00,16.90,275.00,0.60,2,276.00,1.20,1188,159.00,17.60,270.00
"2025-04-03 15:45:00",1.10,6.00,9.00,-0.02,2,277.00,0.23,1676,199.00,18.40,277.00,-0.90,2,277.00,1.60,1412,195.00,17.20,276.00,0.60,2,277.00,1.20,1242,160.00,17.70,274.00
"2025-04-03 16:00:00",0.70,352.00,9.00,0.05,9,276.00,0.21,1639,176.00,19.20,275.00,-0.50,9,276.00,1.20,1160,152.00,17.50,273.00,0.50,9,276.00,1.10,1103,147.00,17.60,274.00
"2025-04-03 16:15:00",0.70,289.00,9.00,0.06,9,279.00,0.29,1757,271.00,15.70,253.00,0.20,9,279.00,1.80,1338,217.00,15.00,255.00,0.60,9,279.00,1.60,1209,228.00,14.40,252.00
"2025-04-03 16:30:00",1.40,264.00,9.00,0.13,2,276.00,0.33,1977,282.00,17.00,271.00,1.00,2,276.00,2.10,1407,252.00,15.10,275.00,1.00,2,276.00,2.10,1420,262.00,14.90,272.00
"2025-04-03 16:45:00",0.70,240.00,9.00,0.12,9,277.00,0.23,1692,223.00,17.40,273.00,0.60,9,277.00,1.60,1202,208.00,15.40,271.00,0.30,9,277.00,1.10,1304,194.00,16.70,272.00
"2025-04-03 17:00:00",0.30,256.00,9.00,0.08,9,276.00,0.19,1736,213.00,18.10,274.00,0.20,9,276.00,1.00,1091,171.00,16.00,271.00,0.20,9,276.00,0.80,1346,177.00,17.60,271.00
"2025-04-03 17:15:00",0.30,246.00,9.00,0.10,9,279.00,0.20,1495,194.00,16.70,254.00,0.20,9,279.00,1.00,987,155.00,15.20,254.00,0.10,9,279.00,0.80,1213,156.00,17.00,254.00
"2025-04-03 17:30:00",0.10,183.00,9.00,0.12,9,276.00,0.17,1508,209.00,17.10,273.00,0.10,9,276.00,0.70,939,159.00,15.50,273.00,-0.10,9,276.00,0.60,1203,157.00,17.70,270.00
"2025-04-03 17:45:00",0.20,219.00,9.00,0.11,9,276.00,0.17,1576,216.00,17.20,273.00,0.20,9,276.00,0.80,933,163.00,15.10,272.00,0.00,9,276.00,0.60,1220,163.00,17.50,271.00
"2025-04-03 18:00:00",0.00,164.00,9.00,0.11,9,276.00,0.17,1560,193.00,17.80,275.00,0.00,9,276.00,0.70,949,146.00,16.00,271.00,0.00,9,276.00,0.60,1185,146.00,18.00,275.00
"2025-04-03 18:15:00",0.10,109.00,9.00,0.07,9,277.00,0.18,1449,190.00,16.60,258.00,0.00,9,277.00,0.60,903,139.00,15.30,255.00,-0.10,9,277.00,0.70,1043,137.00,16.60,257.00
"2025-04-03 18:30:00",0.20,150.00,9.00,0.08,9,276.00,0.19,1629,219.00,17.40,274.00,0.10,9,276.00,0.70,1025,152.00,16.40,269.00,-0.10,9,276.00,0.70,1150,154.00,17.30,275.00
"2025-04-03 18:45:00",0.20,201.00,9.00,0.10,9,276.00,0.18,1589,207.00,17.40,276.00,0.20,9,276.00,0.80,961,149.00,15.90,272.00,-0.10,9,276.00,0.60,1155,156.00,17.20,273.00
"2025-04-03 19:00:00",0.20,232.00,9.00,0.09,9,276.00,0.20,1534,223.00,16.80,274.00,0.20,9,276.00,0.90,963,176.00,14.80,271.00,0.10,9,276.00,0.70,1261,179.00,17.10,272.00
"2025-04-03 19:15:00",0.50,237.00,9.00,0.10,9,277.00,0.21,1488,209.00,16.10,257.00,0.50,9,277.00,1.30,1020,174.00,14.60,257.00,0.20,9,277.00,0.80,1318,175.00,16.70,254.00
"2025-04-03 19:30:00",0.10,213.00,9.00,0.08,9,274.00,0.20,1492,208.00,16.80,271.00,0.10,9,274.00,1.00,979,161.00,15.50,272.00,0.00,9,274.00,0.70,1206,155.00,17.60,274.00
"2025-04-03 19:45:00",0.00,108.00,9.00,0.03,9,274.00,0.21,1432,212.00,16.30,274.00,0.00,9,274.00,0.90,1001,162.00,15.60,271.00,0.00,9,274.00,0.60,1286,157.00,18.00,272.00
"2025-04-03 20:00:00",0.10,343.00,9.00,-0.05,9,274.00,0.27,1506,249.00,15.60,269.00,-0.10,9,274.00,1.50,1127,182.00,15.50,274.00,0.10,9,274.00,0.90,1393,175.00,17.80,273.00
"2025-04-03 20:15:00",0.30,264.00,9.00,0.04,9,276.00,0.25,1390,229.00,15.00,249.00,0.20,9,276.00,1.20,1060,185.00,14.40,250.00,0.20,9,276.00,0.80,1198,177.00,16.00,249.00
"2025-04-03 20:30:00",0.40,237.00,9.00,0.05,9,274.00,0.25,1484,225.00,16.20,269.00,0.40,9,274.00,1.30,1057,181.00,15.10,269.00,0.10,9,274.00,0.70,1287,166.00,17.60,270.00
"2025-04-03 20:45:00",0.80,258.00,9.00,0.03,9,274.00,0.22,1482,220.00,16.40,269.00,0.60,9,274.00,1.30,1066,188.00,15.00,271.00,0.50,9,274.00,0.90,1268,176.00,17.10,269.00
"2025-04-03 21:00:00",0.90,245.00,9.00,-0.02,9,274.00,0.24,1529,238.00,16.00,269.00,0.80,9,274.00,1.10,1108,186.00,15.20,269.00,0.40,9,274.00,0.70,1345,164.00,18.10,274.00
"2025-04-03 21:15:00",0.60,251.00,9.00,0.04,9,276.00,0.24,1383,212.00,15.40,251.00,0.50,9,276.00,1.30,982,172.00,14.30,251.00,0.30,9,276.00,0.80,1172,165.00,16.10,251.00
"2025-04-03 21:30:00",0.40,239.00,9.00,0.09,9,274.00,0.23,1417,215.00,16.10,270.00,0.40,9,274.00,1.20,1000,187.00,14.40,271.00,0.10,9,274.00,0.80,1225,172.00,16.90,269.00
"2025-04-03 21:45:00",0.70,251.00,9.00,0.03,9,274.00,0.21,1493,249.00,15.50,268.00,0.50,9,274.00,1.30,1090,211.00,14.10,267.00,0.40,9,274.00,0.70,1350,187.00,17.10,270.00
"2025-04-03 22:00:00",0.90,260.00,9.00,-0.08,9,274.00,0.33,1538,254.00,15.50,269.00,0.70,9,274.00,1.40,1192,211.00,14.70,269.00,0.60,9,274.00,0.90,1362,177.00,17.60,272.00
"2025-04-03 22:15:00",0.70,251.00,9.00,-0.02,9,276.00,0.20,1429,215.00,15.60,252.00,0.60,9,276.00,1.20,977,183.00,13.90,254.00,0.40,9,276.00,0.70,1291,167.00,16.80,253.00
"2025-04-03 22:30:00",0.50,247.00,9.00,-0.02,9,273.00,0.21,1499,222.00,16.30,268.00,0.50,9,273.00,1.30,1049,188.00,14.70,270.00,0.30,9,273.00,0.80,1402,170.00,18.10,271.00
"2025-04-03 22:45:00",0.90,259.00,9.00,-0.11,9,274.00,0.33,1614,252.00,16.10,271.00,0.70,9,274.00,1.20,1250,212.00,15.00,270.00,0.60,9,274.00,0.90,1474,186.00,17.90,270.00
"2025-04-03 23:00:00",1.20,256.00,9.00,-0.07,9,274.00,0.37,1717,287.00,15.50,269.00,0.90,9,274.00,1.70,1447,237.00,15.40,273.00,0.70,9,274.00,1.30,1580,230.00,17.10,267.00
"2025-04-03 23:15:00",1.90,266.00,9.00,-0.13,9,276.00,0.35,1791,277.00,15.40,251.00,1.20,9,276.00,2.10,1629,250.00,15.20,256.00,1.40,9,276.00,1.30,1457,226.00,15.40,253.00
"2025-04-03 23:30:00",0.80,258.00,9.00,-0.04,9,274.00,0.24,1741,241.00,16.90,270.00,0.60,9,274.00,1.30,1299,212.00,15.40,269.00,0.50,9,274.00,0.80,1403,184.00,17.50,271.00
"2025-04-03 23:45:00",0.30,121.00,9.00,0.02,9,274.00,0.20,1899,227.00,18.20,273.00,0.00,9,274.00,1.00,1550,208.00,17.00,272.00,-0.30,9,274.00,0.90,1528,181.00,18.20,272.00
"2025-04-04 00:00:00",0.80,61.00,9.00,0.14,9,274.00,0.11,1938,217.00,18.90,273.00,-0.80,9,274.00,0.60,1307,181.00,16.80,274.00,-0.30,9,274.00,0.60,1526,148.00,19.80,274.00
"2025-04-04 00:15:00",0.10,6.00,9.00,-0.02,9,276.00,0.17,1559,229.00,15.90,255.00,-0.10,9,276.00,0.60,1298,177.00,16.20,257.00,0.10,9,276.00,0.60,1182,168.00,16.20,255.00
"2025-04-04 00:30:00",0.20,99.00,9.00,-0.01,9,274.00,0.18,1830,204.00,18.80,274.00,-0.10,9,274.00,0.50,1106,167.00,16.10,271.00,-0.10,9,274.00,0.50,1198,147.00,18.10,273.00
"2025-04-04 00:45:00",0.10,158.00,9.00,-0.04,9,275.00,0.12,2016,196.00,20.10,275.00,0.00,9,275.00,0.50,1292,166.00,17.50,275.00,0.00,9,275.00,0.60,1228,149.00,18.00,274.00
"2025-04-04 01:00:00",0.50,61.00,9.00,0.03,9,273.00,0.15,1739,205.00,18.30,273.00,-0.40,9,273.00,0.70,1243,164.00,17.40,273.00,-0.20,9,273.00,0.50,1338,144.00,19.20,273.00
"2025-04-04 01:15:00",0.20,29.00,9.00,0.01,9,276.00,0.13,1599,190.00,17.40,256.00,-0.20,9,276.00,0.90,945,161.00,14.50,256.00,0.00,9,276.00,0.70,1085,139.00,17.00,256.00
"2025-04-04 01:30:00",0.70,118.00,9.00,0.03,9,274.00,0.16,1891,207.00,18.90,274.00,-0.10,9,274.00,0.60,1251,173.00,16.90,274.00,-0.70,9,274.00,0.80,1463,165.00,18.50,273.00
"2025-04-04 01:45:00",0.70,119.00,9.00,0.08,9,273.00,0.14,2111,248.00,18.90,272.00,-0.10,9,273.00,0.70,1479,219.00,16.60,264.00,-0.70,9,273.00,0.70,1598,214.00,18.10,266.00
"2025-04-04 02:00:00",0.60,119.00,9.00,0.00,9,274.00,0.17,1937,223.00,18.50,274.00,-0.10,9,274.00,0.80,1518,200.00,17.30,274.00,-0.60,9,274.00,1.00,1556,187.00,18.30,274.00
"2025-04-04 02:15:00",1.10,117.00,9.00,0.00,9,275.00,0.15,1908,215.00,17.80,255.00,-0.20,9,275.00,0.70,1370,179.00,16.70,256.00,-1.10,9,275.00,1.20,1286,203.00,15.30,255.00
"2025-04-04 02:30:00",1.80,124.00,9.00,-0.03,9,274.00,0.16,2284,240.00,19.30,273.00,-0.10,9,274.00,0.80,1829,223.00,17.90,274.00,-1.80,9,274.00,1.40,1805,265.00,16.60,274.00
"2025-04-04 02:45:00",0.80,121.00,9.00,0.01,9,273.00,0.16,1870,203.00,19.00,272.00,-0.10,9,273.00,0.70,1244,176.00,16.50,273.00,-0.80,9,273.00,0.80,1453,175.00,18.10,272.00
"2025-04-04 03:00:00",0.80,100.00,9.00,0.07,9,274.00,0.15,2077,254.00,18.20,273.00,-0.40,9,274.00,0.70,1348,215.00,15.90,270.00,-0.70,9,274.00,0.70,1429,205.00,17.00,270.00
"2025-04-04 03:15:00",0.50,102.00,9.00,0.03,9,275.00,0.14,1878,198.00,18.40,256.00,-0.20,9,275.00,0.70,1029,153.00,15.60,255.00,-0.50,9,275.00,0.70,1145,134.00,17.70,256.00
"2025-04-04 03:30:00",0.30,13.00,9.00,0.03,9,274.00,0.15,1980,219.00,18.90,273.00,-0.20,9,274.00,0.60,1492,185.00,17.80,273.00,0.10,9,274.00,0.60,1500,158.00,19.20,274.00
"2025-04-04 03:45:00",0.70,55.00,9.00,0.06,9,273.00,0.17,1884,219.00,18.40,272.00,-0.70,9,273.00,0.60,1397,200.00,16.60,272.00,-0.20,9,273.00,0.50,1793,156.00,20.70,273.00
"2025-04-04 04:00:00",0.70,74.00,9.00,0.07,9,274.00,0.16,1835,209.00,18.60,274.00,-0.60,9,274.00,0.60,1444,190.00,17.30,273.00,-0.40,9,274.00,0.50,1738,150.00,21.00,274.00
"2025-04-04 04:15:00",1.10,100.00,9.00,0.17,9,275.00,0.16,1469,221.00,16.00,254.00,-0.50,9,275.00,0.40,960,176.00,14.20,249.00,-1.00,9,275.00,0.50,1371,160.00,18.00,255.00
"2025-04-04 04:30:00",0.90,73.00,9.00,0.11,9,274.00,0.14,1610,198.00,17.90,273.00,-0.70,9,274.00,0.60,1097,172.00,15.90,274.00,-0.50,9,274.00,0.40,1756,131.00,22.20,274.00
"2025-04-04 04:45:00",0.40,72.00,9.00,0.02,9,273.00,0.16,1834,197.00,19.20,273.00,-0.40,9,273.00,0.50,1250,176.00,16.60,272.00,-0.20,9,273.00,0.40,1701,144.00,21.10,273.00
"2025-04-04 05:00:00",0.90,68.00,9.00,0.12,9,273.00,0.16,1848,203.00,19.00,273.00,-0.80,9,273.00,0.50,1333,167.00,17.70,272.00,-0.50,9,273.00,0.50,1613,139.00,20.80,272.00
"2025-04-04 05:15:00",0.90,97.00,9.00,0.10,9,276.00,0.17,1835,213.00,17.60,255.00,-0.50,9,276.00,0.60,1311,164.00,16.90,255.00,-0.80,9,276.00,0.90,1450,168.00,17.70,251.00
"2025-04-04 05:30:00",2.30,130.00,9.00,0.06,9,273.00,0.23,2303,277.00,18.20,272.00,0.10,9,273.00,1.00,2099,258.00,17.90,270.00,-2.30,9,273.00,1.90,1972,323.00,15.80,273.00
"2025-04-04 05:45:00",2.40,130.00,9.00,0.07,9,274.00,0.20,2174,292.00,17.40,271.00,0.10,9,274.00,1.10,2092,291.00,16.90,271.00,-2.40,9,274.00,2.00,1787,338.00,14.60,272.00
"2025-04-04 06:00:00",3.40,132.00,9.00,0.15,9,273.00,0.35,2513,355.00,16.90,271.00,0.20,9,273.00,1.50,2465,348.00,16.80,273.00,-3.40,2,273.00,2.40,2196,415.00,14.50,273.00
"2025-04-04 06:15:00",3.40,134.00,9.00,0.06,9,275.00,0.23,2115,293.00,16.30,252.00,0.30,9,275.00,1.40,2019,301.00,15.50,253.00,-3.30,2,275.00,2.60,1757,361.00,13.10,255.00
"2025-04-04 06:30:00",1.90,136.00,9.00,0.03,9,274.00,0.21,1933,241.00,17.80,273.00,0.30,9,274.00,1.00,1506,226.00,16.10,274.00,-1.90,9,274.00,2.10,1473,288.00,14.30,273.00
"2025-04-04 06:45:00",1.90,129.00,9.00,0.03,9,273.00,0.23,1871,247.00,17.30,273.00,0.00,9,273.00,1.30,1466,229.00,15.70,272.00,-1.90,9,273.00,2.60,1460,299.00,14.00,272.00
"2025-04-04 07:00:00",2.70,132.00,9.00,0.02,9,274.00,0.26,1960,284.00,16.70,273.00,0.20,9,274.00,1.30,1655,256.00,15.90,272.00,-2.60,9,274.00,2.60,1614,352.00,13.40,274.00
"2025-04-04 07:15:00",1.90,125.00,9.00,0.03,9,275.00,0.24,1732,226.00,16.70,255.00,-0.10,9,275.00,1.00,1399,203.00,15.80,253.00,-1.90,9,275.00,2.00,1442,252.00,14.70,256.00
"2025-04-04 07:30:00",1.90,131.00,9.00,-0.02,9,273.00,0.23,1933,244.00,17.80,273.00,0.10,9,273.00,1.30,1674,229.00,16.90,273.00,-1.90,9,273.00,2.20,1617,281.00,15.40,272.00
"2025-04-04 07:45:00",1.30,146.00,9.00,-0.03,9,274.00,0.24,2034,253.00,17.90,273.00,0.40,9,274.00,1.20,1899,246.00,17.20,274.00,-1.20,9,274.00,1.50,1840,259.00,16.90,273.00
"2025-04-04 08:00:00",1.80,138.00,9.00,-0.01,9,273.00,0.23,2503,308.00,17.90,272.00,0.30,9,273.00,1.00,2494,300.00,17.80,273.00,-1.80,9,273.00,1.40,2310,316.00,17.20,273.00
"2025-04-04 08:15:00",0.70,133.00,9.00,0.03,9,277.00,0.25,1632,252.00,15.60,254.00,0.10,9,277.00,1.20,1181,207.00,14.50,251.00,-0.70,9,277.00,1.10,1394,208.00,15.90,255.00
"2025-04-04 08:30:00",0.60,162.00,9.00,0.06,9,274.00,0.28,1715,269.00,16.10,268.00,0.30,9,274.00,1.40,1293,222.00,15.20,270.00,-0.50,9,274.00,1.10,1434,223.00,16.20,271.00
"2025-04-04 08:45:00",1.10,154.00,9.00,0.04,9,274.00,0.38,1941,299.00,16.10,272.00,0.50,9,274.00,1.70,1554,258.00,15.30,271.00,-1.00,9,274.00,1.70,1556,251.00,15.90,269.00
"2025-04-04 09:00:00",1.10,161.00,9.00,0.03,9,274.00,0.35,1840,282.00,16.20,269.00,0.60,9,274.00,2.00,1362,238.00,14.90,273.00,-0.90,9,274.00,1.80,1494,248.00,15.70,269.00
"2025-04-04 09:15:00",0.80,126.00,9.00,0.10,9,276.00,0.29,1691,251.00,15.60,253.00,0.00,9,276.00,1.60,1174,205.00,14.40,252.00,-0.80,9,276.00,1.10,1316,216.00,15.00,250.00
"2025-04-04 09:30:00",0.90,138.00,9.00,0.04,9,274.00,0.27,1780,255.00,16.80,269.00,0.20,9,274.00,1.40,1209,204.00,15.30,267.00,-0.90,9,274.00,1.40,1340,225.00,15.50,269.00
"2025-04-04 09:45:00",1.20,161.00,9.00,0.10,9,274.00,0.31,2043,294.00,16.70,271.00,0.60,9,274.00,1.90,1410,232.00,15.60,271.00,-1.00,9,274.00,1.40,1520,249.00,15.70,267.00
"2025-04-04 10:00:00",0.60,159.00,9.00,0.27,9,276.00,0.40,2164,332.00,16.40,272.00,0.30,9,276.00,1.70,1686,247.00,16.50,276.00,-0.50,9,276.00,1.70,1798,244.00,17.10,273.00
"2025-04-04 10:15:00",1.10,135.00,9.00,0.03,2,278.00,0.30,1846,246.00,16.70,254.00,0.10,2,278.00,1.70,1351,206.00,15.50,258.00,-1.10,2,278.00,1.80,1238,210.00,14.70,253.00
"2025-04-04 10:30:00",0.80,115.00,9.00,0.10,2,276.00,0.28,1819,250.00,17.20,271.00,-0.20,2,276.00,1.10,1168,173.00,16.30,274.00,-0.80,2,276.00,1.20,1239,184.00,16.30,270.00
"2025-04-04 10:45:00",1.00,120.00,9.00,0.24,2,276.00,0.41,1999,305.00,16.40,271.00,-0.10,2,276.00,1.60,1430,217.00,16.40,274.00,-1.00,2,276.00,1.60,1544,242.00,16.10,274.00
"2025-04-04 11:00:00",1.20,98.00,9.00,0.19,2,277.00,0.32,1923,276.00,16.90,273.00,-0.60,2,277.00,1.20,1239,178.00,16.60,271.00,-1.10,2,277.00,1.30,1397,212.00,16.20,275.00
"2025-04-04 11:15:00",0.90,158.00,9.00,0.15,2,279.00,0.38,1915,303.00,15.50,254.00,0.50,2,279.00,1.50,1386,223.00,15.10,256.00,-0.80,2,279.00,2.00,1367,228.00,14.90,254.00
"2025-04-04 11:30:00",1.00,110.00,9.00,0.18,2,276.00,0.43,2012,274.00,17.60,271.00,-0.30,2,276.00,1.40,1349,198.00,16.60,275.00,-1.00,2,276.00,1.50,1311,198.00,16.50,271.00
