"2025-04-01 00:00:00",1.00,119.00,9.00,0.11,9,274.00,0.25,529,111.00,13.20,271.00,-0.20,9,274.00,1.00,285,93.00,9.30,229.00,-1.00,9,274.00,1.00,358,83.00,12.50,265.00
"2025-04-01 00:15:00",0.70,128.00,9.00,0.07,9,277.00,0.23,502,137.00,11.20,243.00,0.00,9,277.00,1.30,307,111.00,8.40,197.00,-0.70,9,277.00,1.00,382,102.00,11.40,237.00
"2025-04-01 00:30:00",0.70,109.00,9.00,0.10,9,274.00,0.20,510,115.00,12.70,270.00,-0.20,9,274.00,1.00,286,97.00,9.10,228.00,-0.60,9,274.00,0.90,389,82.00,13.30,270.00
"2025-04-01 00:45:00",0.80,114.00,9.00,0.08,9,274.00,0.18,550,119.00,13.00,269.00,-0.20,9,274.00,0.90,315,100.00,9.60,245.00,-0.80,9,274.00,1.00,365,83.00,12.70,270.00
"2025-04-01 01:00:00",0.90,130.00,9.00,0.10,9,275.00,0.21,536,126.00,12.20,265.00,0.00,9,275.00,1.00,303,110.00,8.60,217.00,-0.90,9,275.00,0.90,377,91.00,12.10,263.00
"2025-04-01 01:15:00",0.60,122.00,9.00,0.04,9,276.00,0.21,477,139.00,10.20,243.00,-0.10,9,276.00,1.10,302,135.00,6.60,136.00,-0.60,9,276.00,1.10,335,108.00,9.30,224.00
"2025-04-01 01:30:00",0.70,117.00,9.00,0.04,9,274.00,0.22,467,153.00,9.70,241.00,-0.10,9,274.00,1.30,306,138.00,6.70,138.00,-0.70,9,274.00,1.10,362,120.00,9.60,239.00
"2025-04-01 01:45:00",0.30,131.00,9.00,0.05,9,275.00,0.24,443,136.00,10.00,253.00,0.00,9,275.00,1.10,265,122.00,6.50,145.00,-0.30,9,275.00,0.70,360,100.00,10.80,259.00
"2025-04-01 02:00:00",0.40,171.00,9.00,0.03,9,274.00,0.29,413,137.00,9.30,239.00,0.30,9,274.00,1.00,253,126.00,5.90,111.00,-0.30,9,274.00,0.70,355,105.00,10.40,251.00
"2025-04-01 02:15:00",0.50,168.00,9.00,0.04,9,277.00,0.22,434,138.00,9.50,242.00,0.30,9,277.00,1.00,267,125.00,6.30,128.00,-0.40,9,277.00,0.70,384,104.00,10.90,255.00
"2025-04-01 02:30:00",0.30,89.00,9.00,0.16,9,274.00,0.29,398,141.00,8.80,231.00,-0.20,9,274.00,1.10,274,134.00,6.10,125.00,-0.20,9,274.00,0.60,376,109.00,10.60,266.00
"2025-04-01 02:45:00",1.10,88.00,9.00,0.19,9,274.00,0.28,435,139.00,9.70,244.00,-0.70,9,274.00,0.80,282,133.00,6.50,122.00,-0.90,9,274.00,0.40,441,105.00,12.50,267.00
"2025-04-01 03:00:00",0.80,101.00,9.00,0.12,9,275.00,0.18,492,134.00,11.60,260.00,-0.40,9,275.00,0.70,264,103.00,8.10,190.00,-0.70,9,275.00,0.60,438,94.00,14.10,269.00
"2025-04-01 03:15:00",0.60,110.00,9.00,0.12,9,276.00,0.18,501,107.00,12.80,252.00,-0.20,9,276.00,0.80,235,86.00,8.40,204.00,-0.50,9,276.00,0.60,315,68.00,12.70,256.00
"2025-04-01 03:30:00",0.30,84.00,9.00,0.11,9,274.00,0.15,620,107.00,14.90,272.00,-0.20,9,274.00,0.70,253,85.00,9.20,234.00,-0.20,9,274.00,0.60,331,65.00,13.70,271.00
"2025-04-01 03:45:00",0.10,208.00,9.00,0.04,9,275.00,0.17,565,110.00,13.80,271.00,0.10,9,275.00,0.80,233,90.00,8.00,202.00,0.00,9,275.00,0.60,298,70.00,12.30,263.00
"2025-04-01 04:00:00",0.10,186.00,9.00,0.02,9,274.00,0.16,594,115.00,13.90,273.00,0.10,9,274.00,0.60,271,96.00,8.70,206.00,-0.10,9,274.00,0.80,291,73.00,11.90,272.00
"2025-04-01 04:15:00",0.20,224.00,9.00,0.05,9,277.00,0.17,507,124.00,12.10,246.00,0.20,9,277.00,1.50,267,94.00,8.80,206.00,0.00,9,277.00,0.80,284,83.00,10.80,243.00
"2025-04-01 04:30:00",0.20,73.00,9.00,0.07,9,273.00,0.18,555,113.00,13.50,269.00,-0.20,9,273.00,0.90,269,110.00,7.60,190.00,-0.10,9,273.00,0.70,302,73.00,12.30,267.00
"2025-04-01 04:45:00",0.30,73.00,9.00,0.06,9,273.00,0.14,542,109.00,13.50,272.00,-0.20,9,273.00,0.70,292,92.00,9.70,246.00,-0.20,9,273.00,0.90,281,70.00,11.90,265.00
"2025-04-01 05:00:00",0.20,11.00,9.00,0.06,9,274.00,0.10,666,108.00,15.60,269.00,-0.20,9,274.00,0.80,244,87.00,8.90,224.00,0.10,9,274.00,0.60,347,74.00,13.10,266.00
"2025-04-01 05:15:00",0.50,78.00,9.00,0.07,9,275.00,0.14,558,111.00,13.60,247.00,-0.40,9,275.00,0.70,245,94.00,8.10,181.00,-0.30,9,275.00,0.60,344,81.00,12.30,247.00
"2025-04-01 05:30:00",0.80,220.00,9.00,-0.05,9,274.00,0.13,595,119.00,14.00,254.00,0.80,9,274.00,2.90,232,95.00,7.60,168.00,0.00,9,274.00,0.90,371,94.00,12.40,245.00
"2025-04-01 05:45:00",0.60,91.00,9.00,0.10,9,273.00,0.14,637,125.00,14.00,267.00,-0.40,9,273.00,0.70,273,101.00,8.50,179.00,-0.50,9,273.00,0.50,399,87.00,13.10,255.00
"2025-04-01 06:00:00",0.30,22.00,9.00,0.06,9,274.00,0.11,635,106.00,15.30,269.00,-0.30,9,274.00,0.60,261,82.00,9.80,239.00,0.10,9,274.00,0.60,307,71.00,12.60,263.00
"2025-04-01 06:15:00",0.20,26.00,9.00,0.02,9,275.00,0.20,515,111.00,12.70,250.00,-0.20,9,275.00,0.60,281,87.00,9.90,227.00,0.00,9,275.00,0.70,317,72.00,12.40,250.00
"2025-04-01 06:30:00",0.20,288.00,9.00,0.00,9,273.00,0.20,502,104.00,13.30,271.00,0.10,9,273.00,0.70,272,82.00,10.10,244.00,0.20,9,273.00,0.70,367,69.00,14.20,268.00
"2025-04-01 06:45:00",0.30,301.00,9.00,0.02,9,274.00,0.17,572,127.00,13.30,263.00,0.00,9,274.00,0.90,288,92.00,9.90,244.00,0.30,9,274.00,0.60,390,86.00,13.70,261.00
"2025-04-01 07:00:00",0.50,66.00,9.00,0.09,9,273.00,0.37,532,150.00,11.60,252.00,-0.40,9,273.00,0.80,314,117.00,8.60,201.00,-0.20,9,273.00,1.10,423,104.00,13.20,254.00
"2025-04-01 07:15:00",0.20,163.00,9.00,0.05,9,276.00,0.20,463,106.00,12.20,251.00,0.10,9,276.00,1.00,286,104.00,8.30,200.00,-0.10,9,276.00,0.60,329,69.00,12.80,255.00
"2025-04-01 07:30:00",0.70,221.00,9.00,0.09,9,274.00,0.24,467,114.00,12.00,264.00,0.70,9,274.00,1.40,323,113.00,8.80,209.00,0.00,9,274.00,0.90,375,75.00,13.70,263.00
"2025-04-01 07:45:00",0.40,313.00,9.00,0.00,9,274.00,0.22,442,110.00,11.80,266.00,0.00,9,274.00,1.10,304,106.00,8.90,215.00,0.40,9,274.00,1.00,342,72.00,13.30,270.00
"2025-04-01 08:00:00",0.20,287.00,9.00,0.05,9,274.00,0.26,511,113.00,12.80,262.00,0.10,9,274.00,1.70,396,110.00,10.20,239.00,0.20,9,274.00,1.00,387,75.00,14.00,268.00
"2025-04-01 08:15:00",0.40,299.00,9.00,0.06,9,277.00,0.24,505,179.00,9.60,214.00,0.10,9,277.00,1.10,376,145.00,8.00,180.00,0.40,9,277.00,1.00,407,123.00,11.00,227.00
"2025-04-01 08:30:00",0.10,130.00,9.00,0.03,9,274.00,0.31,518,121.00,12.30,263.00,0.00,9,274.00,1.70,456,123.00,10.90,257.00,-0.10,9,274.00,1.10,460,83.00,14.40,270.00
"2025-04-01 08:45:00",0.70,326.00,9.00,0.26,9,274.00,0.36,550,137.00,11.80,263.00,-0.20,9,274.00,1.70,484,131.00,10.90,253.00,0.70,9,274.00,1.90,426,95.00,12.80,266.00
"2025-04-01 09:00:00",0.80,24.00,9.00,-0.01,9,274.00,0.22,481,115.00,12.20,266.00,-0.80,9,274.00,1.00,390,109.00,10.80,251.00,0.20,9,274.00,0.90,395,77.00,13.80,265.00
"2025-04-01 09:15:00",0.70,29.00,9.00,-0.05,9,277.00,0.23,472,121.00,11.30,243.00,-0.70,9,277.00,1.20,313,116.00,8.10,172.00,0.10,9,277.00,0.70,353,86.00,11.90,234.00
"2025-04-01 09:30:00",1.30,354.00,9.00,-0.05,9,273.00,0.30,649,177.00,11.50,244.00,-1.00,9,273.00,1.50,519,151.00,10.60,234.00,0.90,9,273.00,1.50,552,131.00,13.10,257.00
"2025-04-01 09:45:00",1.40,359.00,9.00,-0.05,9,274.00,0.34,591,129.00,13.00,266.00,-1.10,9,274.00,2.00,470,109.00,12.00,257.00,0.90,9,274.00,1.50,457,95.00,13.40,263.00
"2025-04-01 10:00:00",1.40,17.00,9.00,0.05,2,274.00,0.31,595,125.00,13.10,268.00,-1.30,2,274.00,1.60,442,116.00,10.70,242.00,0.50,2,274.00,1.20,427,85.00,13.40,264.00
"2025-04-01 10:15:00",1.40,334.00,9.00,0.23,2,276.00,0.38,474,122.00,11.20,242.00,-0.60,2,276.00,2.40,311,100.00,9.10,208.00,1.30,2,276.00,3.30,333,93.00,10.60,246.00
"2025-04-01 10:30:00",1.60,274.00,9.00,-0.07,2,275.00,0.44,457,111.00,12.10,261.00,0.90,2,275.00,2.40,335,96.00,10.40,241.00,1.30,2,275.00,2.10,325,84.00,11.80,263.00
"2025-04-01 10:45:00",1.90,272.00,9.00,0.05,2,276.00,0.42,520,149.00,11.60,238.00,1.10,2,276.00,3.30,396,133.00,9.80,219.00,1.50,2,276.00,2.50,375,113.00,11.00,244.00
"2025-04-01 11:00:00",1.60,263.00,9.00,0.08,2,275.00,0.42,520,142.00,11.50,252.00,1.10,2,275.00,3.10,371,120.00,9.70,224.00,1.10,2,275.00,2.10,363,108.00,11.00,247.00
"2025-04-01 11:15:00",1.70,280.00,9.00,0.10,2,278.00,0.46,499,127.00,11.50,243.00,0.80,2,278.00,2.50,367,102.00,10.50,246.00,1.50,2,278.00,2.40,373,94.00,11.50,251.00
"2025-04-01 11:30:00",1.40,304.00,9.00,0.06,2,276.00,0.46,535,118.00,12.80,266.00,0.10,2,276.00,2.30,379,95.00,11.50,259.00,1.40,2,276.00,2.80,405,90.00,12.80,271.00
"2025-04-01 11:45:00",2.00,318.00,9.00,0.10,2,276.00,0.47,551,127.00,12.50,262.00,-0.30,2,276.00,2.50,402,101.00,11.40,249.00,2.00,2,276.00,2.80,401,96.00,12.10,264.00
"2025-04-01 12:00:00",2.00,287.00,9.00,0.15,2,276.00,0.62,497,122.00,11.90,266.00,0.70,2,276.00,3.30,401,99.00,11.50,265.00,1.90,2,276.00,3.40,354,91.00,11.70,265.00
"2025-04-01 12:15:00",0.80,300.00,9.00,0.05,2,278.00,0.34,462,144.00,10.20,232.00,0.10,2,278.00,2.80,327,119.00,8.90,209.00,0.80,2,278.00,2.60,342,119.00,9.70,221.00
"2025-04-01 12:30:00",1.00,290.00,9.00,-0.01,2,275.00,0.38,426,110.00,11.50,259.00,0.30,2,275.00,2.20,287,90.00,9.60,240.00,0.90,2,275.00,1.90,312,81.00,11.70,259.00
"2025-04-01 12:45:00",1.40,271.00,9.00,0.00,2,276.00,0.36,443,127.00,10.90,250.00,0.90,2,276.00,2.20,310,111.00,9.00,217.00,1.20,2,276.00,2.30,339,103.00,10.80,243.00
"2025-04-01 13:00:00",1.10,243.00,9.00,0.04,2,276.00,0.31,446,116.00,11.90,256.00,1.00,2,276.00,2.20,291,98.00,9.70,234.00,0.50,2,276.00,1.20,323,83.00,12.00,256.00
"2025-04-01 13:15:00",1.00,266.00,9.00,0.01,2,278.00,0.34,403,118.00,10.30,231.00,0.70,2,278.00,2.80,298,98.00,9.20,218.00,0.80,2,278.00,1.80,298,84.00,10.80,239.00
"2025-04-01 13:30:00",1.40,303.00,9.00,0.01,2,276.00,0.47,497,143.00,11.10,240.00,0.10,2,276.00,3.60,342,119.00,9.30,226.00,1.40,2,276.00,2.90,373,115.00,10.70,243.00
"2025-04-01 13:45:00",0.90,295.00,9.00,-0.03,2,275.00,0.28,425,108.00,11.80,258.00,0.20,2,275.00,2.00,260,80.00,10.00,245.00,0.90,2,275.00,1.50,295,78.00,11.40,262.00
"2025-04-01 14:00:00",0.80,298.00,9.00,0.09,2,276.00,0.36,467,109.00,12.50,268.00,0.10,2,276.00,2.30,345,91.00,11.20,256.00,0.80,2,276.00,2.20,359,83.00,12.70,271.00
"2025-04-01 14:15:00",0.60,326.00,9.00,0.01,2,278.00,0.28,406,110.00,11.00,243.00,-0.20,2,278.00,2.00,277,90.00,9.30,214.00,0.60,2,278.00,1.40,310,77.00,11.90,247.00
"2025-04-01 14:30:00",1.60,293.00,9.00,0.04,2,276.00,0.31,421,105.00,11.80,265.00,0.40,2,276.00,2.40,285,94.00,9.40,226.00,1.50,2,276.00,3.00,296,80.00,11.50,263.00
"2025-04-01 14:45:00",1.50,298.00,9.00,-0.01,2,276.00,0.35,404,123.00,10.70,244.00,0.30,2,276.00,2.50,257,90.00,8.90,207.00,1.50,2,276.00,2.80,294,90.00,10.70,239.00
"2025-04-01 15:00:00",2.80,284.00,9.00,-0.04,2,276.00,0.55,448,126.00,10.90,248.00,1.10,2,276.00,3.80,329,100.00,9.90,241.00,2.50,2,276.00,3.70,339,100.00,10.50,245.00
"2025-04-01 15:15:00",2.10,270.00,9.00,0.01,2,279.00,0.41,376,101.00,10.90,245.00,1.30,2,279.00,3.30,276,86.00,9.70,240.00,1.60,2,279.00,3.30,282,82.00,10.70,251.00
"2025-04-01 15:30:00",2.40,291.00,9.00,-0.08,2,276.00,0.46,419,110.00,11.50,257.00,0.70,2,276.00,3.30,291,90.00,9.90,251.00,2.30,2,276.00,3.60,303,88.00,10.90,261.00
"2025-04-01 15:45:00",1.10,279.00,9.00,-0.05,2,277.00,0.39,404,105.00,11.50,256.00,0.50,2,277.00,2.60,285,95.00,9.40,237.00,1.00,2,277.00,2.00,304,85.00,11.20,256.00
"2025-04-01 16:00:00",1.00,273.00,9.00,0.00,2,276.00,0.26,395,106.00,11.20,260.00,0.60,2,276.00,2.30,239,91.00,8.30,208.00,0.80,2,276.00,1.90,278,79.00,11.00,252.00
"2025-04-01 16:15:00",1.00,280.00,9.00,-0.06,2,277.00,0.40,407,128.00,9.90,227.00,0.50,2,277.00,1.90,233,95.00,7.70,184.00,0.80,2,277.00,1.50,279,91.00,10.00,219.00
"2025-04-01 16:30:00",0.70,269.00,9.00,0.00,2,276.00,0.26,405,108.00,11.40,259.00,0.40,2,276.00,2.00,224,80.00,8.70,214.00,0.50,2,276.00,1.30,269,77.00,10.80,253.00
"2025-04-01 16:45:00",0.70,256.00,9.00,0.01,2,276.00,0.25,396,102.00,11.60,261.00,0.60,2,276.00,2.00,222,80.00,8.60,212.00,0.50,2,276.00,1.10,264,77.00,10.70,251.00
"2025-04-01 17:00:00",0.50,253.00,9.00,0.04,2,276.00,0.22,393,101.00,11.70,261.00,0.40,2,276.00,2.00,229,84.00,8.60,220.00,0.30,2,276.00,1.00,264,70.00,11.40,258.00
"2025-04-01 17:15:00",0.50,267.00,9.00,0.04,2,277.00,0.23,397,109.00,10.90,245.00,0.30,2,277.00,1.80,227,92.00,7.70,181.00,0.40,2,277.00,1.20,262,81.00,10.00,227.00
"2025-04-01 17:30:00",0.60,252.00,9.00,0.01,2,276.00,0.24,387,97.00,11.70,263.00,0.50,2,276.00,1.40,219,80.00,8.50,219.00,0.30,2,276.00,0.70,273,69.00,11.70,258.00
"2025-04-01 17:45:00",0.30,246.00,9.00,0.06,9,276.00,0.24,417,117.00,11.20,252.00,0.20,9,276.00,1.40,240,92.00,8.40,201.00,0.10,9,276.00,1.10,313,88.00,11.30,248.00
"2025-04-01 18:00:00",0.10,258.00,9.00,0.06,9,276.00,0.22,397,102.00,11.70,265.00,0.10,9,276.00,1.30,223,84.00,8.40,212.00,0.10,9,276.00,0.80,307,79.00,11.90,255.00
"2025-04-01 18:15:00",0.20,237.00,9.00,0.09,9,277.00,0.21,409,100.00,11.80,253.00,0.20,9,277.00,1.30,217,79.00,8.40,198.00,0.10,9,277.00,0.70,294,68.00,12.10,247.00
"2025-04-01 18:30:00",0.20,249.00,9.00,0.08,9,274.00,0.23,458,133.00,11.50,236.00,0.20,9,274.00,1.20,244,102.00,7.90,184.00,0.10,9,274.00,0.80,338,100.00,11.60,228.00
"2025-04-01 18:45:00",0.30,236.00,9.00,0.07,9,274.00,0.22,410,101.00,11.80,261.00,0.30,9,274.00,1.30,213,86.00,7.70,190.00,0.10,9,274.00,0.80,301,71.00,12.20,264.00
"2025-04-01 19:00:00",0.20,251.00,9.00,0.06,9,274.00,0.23,408,102.00,11.80,263.00,0.20,9,274.00,1.20,229,91.00,7.80,188.00,0.10,9,274.00,0.80,314,67.00,13.10,266.00
"2025-04-01 19:15:00",0.30,216.00,9.00,0.07,9,276.00,0.23,416,127.00,10.10,231.00,0.30,9,276.00,1.20,244,107.00,7.00,161.00,0.00,9,276.00,0.90,332,95.00,11.00,244.00
"2025-04-01 19:30:00",0.80,236.00,9.00,0.01,9,274.00,0.22,428,112.00,11.40,258.00,0.80,9,274.00,1.50,240,102.00,7.30,171.00,0.20,9,274.00,0.80,327,77.00,12.40,270.00
"2025-04-01 19:45:00",0.60,244.00,9.00,0.03,9,274.00,0.24,430,99.00,12.40,272.00,0.60,9,274.00,1.30,234,93.00,7.80,195.00,0.30,9,274.00,0.70,315,65.00,13.50,270.00
"2025-04-01 20:00:00",0.30,256.00,9.00,0.02,9,274.00,0.23,426,102.00,12.10,264.00,0.20,9,274.00,1.30,251,98.00,8.00,212.00,0.20,9,274.00,0.70,323,67.00,13.40,274.00
"2025-04-01 20:15:00",0.10,271.00,9.00,0.05,9,276.00,0.20,408,102.00,11.40,250.00,0.00,9,276.00,1.30,245,96.00,7.80,191.00,0.10,9,276.00,0.70,317,67.00,12.80,250.00
"2025-04-01 20:30:00",0.10,320.00,9.00,0.04,9,274.00,0.21,430,106.00,11.80,269.00,0.00,9,274.00,1.20,239,92.00,8.00,190.00,0.10,9,274.00,0.80,320,72.00,12.60,266.00
"2025-04-01 20:45:00",0.00,268.00,9.00,0.07,9,274.00,0.21,515,160.00,11.30,242.00,0.00,9,274.00,1.40,296,122.00,8.20,207.00,0.00,9,274.00,0.80,396,123.00,11.70,243.00
"2025-04-01 21:00:00",0.30,272.00,9.00,0.05,9,273.00,0.24,445,109.00,12.00,253.00,0.10,9,273.00,1.50,256,89.00,9.20,223.00,0.20,9,273.00,0.90,313,87.00,11.20,247.00
"2025-04-01 21:15:00",0.80,279.00,9.00,0.04,9,277.00,0.20,414,108.00,11.10,243.00,0.40,9,277.00,1.40,245,90.00,8.30,194.00,0.70,9,277.00,1.20,307,98.00,9.60,219.00
"2025-04-01 21:30:00",1.60,263.00,9.00,0.02,9,274.00,0.26,502,132.00,11.80,251.00,1.20,9,274.00,1.80,332,115.00,9.50,225.00,1.10,9,274.00,1.80,387,128.00,10.20,225.00
"2025-04-01 21:45:00",1.50,264.00,9.00,0.04,9,274.00,0.27,462,106.00,12.50,268.00,1.00,9,274.00,2.20,323,87.00,11.00,255.00,1.10,9,274.00,1.70,358,89.00,12.00,267.00
"2025-04-01 22:00:00",1.10,271.00,9.00,0.06,9,273.00,0.23,499,131.00,12.10,248.00,0.70,9,273.00,2.20,319,99.00,10.40,242.00,0.90,9,273.00,1.50,377,105.00,11.60,250.00
"2025-04-01 22:15:00",1.20,261.00,9.00,0.02,9,277.00,0.25,510,149.00,10.90,232.00,0.90,9,277.00,1.90,321,115.00,8.80,182.00,0.80,9,277.00,1.10,373,112.00,10.80,234.00
"2025-04-01 22:30:00",1.20,265.00,9.00,-0.01,9,273.00,0.23,471,108.00,12.50,265.00,0.80,9,273.00,1.30,296,95.00,9.60,215.00,0.90,9,273.00,0.90,333,76.00,12.60,262.00
"2025-04-01 22:45:00",0.90,273.00,9.00,0.03,9,275.00,0.25,506,112.00,12.70,265.00,0.50,9,275.00,1.90,314,97.00,9.90,230.00,0.80,9,275.00,1.30,358,79.00,13.00,263.00
"2025-04-01 23:00:00",1.50,267.00,9.00,-0.08,9,274.00,0.28,486,114.00,12.30,258.00,1.00,9,274.00,2.10,330,108.00,9.20,204.00,1.10,9,274.00,1.40,350,78.00,12.80,261.00
"2025-04-01 23:15:00",0.80,271.00,9.00,-0.04,9,276.00,0.27,460,110.00,11.80,250.00,0.50,9,276.00,1.70,284,99.00,8.60,207.00,0.70,9,276.00,0.90,312,70.00,12.40,250.00
"2025-04-01 23:30:00",1.20,275.00,9.00,0.01,9,273.00,0.32,540,166.00,11.00,228.00,0.60,9,273.00,2.20,345,125.00,8.90,209.00,1.00,9,273.00,1.50,395,122.00,11.30,230.00
"2025-04-01 23:45:00",0.20,288.00,9.00,0.02,9,274.00,0.24,441,104.00,12.20,264.00,0.10,9,274.00,1.70,267,87.00,9.40,234.00,0.20,9,274.00,0.80,326,70.00,13.10,265.00
"2025-04-02 00:00:00",0.30,290.00,9.00,-0.01,9,274.00,0.26,478,158.00,10.50,226.00,0.10,9,274.00,1.50,274,109.00,8.20,193.00,0.30,9,274.00,0.70,363,116.00,11.20,226.00
"2025-04-02 00:15:00",0.80,264.00,9.00,-0.01,9,277.00,0.23,419,105.00,11.40,247.00,0.60,9,277.00,1.50,252,89.00,8.70,216.00,0.60,9,277.00,0.90,292,72.00,11.70,251.00
"2025-04-02 00:30:00",0.70,265.00,9.00,-0.02,9,274.00,0.24,423,99.00,12.30,269.00,0.50,9,274.00,1.20,260,86.00,9.30,237.00,0.50,9,274.00,0.90,307,68.00,12.80,269.00
"2025-04-02 00:45:00",0.90,251.00,9.00,0.00,9,274.00,0.24,468,147.00,10.70,238.00,0.80,9,274.00,1.40,263,106.00,7.90,196.00,0.50,9,274.00,1.10,352,106.00,11.30,242.00
"2025-04-02 01:00:00",0.60,262.00,9.00,-0.01,9,275.00,0.20,445,98.00,12.80,267.00,0.40,9,275.00,1.10,251,77.00,10.00,245.00,0.40,9,275.00,0.70,318,73.00,12.50,264.00
"2025-04-02 01:15:00",0.90,269.00,9.00,-0.04,9,276.00,0.21,684,332.00,8.00,140.00,0.50,9,276.00,1.30,528,304.00,6.00,98.00,0.70,9,276.00,1.00,664,363.00,6.90,108.00
"2025-04-02 01:30:00",0.30,281.00,9.00,-0.02,9,274.00,0.25,551,232.00,8.50,173.00,0.20,9,274.00,1.20,410,221.00,6.20,103.00,0.30,9,274.00,0.90,504,258.00,7.30,118.00
"2025-04-02 01:45:00",1.30,275.00,9.00,-0.05,9,274.00,0.25,646,267.00,9.00,178.00,0.70,9,274.00,1.60,480,247.00,6.70,123.00,1.10,9,274.00,1.50,551,287.00,6.90,132.00
"2025-04-02 02:00:00",0.80,243.00,9.00,0.02,9,274.00,0.22,550,136.00,12.70,252.00,0.70,9,274.00,1.30,318,104.00,9.90,224.00,0.30,9,274.00,1.00,389,108.00,11.80,243.00
"2025-04-02 02:15:00",2.10,229.00,9.00,0.03,9,277.00,0.27,502,109.00,12.80,250.00,2.00,9,277.00,2.40,325,94.00,10.20,242.00,0.40,9,277.00,1.00,348,81.00,12.10,251.00
"2025-04-02 02:30:00",1.80,249.00,9.00,-0.03,9,274.00,0.28,566,123.00,13.20,260.00,1.50,9,274.00,2.00,385,106.00,11.20,261.00,0.90,9,274.00,1.50,433,112.00,12.40,253.00
"2025-04-02 02:45:00",1.90,245.00,9.00,0.01,9,274.00,0.27,598,206.00,10.90,207.00,1.70,9,274.00,2.10,450,189.00,9.10,183.00,0.90,9,274.00,1.30,488,204.00,10.20,186.00
"2025-04-02 03:00:00",2.50,257.00,9.00,-0.02,9,275.00,0.32,706,337.00,7.10,130.00,1.90,9,275.00,2.20,592,318.00,5.70,85.00,1.60,9,275.00,2.00,664,382.00,5.30,74.00
"2025-04-02 03:15:00",1.40,246.00,9.00,-0.01,9,277.00,0.24,588,216.00,9.70,206.00,1.20,9,277.00,1.50,432,204.00,7.20,153.00,0.70,9,277.00,1.10,526,236.00,8.30,175.00
"2025-04-02 03:30:00",1.30,265.00,9.00,0.01,9,274.00,0.22,558,163.00,11.20,235.00,0.90,9,274.00,1.30,400,143.00,9.30,208.00,1.00,9,274.00,1.50,444,155.00,10.10,218.00
"2025-04-02 03:45:00",0.90,215.00,9.00,0.05,9,275.00,0.19,644,111.00,14.80,271.00,0.90,9,275.00,1.10,362,90.00,11.70,272.00,0.00,9,275.00,0.80,437,83.00,14.20,273.00
"2025-04-02 04:00:00",1.50,239.00,9.00,-0.02,9,274.00,0.28,571,117.00,13.50,271.00,1.40,9,274.00,1.50,401,98.00,11.70,261.00,0.50,9,274.00,0.90,477,85.00,14.80,269.00
"2025-04-02 04:15:00",1.60,248.00,9.00,0.02,9,276.00,0.24,573,111.00,13.50,256.00,1.30,9,276.00,1.40,358,96.00,10.70,246.00,0.80,9,276.00,0.90,440,80.00,14.00,254.00
"2025-04-02 04:30:00",2.00,238.00,9.00,0.07,9,274.00,0.25,649,126.00,13.90,272.00,1.90,9,274.00,1.60,457,114.00,11.40,268.00,0.70,9,274.00,1.10,481,94.00,13.80,270.00
"2025-04-02 04:45:00",1.60,234.00,9.00,0.08,9,274.00,0.22,684,147.00,13.20,265.00,1.60,9,274.00,1.20,466,137.00,10.30,250.00,0.50,9,274.00,1.00,516,111.00,13.40,261.00
"2025-04-02 05:00:00",1.20,238.00,9.00,0.05,9,273.00,0.23,680,137.00,13.60,270.00,1.10,9,273.00,1.10,476,127.00,11.00,250.00,0.40,9,273.00,1.00,541,102.00,14.20,266.00
"2025-04-02 05:15:00",1.00,256.00,9.00,0.14,9,276.00,0.24,547,132.00,11.80,249.00,0.80,9,276.00,1.20,391,129.00,9.00,214.00,0.60,9,276.00,0.90,486,94.00,13.50,251.00
"2025-04-02 05:30:00",0.50,269.00,9.00,0.03,9,273.00,0.18,613,132.00,13.30,268.00,0.30,9,273.00,0.80,352,123.00,8.80,208.00,0.40,9,273.00,0.60,457,95.00,13.60,266.00
"2025-04-02 05:45:00",0.30,265.00,9.00,0.00,9,274.00,0.22,575,139.00,12.20,261.00,0.20,9,274.00,0.80,320,125.00,8.00,196.00,0.30,9,274.00,0.80,425,104.00,12.30,256.00
"2025-04-02 06:00:00",1.20,256.00,9.00,0.03,9,273.00,0.21,586,147.00,12.10,257.00,1.00,9,273.00,1.00,409,143.00,8.90,220.00,0.70,9,273.00,0.80,535,110.00,13.90,270.00
"2025-04-02 06:15:00",1.70,250.00,9.00,0.06,9,276.00,0.22,654,142.00,12.70,252.00,1.40,9,276.00,1.20,486,125.00,11.00,240.00,0.90,9,276.00,1.00,512,104.00,13.00,252.00
"2025-04-02 06:30:00",1.00,252.00,9.00,0.09,9,273.00,0.20,665,136.00,13.50,271.00,0.80,9,273.00,1.10,521,134.00,11.10,253.00,0.60,9,273.00,1.10,516,101.00,13.70,271.00
"2025-04-02 06:45:00",0.50,314.00,9.00,0.08,9,273.00,0.24,658,134.00,13.60,270.00,-0.10,9,273.00,1.40,525,129.00,11.40,248.00,0.50,9,273.00,0.80,543,100.00,14.40,268.00
"2025-04-02 07:00:00",0.70,22.00,9.00,0.13,9,274.00,0.27,731,144.00,13.80,270.00,-0.70,9,274.00,1.40,617,137.00,12.50,254.00,0.20,9,274.00,1.20,563,119.00,13.50,261.00
"2025-04-02 07:15:00",0.90,18.00,9.00,0.10,9,275.00,0.29,615,124.00,13.20,252.00,-0.80,9,275.00,1.20,494,106.00,12.50,249.00,0.30,9,275.00,1.00,497,97.00,13.50,255.00
"2025-04-02 07:30:00",0.40,268.00,9.00,0.03,9,274.00,0.20,677,254.00,9.10,183.00,0.20,9,274.00,1.30,476,220.00,6.80,114.00,0.30,9,274.00,0.90,571,254.00,8.00,155.00
"2025-04-02 07:45:00",0.40,257.00,9.00,-0.01,9,275.00,0.19,536,114.00,13.30,274.00,0.30,9,275.00,0.90,355,98.00,10.80,248.00,0.30,9,275.00,0.70,414,89.00,13.30,267.00
"2025-04-02 08:00:00",0.50,206.00,9.00,-0.08,9,274.00,0.16,584,113.00,14.10,270.00,0.50,9,274.00,0.70,295,100.00,9.30,219.00,-0.10,9,274.00,0.60,419,82.00,14.10,265.00
"2025-04-02 08:15:00",0.60,129.00,9.00,0.01,9,275.00,0.25,609,132.00,12.70,246.00,0.00,9,275.00,1.00,612,120.00,13.30,246.00,-0.60,9,275.00,1.00,589,108.00,14.20,249.00
"2025-04-02 08:30:00",0.30,92.00,9.00,0.09,9,275.00,0.22,526,115.00,12.90,268.00,-0.20,9,275.00,1.00,408,95.00,12.10,257.00,-0.30,9,275.00,0.90,448,81.00,14.50,267.00
"2025-04-02 08:45:00",0.20,356.00,9.00,-0.07,9,274.00,0.23,541,186.00,10.70,233.00,-0.10,9,274.00,0.80,358,128.00,9.30,202.00,0.10,9,274.00,1.00,424,124.00,12.10,236.00
"2025-04-02 09:00:00",0.40,82.00,9.00,-0.07,9,274.00,0.26,493,136.00,11.20,242.00,-0.30,9,274.00,1.00,426,113.00,10.60,223.00,-0.30,9,274.00,1.10,423,105.00,12.60,260.00
"2025-04-02 09:15:00",0.90,43.00,9.00,-0.03,9,276.00,0.26,524,213.00,8.60,166.00,-0.90,9,276.00,2.60,378,184.00,6.90,125.00,-0.10,9,276.00,1.00,436,197.00,8.40,145.00
"2025-04-02 09:30:00",1.90,239.00,0.00,-0.07,9,274.00,0.27,678,344.00,6.40,95.00,1.80,0,274.00,1.90,538,331.00,4.50,29.00,0.70,0,274.00,0.90,648,395.00,4.60,29.00
"2025-04-02 09:45:00",2.30,241.00,9.00,-0.08,9,274.00,0.25,490,150.00,10.90,223.00,2.20,9,274.00,2.00,350,133.00,8.80,188.00,0.90,9,274.00,1.20,429,139.00,11.10,209.00
"2025-04-02 10:00:00",1.30,244.00,9.00,-0.04,2,274.00,0.22,473,140.00,11.30,239.00,1.20,2,274.00,1.70,309,117.00,8.60,193.00,0.60,2,274.00,1.00,365,102.00,12.20,236.00
"2025-04-02 10:15:00",0.30,251.00,9.00,0.00,2,276.00,0.20,437,134.00,10.40,224.00,0.20,2,276.00,1.00,260,109.00,7.60,142.00,0.20,2,276.00,0.80,332,90.00,11.60,241.00
"2025-04-02 10:30:00",0.10,237.00,9.00,0.01,9,274.00,0.22,417,99.00,12.30,264.00,0.10,9,274.00,0.90,232,84.00,8.60,188.00,0.00,9,274.00,0.70,312,68.00,13.20,260.00
"2025-04-02 10:45:00",0.00,4.00,9.00,0.00,9,275.00,0.22,409,98.00,12.10,254.00,0.00,9,275.00,1.20,233,83.00,8.80,194.00,0.00,9,275.00,0.80,303,69.00,12.80,258.00
"2025-04-02 11:00:00",0.70,235.00,9.00,0.03,9,274.00,0.27,438,111.00,11.90,248.00,0.70,9,274.00,2.40,256,93.00,8.60,187.00,0.20,9,274.00,1.40,306,77.00,12.00,252.00
"2025-04-02 11:15:00",0.40,305.00,9.00,0.10,9,276.00,0.39,427,132.00,9.70,229.00,0.00,9,276.00,2.90,325,134.00,7.20,158.00,0.40,9,276.00,2.00,310,98.00,9.60,234.00
"2025-04-02 11:30:00",0.60,246.00,9.00,0.06,9,274.00,0.28,487,168.00,9.50,223.00,0.60,9,274.00,1.30,330,156.00,6.40,128.00,0.30,9,274.00,1.40,358,135.00,9.00,207.00
"2025-04-02 11:45:00",0.90,237.00,9.00,0.16,2,275.00,0.37,473,127.00,11.30,257.00,0.80,2,275.00,2.30,299,123.00,7.30,172.00,0.30,2,275.00,1.30,322,92.00,10.60,254.00
"2025-04-02 12:00:00",1.90,265.00,9.00,0.32,2,275.00,0.66,479,120.00,11.80,265.00,1.30,2,275.00,3.20,453,116.00,11.00,257.00,1.40,2,275.00,3.10,388,95.00,11.90,269.00
"2025-04-02 12:15:00",0.70,336.00,9.00,0.10,9,278.00,0.34,401,100.00,11.60,245.00,-0.30,9,278.00,1.80,268,78.00,9.80,226.00,0.60,9,278.00,2.50,292,71.00,11.90,249.00
"2025-04-02 12:30:00",0.60,305.00,9.00,0.03,2,276.00,0.22,456,139.00,11.30,228.00,0.00,2,276.00,1.40,307,119.00,9.10,193.00,0.60,2,276.00,1.30,352,123.00,10.80,220.00
"2025-04-02 12:45:00",0.30,287.00,9.00,0.08,9,276.00,0.27,523,170.00,11.00,234.00,0.10,9,276.00,1.30,312,118.00,8.90,207.00,0.30,9,276.00,1.00,370,121.00,11.20,228.00
"2025-04-02 13:00:00",1.60,306.00,9.00,-0.04,2,274.00,0.31,467,149.00,10.40,230.00,0.10,2,274.00,1.50,326,131.00,8.40,187.00,1.60,2,274.00,2.30,339,136.00,8.90,194.00
"2025-04-02 13:15:00",0.90,305.00,9.00,0.02,2,276.00,0.27,388,104.00,11.10,232.00,0.00,2,276.00,1.10,231,79.00,8.80,200.00,0.90,2,276.00,2.10,297,76.00,11.60,244.00
"2025-04-02 13:30:00",1.40,275.00,9.00,0.13,2,276.00,0.35,460,138.00,10.80,229.00,0.80,2,276.00,2.60,335,132.00,8.80,189.00,1.20,2,276.00,2.50,364,138.00,9.70,213.00
"2025-04-02 13:45:00",1.20,245.00,9.00,-0.05,2,276.00,0.31,462,150.00,10.80,227.00,1.10,2,276.00,1.50,350,135.00,9.30,192.00,0.60,2,276.00,0.90,423,154.00,10.90,198.00
"2025-04-02 14:00:00",1.00,237.00,9.00,0.06,2,274.00,0.33,492,121.00,12.50,252.00,1.00,2,274.00,1.60,367,94.00,11.60,248.00,0.30,2,274.00,1.00,375,85.00,13.50,259.00
"2025-04-02 14:15:00",0.80,305.00,9.00,-0.02,9,276.00,0.28,462,148.00,10.40,214.00,0.00,9,276.00,1.50,298,110.00,8.70,177.00,0.80,9,276.00,1.50,343,109.00,10.50,210.00
"2025-04-02 14:30:00",0.80,342.00,9.00,0.01,2,276.00,0.26,447,116.00,11.40,237.00,-0.40,2,276.00,1.40,240,84.00,8.70,178.00,0.60,2,276.00,1.40,299,78.00,11.70,252.00
"2025-04-02 14:45:00",0.80,288.00,9.00,-0.01,2,276.00,0.27,393,139.00,8.90,185.00,0.30,2,276.00,1.40,235,95.00,7.70,155.00,0.80,2,276.00,1.70,287,90.00,10.00,237.00
"2025-04-02 15:00:00",1.20,258.00,9.00,0.02,2,275.00,0.36,431,160.00,8.30,169.00,0.90,2,275.00,2.50,312,112.00,8.50,182.00,0.80,2,275.00,2.00,312,101.00,9.60,214.00
"2025-04-02 15:15:00",1.40,256.00,9.00,-0.06,2,278.00,0.43,401,151.00,8.40,189.00,1.10,2,278.00,3.20,270,109.00,7.70,162.00,0.80,2,278.00,1.80,278,93.00,9.30,211.00
"2025-04-02 15:30:00",1.50,275.00,9.00,-0.01,2,276.00,0.43,413,133.00,9.80,227.00,0.80,2,276.00,3.10,307,108.00,8.70,193.00,1.20,2,276.00,2.50,313,102.00,9.90,234.00
"2025-04-02 15:45:00",0.90,308.00,9.00,0.04,2,276.00,0.31,386,102.00,11.50,258.00,0.00,2,276.00,3.20,240,79.00,9.40,229.00,0.90,2,276.00,2.20,283,75.00,11.50,250.00
"2025-04-02 16:00:00",2.40,246.00,9.00,0.00,2,275.00,0.39,412,105.00,11.70,264.00,2.10,2,275.00,3.70,276,82.00,10.20,254.00,1.10,2,275.00,2.50,327,78.00,12.40,269.00
"2025-04-02 16:15:00",0.90,239.00,9.00,-0.01,2,278.00,0.25,371,91.00,11.90,247.00,0.90,2,278.00,1.80,210,69.00,9.40,228.00,0.30,2,278.00,1.10,261,60.00,12.40,250.00
"2025-04-02 16:30:00",0.80,255.00,9.00,0.10,2,276.00,0.29,394,98.00,11.80,258.00,0.60,2,276.00,2.60,249,78.00,9.80,237.00,0.50,2,276.00,2.00,274,69.00,11.80,265.00
"2025-04-02 16:45:00",0.40,319.00,9.00,0.03,9,275.00,0.26,387,103.00,11.60,262.00,-0.10,9,275.00,1.30,238,84.00,9.10,213.00,0.40,9,275.00,1.10,286,84.00,11.00,252.00
"2025-04-02 17:00:00",0.90,295.00,9.00,0.07,2,276.00,0.36,378,98.00,11.50,260.00,0.20,2,276.00,2.00,231,73.00,9.60,238.00,0.90,2,276.00,2.20,292,72.00,12.20,268.00
"2025-04-02 17:15:00",0.20,290.00,9.00,0.08,9,278.00,0.23,348,90.00,11.10,248.00,0.10,9,278.00,1.80,209,73.00,8.70,221.00,0.20,9,278.00,1.00,257,65.00,11.50,247.00
"2025-04-02 17:30:00",0.10,1.00,9.00,0.07,9,274.00,0.22,349,91.00,11.50,261.00,-0.10,9,274.00,1.40,190,73.00,8.20,201.00,0.10,9,274.00,0.80,257,64.00,11.80,257.00
"2025-04-02 17:45:00",0.20,344.00,9.00,0.08,9,274.00,0.22,375,89.00,12.20,269.00,-0.10,9,274.00,1.00,194,71.00,8.50,212.00,0.20,9,274.00,0.80,271,63.00,12.50,262.00
"2025-04-02 18:00:00",0.10,261.00,9.00,0.07,9,274.00,0.19,350,88.00,11.60,263.00,0.10,9,274.00,1.00,190,79.00,7.40,165.00,0.10,9,274.00,0.80,254,57.00,12.70,267.00
"2025-04-02 18:15:00",0.30,9.00,9.00,0.08,9,276.00,0.22,364,108.00,10.40,227.00,-0.20,9,276.00,1.00,211,94.00,6.80,140.00,0.10,9,276.00,0.70,278,78.00,11.50,236.00
"2025-04-02 18:30:00",0.30,231.00,9.00,0.08,9,274.00,0.21,389,96.00,11.80,265.00,0.30,9,274.00,0.80,205,88.00,7.20,160.00,0.10,9,274.00,0.70,281,62.00,12.70,267.00
"2025-04-02 18:45:00",0.70,240.00,9.00,0.02,9,274.00,0.22,442,150.00,10.30,214.00,0.60,9,274.00,1.00,281,136.00,7.00,134.00,0.20,9,274.00,0.70,369,147.00,10.10,188.00
"2025-04-02 19:00:00",0.90,235.00,9.00,0.02,9,274.00,0.21,441,99.00,12.70,270.00,0.90,9,274.00,1.30,262,87.00,9.40,225.00,0.30,9,274.00,0.80,343,69.00,13.70,273.00
"2025-04-02 19:15:00",0.60,248.00,9.00,0.05,9,276.00,0.23,448,95.00,12.80,255.00,0.50,9,276.00,1.10,242,81.00,9.10,213.00,0.30,9,276.00,0.70,323,64.00,13.40,249.00
"2025-04-02 19:30:00",0.80,241.00,9.00,0.00,9,274.00,0.25,462,99.00,13.00,270.00,0.70,9,274.00,1.10,266,71.00,11.10,256.00,0.30,9,274.00,0.80,350,66.00,14.10,268.00
"2025-04-02 19:45:00",1.60,236.00,9.00,0.07,9,274.00,0.28,606,147.00,12.20,257.00,1.50,9,274.00,2.10,373,103.00,10.90,258.00,0.50,9,274.00,1.10,435,100.00,13.30,262.00
"2025-04-02 20:00:00",1.90,228.00,9.00,0.06,9,274.00,0.25,586,131.00,12.70,269.00,1.90,9,274.00,1.80,333,93.00,10.50,256.00,0.30,9,274.00,0.90,372,79.00,13.20,265.00
"2025-04-02 20:15:00",1.20,228.00,9.00,0.02,9,276.00,0.21,503,98.00,13.40,255.00,1.20,9,276.00,1.70,240,76.00,9.50,232.00,0.20,9,276.00,0.80,320,63.00,13.40,255.00
"2025-04-02 20:30:00",1.80,233.00,9.00,-0.01,9,274.00,0.22,570,198.00,10.40,201.00,1.80,9,274.00,1.80,375,183.00,7.30,144.00,0.50,9,274.00,0.90,451,198.00,9.00,159.00
"2025-04-02 20:45:00",2.00,230.00,9.00,0.06,9,273.00,0.22,590,109.00,14.30,273.00,1.90,9,273.00,2.00,333,88.00,11.10,264.00,0.40,9,273.00,0.90,441,76.00,15.00,272.00
"2025-04-02 21:00:00",2.20,236.00,9.00,0.03,9,275.00,0.25,545,110.00,13.60,269.00,2.10,9,275.00,1.90,357,90.00,11.50,267.00,0.70,9,275.00,1.10,399,78.00,13.90,271.00
"2025-04-02 21:15:00",1.70,240.00,9.00,0.03,9,276.00,0.24,509,114.00,12.50,250.00,1.60,9,276.00,1.80,300,92.00,9.70,227.00,0.60,9,276.00,1.10,373,83.00,12.60,248.00
"2025-04-02 21:30:00",1.80,236.00,9.00,0.00,9,274.00,0.25,589,153.00,11.70,262.00,1.70,9,274.00,1.60,374,120.00,9.50,239.00,0.60,9,274.00,1.00,404,102.00,11.90,259.00
"2025-04-02 21:45:00",1.70,244.00,9.00,0.05,9,274.00,0.21,604,120.00,13.80,272.00,1.50,9,274.00,1.50,340,103.00,9.90,242.00,0.70,9,274.00,1.00,406,79.00,13.90,272.00
"2025-04-02 22:00:00",2.00,233.00,9.00,0.08,9,274.00,0.21,610,117.00,14.00,272.00,1.90,9,274.00,1.60,367,111.00,9.90,242.00,0.50,9,274.00,1.10,436,84.00,13.90,269.00
"2025-04-02 22:15:00",1.30,248.00,9.00,0.07,9,276.00,0.20,580,106.00,13.90,256.00,1.20,9,276.00,1.20,330,87.00,10.90,251.00,0.70,9,276.00,1.00,408,76.00,13.90,252.00
"2025-04-02 22:30:00",0.40,219.00,9.00,0.09,9,273.00,0.19,643,120.00,14.20,271.00,0.40,9,273.00,0.90,316,99.00,9.70,236.00,0.00,9,273.00,0.70,436,84.00,14.20,271.00
"2025-04-02 22:45:00",0.80,251.00,9.00,0.00,9,274.00,0.25,585,227.00,9.30,199.00,0.70,9,274.00,1.40,409,204.00,6.80,125.00,0.50,9,274.00,0.90,508,239.00,7.70,151.00
"2025-04-02 23:00:00",1.90,237.00,0.00,0.01,9,274.00,0.20,729,373.00,6.10,108.00,1.70,0,274.00,1.90,558,331.00,4.60,39.00,0.60,0,274.00,1.10,677,406.00,4.50,29.00
"2025-04-02 23:15:00",1.20,243.00,9.00,-0.01,9,276.00,0.23,572,151.00,12.10,242.00,1.10,9,276.00,1.30,393,130.00,10.10,217.00,0.50,9,276.00,0.90,461,135.00,11.70,214.00
"2025-04-02 23:30:00",1.10,235.00,9.00,0.10,9,274.00,0.21,584,113.00,13.90,274.00,1.00,9,274.00,1.30,386,93.00,12.10,262.00,0.30,9,274.00,1.00,408,85.00,13.40,270.00
"2025-04-02 23:45:00",0.30,28.00,9.00,0.12,9,274.00,0.23,611,130.00,13.10,268.00,-0.30,9,274.00,1.30,425,114.00,11.00,254.00,0.00,9,274.00,1.10,422,89.00,13.00,267.00
"2025-04-03 00:00:00",0.90,74.00,9.00,0.11,9,274.00,0.19,659,122.00,14.40,272.00,-0.70,9,274.00,1.40,402,112.00,10.70,257.00,-0.50,9,274.00,0.70,486,82.00,15.20,271.00
"2025-04-03 00:15:00",0.50,160.00,9.00,0.03,9,276.00,0.18,553,122.00,12.70,251.00,0.20,9,276.00,1.00,360,102.00,10.30,230.00,-0.40,9,276.00,0.80,385,82.00,12.80,249.00
"2025-04-03 00:30:00",1.00,102.00,9.00,0.17,9,275.00,0.19,628,176.00,11.80,257.00,-0.40,9,275.00,0.60,401,129.00,10.00,226.00,-0.90,9,275.00,0.60,424,120.00,11.90,242.00
"2025-04-03 00:45:00",0.70,117.00,9.00,0.10,9,274.00,0.21,459,109.00,12.40,274.00,-0.10,9,274.00,0.60,348,98.00,10.70,259.00,-0.60,9,274.00,0.60,343,77.00,12.80,274.00
"2025-04-03 01:00:00",0.40,156.00,9.00,0.03,9,274.00,0.20,525,106.00,13.70,274.00,0.20,9,274.00,0.40,382,93.00,12.00,266.00,-0.40,9,274.00,0.70,332,74.00,12.60,270.00
"2025-04-03 01:15:00",0.50,110.00,9.00,0.10,9,277.00,0.17,488,111.00,12.30,255.00,-0.20,9,277.00,0.40,414,98.00,12.00,249.00,-0.50,9,277.00,0.70,332,80.00,11.70,243.00
"2025-04-03 01:30:00",0.30,27.00,9.00,0.07,9,274.00,0.16,621,119.00,14.10,270.00,-0.30,9,274.00,0.80,497,107.00,13.10,260.00,0.10,9,274.00,1.00,455,99.00,13.30,262.00
"2025-04-03 01:45:00",0.70,36.00,9.00,0.05,9,274.00,0.16,578,115.00,13.70,270.00,-0.70,9,274.00,0.90,413,103.00,11.30,252.00,0.00,9,274.00,0.70,481,82.00,15.00,272.00
"2025-04-03 02:00:00",0.20,52.00,9.00,0.11,9,275.00,0.27,553,175.00,10.70,226.00,-0.20,9,275.00,0.90,466,129.00,10.80,241.00,0.00,9,275.00,0.90,472,126.00,12.10,246.00
"2025-04-03 02:15:00",0.40,61.00,9.00,0.10,9,276.00,0.13,582,120.00,13.30,252.00,-0.30,9,276.00,0.70,417,100.00,11.60,242.00,-0.20,9,276.00,0.70,367,88.00,11.80,252.00
"2025-04-03 02:30:00",0.80,97.00,9.00,0.15,9,274.00,0.23,517,107.00,13.60,274.00,-0.40,9,274.00,0.60,316,84.00,11.20,259.00,-0.70,9,274.00,0.70,381,74.00,13.80,271.00
"2025-04-03 02:45:00",1.10,75.00,9.00,0.16,9,274.00,0.13,680,164.00,13.70,238.00,-0.90,9,274.00,0.60,360,119.00,9.90,227.00,-0.70,9,274.00,0.60,476,111.00,14.10,245.00
"2025-04-03 03:00:00",0.50,100.00,9.00,0.08,9,275.00,0.15,547,121.00,13.20,269.00,-0.20,9,275.00,0.60,327,99.00,10.20,249.00,-0.40,9,275.00,0.50,515,81.00,15.80,273.00
"2025-04-03 03:15:00",0.30,155.00,9.00,0.04,9,276.00,0.20,474,113.00,12.10,257.00,0.10,9,276.00,0.60,327,96.00,10.30,236.00,-0.30,9,276.00,0.70,300,75.00,11.60,244.00
"2025-04-03 03:30:00",0.60,245.00,9.00,-0.05,9,274.00,0.15,527,107.00,13.60,271.00,0.50,9,274.00,0.70,308,93.00,10.20,248.00,0.30,9,274.00,0.80,306,75.00,11.80,264.00
"2025-04-03 03:45:00",0.30,208.00,9.00,0.03,9,275.00,0.16,582,112.00,14.00,270.00,0.30,9,275.00,0.60,331,98.00,10.10,226.00,-0.10,9,275.00,0.70,344,78.00,12.70,268.00
"2025-04-03 04:00:00",0.50,177.00,9.00,0.02,9,274.00,0.18,478,104.00,13.20,273.00,0.40,9,274.00,0.50,357,89.00,11.80,269.00,-0.30,9,274.00,0.70,319,70.00,12.80,268.00
"2025-04-03 04:15:00",0.20,121.00,9.00,0.10,9,277.00,0.15,608,170.00,11.40,228.00,0.00,9,277.00,1.30,322,118.00,8.60,211.00,-0.20,9,277.00,0.40,501,109.00,13.40,240.00
"2025-04-03 04:30:00",0.20,129.00,9.00,0.11,9,274.00,0.15,585,116.00,13.80,272.00,0.00,9,274.00,0.50,401,100.00,11.70,266.00,-0.20,9,274.00,0.60,560,78.00,16.50,273.00
"2025-04-03 04:45:00",0.30,160.00,9.00,0.13,9,274.00,0.17,601,124.00,13.50,272.00,0.20,9,274.00,0.80,402,103.00,11.40,261.00,-0.30,9,274.00,0.70,413,81.00,13.80,274.00
"2025-04-03 05:00:00",0.60,295.00,9.00,-0.01,9,273.00,0.18,605,126.00,13.60,268.00,0.10,9,273.00,0.90,319,105.00,9.40,222.00,0.50,9,273.00,0.70,416,93.00,13.00,263.00
"2025-04-03 05:15:00",1.00,308.00,9.00,-0.06,9,275.00,0.13,504,113.00,12.60,252.00,0.00,9,275.00,0.60,333,97.00,10.30,227.00,1.00,9,275.00,0.60,340,89.00,11.50,241.00
"2025-04-03 05:30:00",0.80,261.00,9.00,-0.04,9,274.00,0.11,598,146.00,12.80,255.00,0.60,9,274.00,1.80,369,120.00,9.70,214.00,0.60,9,274.00,0.70,348,107.00,10.70,228.00
"2025-04-03 05:45:00",0.50,288.00,9.00,0.00,9,273.00,0.13,479,117.00,11.90,248.00,0.20,9,273.00,0.60,304,103.00,9.30,212.00,0.50,9,273.00,0.70,320,92.00,10.80,245.00
"2025-04-03 06:00:00",0.20,50.00,9.00,0.07,9,273.00,0.13,530,107.00,13.80,262.00,-0.20,9,273.00,0.80,302,92.00,10.00,234.00,0.00,9,273.00,0.60,330,77.00,12.40,256.00
"2025-04-03 06:15:00",0.20,170.00,9.00,0.15,9,276.00,0.18,404,105.00,11.30,247.00,0.10,9,276.00,0.70,275,89.00,9.40,215.00,-0.10,9,276.00,0.40,366,75.00,13.30,250.00
"2025-04-03 06:30:00",0.20,350.00,9.00,0.05,9,273.00,0.22,486,117.00,12.50,261.00,-0.10,9,273.00,1.00,415,104.00,11.70,250.00,0.10,9,273.00,0.50,447,85.00,14.20,265.00
"2025-04-03 06:45:00",0.30,346.00,9.00,0.03,9,273.00,0.21,475,133.00,11.40,254.00,-0.20,9,273.00,0.80,304,108.00,9.20,217.00,0.20,9,273.00,0.60,375,93.00,12.50,257.00
"2025-04-03 07:00:00",0.40,47.00,9.00,0.06,9,274.00,0.19,482,120.00,11.90,252.00,-0.40,9,274.00,0.80,282,94.00,9.30,231.00,-0.10,9,274.00,0.70,352,89.00,11.90,258.00
"2025-04-03 07:15:00",0.30,173.00,9.00,0.05,9,275.00,0.19,424,119.00,10.80,238.00,0.20,9,275.00,0.80,225,92.00,7.60,186.00,-0.20,9,275.00,0.60,318,78.00,11.80,246.00
"2025-04-03 07:30:00",0.20,154.00,9.00,0.06,9,274.00,0.19,440,117.00,11.40,261.00,0.10,9,274.00,0.80,258,96.00,8.40,215.00,-0.20,9,274.00,0.60,354,75.00,13.20,270.00
"2025-04-03 07:45:00",0.40,194.00,9.00,0.04,9,274.00,0.19,454,115.00,11.70,267.00,0.40,9,274.00,0.70,301,98.00,9.30,215.00,-0.20,9,274.00,0.60,376,77.00,13.50,273.00
"2025-04-03 08:00:00",0.30,206.00,9.00,0.07,9,274.00,0.22,459,120.00,11.30,258.00,0.30,9,274.00,0.80,287,102.00,8.70,222.00,-0.10,9,274.00,0.60,368,82.00,13.00,266.00
"2025-04-03 08:15:00",0.20,226.00,9.00,0.06,9,276.00,0.20,490,140.00,11.00,234.00,0.20,9,276.00,0.80,283,113.00,7.80,175.00,0.00,9,276.00,0.70,360,94.00,11.90,237.00
"2025-04-03 08:30:00",0.50,183.00,9.00,0.13,9,275.00,0.24,449,121.00,11.10,255.00,0.40,9,275.00,1.10,307,106.00,9.00,215.00,-0.30,9,275.00,0.70,367,82.00,12.80,267.00
"2025-04-03 08:45:00",0.30,233.00,9.00,0.05,9,274.00,0.22,489,124.00,11.80,262.00,0.20,9,274.00,1.00,293,105.00,8.60,200.00,0.10,9,274.00,0.70,383,80.00,13.30,270.00
"2025-04-03 09:00:00",0.20,54.00,9.00,0.02,9,273.00,0.22,450,122.00,11.10,246.00,-0.20,9,273.00,0.90,287,102.00,8.70,204.00,-0.10,9,273.00,0.70,363,85.00,12.50,261.00
"2025-04-03 09:15:00",0.30,254.00,9.00,0.07,9,276.00,0.24,489,139.00,10.90,234.00,0.20,9,276.00,1.00,345,117.00,9.20,206.00,0.20,9,276.00,1.00,415,95.00,12.60,242.00
"2025-04-03 09:30:00",0.20,81.00,9.00,0.04,9,274.00,0.20,533,148.00,11.40,245.00,-0.10,9,274.00,0.80,435,130.00,10.30,230.00,-0.10,9,274.00,0.70,459,111.00,12.80,251.00
"2025-04-03 09:45:00",0.70,61.00,9.00,-0.08,9,274.00,0.24,574,132.00,12.40,266.00,-0.60,9,274.00,1.10,482,115.00,11.70,250.00,-0.30,9,274.00,1.00,507,99.00,14.00,270.00
"2025-04-03 10:00:00",0.50,94.00,9.00,0.13,2,274.00,0.34,576,128.00,12.70,263.00,-0.30,2,274.00,1.50,450,113.00,11.30,255.00,-0.40,2,274.00,0.80,416,82.00,13.80,264.00
"2025-04-03 10:15:00",0.70,64.00,9.00,-0.02,2,276.00,0.22,444,133.00,10.20,228.00,-0.60,2,276.00,1.00,299,104.00,8.70,202.00,-0.30,2,276.00,0.80,353,83.00,12.10,249.00
"2025-04-03 10:30:00",0.70,56.00,9.00,-0.03,2,275.00,0.25,457,123.00,11.10,254.00,-0.60,2,275.00,1.00,314,101.00,9.40,221.00,-0.20,2,275.00,0.80,378,81.00,13.00,262.00
"2025-04-03 10:45:00",0.30,77.00,9.00,0.03,2,275.00,0.20,390,104.00,11.10,250.00,-0.30,2,275.00,0.90,225,85.00,8.00,196.00,-0.20,2,275.00,0.80,297,68.00,12.50,262.00
"2025-04-03 11:00:00",0.60,76.00,9.00,0.05,2,276.00,0.28,391,128.00,9.70,224.00,-0.50,2,276.00,1.10,243,101.00,7.20,147.00,-0.40,2,276.00,1.00,312,90.00,10.90,240.00
"2025-04-03 11:15:00",0.30,88.00,9.00,0.01,2,278.00,0.22,327,97.00,10.10,240.00,-0.20,2,278.00,1.20,210,77.00,8.10,180.00,-0.20,2,278.00,0.90,240,59.00,11.70,249.00
"2025-04-03 11:30:00",0.30,89.00,9.00,0.01,9,276.00,0.24,364,104.00,10.60,251.00,-0.20,9,276.00,1.60,240,89.00,8.00,174.00,-0.30,9,276.00,0.80,279,64.00,12.50,265.00
"2025-04-03 11:45:00",0.60,114.00,9.00,0.02,2,276.00,0.21,350,102.00,10.30,242.00,-0.10,2,276.00,1.30,240,99.00,7.00,136.00,-0.60,2,276.00,0.90,259,64.00,11.80,261.00
"2025-04-03 12:00:00",0.30,113.00,9.00,0.02,2,276.00,0.28,340,95.00,10.70,250.00,-0.10,2,276.00,1.30,240,90.00,7.70,164.00,-0.30,2,276.00,0.80,260,60.00,12.40,268.00
"2025-04-03 12:15:00",1.10,50.00,9.00,0.12,2,278.00,0.33,466,154.00,10.20,216.00,-1.00,2,278.00,1.60,359,134.00,8.30,159.00,-0.20,2,278.00,1.40,340,106.00,10.90,237.00
"2025-04-03 12:30:00",1.00,58.00,9.00,0.00,2,277.00,0.35,383,101.00,11.20,264.00,-0.90,2,277.00,1.80,313,89.00,9.90,223.00,-0.30,2,277.00,1.50,288,68.00,12.10,262.00
"2025-04-03 12:45:00",1.00,73.00,9.00,0.08,2,276.00,0.29,382,98.00,11.60,260.00,-0.80,2,276.00,1.40,262,83.00,9.20,214.00,-0.60,2,276.00,1.00,276,61.00,12.80,267.00
"2025-04-03 13:00:00",1.40,90.00,9.00,0.10,2,276.00,0.31,394,104.00,11.10,261.00,-0.90,2,276.00,1.50,307,100.00,8.90,200.00,-1.10,2,276.00,1.40,292,70.00,12.10,267.00
"2025-04-03 13:15:00",1.00,91.00,9.00,-0.04,2,279.00,0.21,299,93.00,9.70,229.00,-0.60,2,279.00,1.10,191,87.00,6.60,128.00,-0.80,2,279.00,1.30,231,64.00,10.70,244.00
"2025-04-03 13:30:00",0.80,96.00,9.00,-0.01,2,277.00,0.25,410,129.00,10.80,238.00,-0.40,2,277.00,1.00,274,104.00,8.30,187.00,-0.70,2,277.00,1.10,300,86.00,11.50,249.00
"2025-04-03 13:45:00",0.70,77.00,9.00,0.01,2,276.00,0.24,377,118.00,10.20,238.00,-0.50,2,276.00,1.00,260,97.00,8.20,181.00,-0.40,2,276.00,1.10,279,78.00,11.10,260.00
"2025-04-03 14:00:00",0.80,99.00,9.00,0.11,2,277.00,0.38,342,92.00,11.10,259.00,-0.40,2,277.00,1.70,261,86.00,9.00,211.00,-0.70,2,277.00,1.10,281,59.00,12.90,271.00
"2025-04-03 14:15:00",1.10,63.00,9.00,0.04,2,278.00,0.30,362,90.00,11.30,245.00,-1.00,2,278.00,1.60,244,85.00,8.20,193.00,-0.50,2,278.00,1.10,231,59.00,11.20,241.00
"2025-04-03 14:30:00",0.70,71.00,9.00,-0.02,2,277.00,0.22,325,89.00,10.90,256.00,-0.60,2,277.00,1.30,221,88.00,7.70,181.00,-0.40,2,277.00,1.00,236,61.00,11.90,259.00
"2025-04-03 14:45:00",0.40,116.00,9.00,0.02,9,277.00,0.24,323,84.00,11.30,262.00,-0.10,9,277.00,1.40,223,83.00,8.00,189.00,-0.40,9,277.00,1.00,234,55.00,12.40,266.00
"2025-04-03 15:00:00",1.00,357.00,9.00,0.22,2,276.00,0.48,485,136.00,11.40,256.00,-0.70,2,276.00,2.60,429,126.00,10.50,237.00,0.60,2,276.00,2.40,369,106.00,11.80,247.00
"2025-04-03 15:15:00",2.10,33.00,9.00,-0.07,2,279.00,0.38,406,98.00,11.80,252.00,-2.10,2,279.00,2.20,365,98.00,10.40,219.00,0.20,2,279.00,1.60,302,67.00,12.50,252.00
"2025-04-03 15:30:00",1.40,17.00,9.00,-0.02,2,276.00,0.39,404,97.00,12.30,265.00,-1.30,2,276.00,1.80,363,92.00,11.20,237.00,0.50,2,276.00,1.60,337,69.00,13.70,267.00
"2025-04-03 15:45:00",1.70,14.00,9.00,-0.05,2,277.00,0.30,424,89.00,13.20,271.00,-1.50,2,277.00,1.90,382,89.00,11.60,245.00,0.70,2,277.00,1.30,361,69.00,14.10,265.00
"2025-04-03 16:00:00",0.90,2.00,9.00,0.04,9,276.00,0.23,364,81.00,12.60,264.00,-0.70,9,276.00,1.30,253,72.00,10.20,237.00,0.50,9,276.00,1.10,270,58.00,13.10,269.00
"2025-04-03 16:15:00",1.80,284.00,9.00,0.11,2,279.00,0.43,497,149.00,10.90,227.00,0.80,2,279.00,2.70,373,117.00,10.10,215.00,1.70,2,279.00,2.70,379,120.00,10.70,225.00
"2025-04-03 16:30:00",2.30,264.00,9.00,0.15,2,276.00,0.47,524,111.00,13.20,269.00,1.60,2,276.00,2.70,345,92.00,10.90,257.00,1.60,2,276.00,2.50,370,92.00,12.00,269.00
"2025-04-03 16:45:00",1.00,256.00,9.00,0.11,9,277.00,0.29,435,100.00,12.60,269.00,0.80,9,277.00,2.30,285,87.00,9.90,253.00,0.60,9,277.00,1.40,332,76.00,12.70,271.00
"2025-04-03 17:00:00",1.30,276.00,9.00,0.04,2,276.00,0.26,428,97.00,12.50,265.00,0.70,2,276.00,2.20,258,85.00,9.20,235.00,1.10,2,276.00,2.10,309,73.00,12.40,269.00
"2025-04-03 17:15:00",1.10,234.00,9.00,0.06,2,279.00,0.24,402,93.00,12.10,252.00,1.10,2,279.00,2.00,232,85.00,8.40,211.00,0.30,2,279.00,0.90,305,67.00,12.50,251.00
"2025-04-03 17:30:00",0.70,229.00,9.00,0.06,2,276.00,0.20,420,111.00,11.90,256.00,0.70,2,276.00,1.20,224,90.00,7.90,189.00,0.10,2,276.00,0.70,317,84.00,12.20,254.00
"2025-04-03 17:45:00",0.70,226.00,9.00,0.08,2,276.00,0.19,460,126.00,11.50,248.00,0.70,2,276.00,1.50,237,102.00,7.40,174.00,0.10,2,276.00,0.70,339,94.00,11.50,246.00
"2025-04-03 18:00:00",0.70,228.00,9.00,0.08,9,276.00,0.21,424,99.00,12.40,269.00,0.70,9,276.00,1.30,217,84.00,8.10,197.00,0.10,9,276.00,0.80,306,70.00,12.60,266.00
"2025-04-03 18:15:00",0.70,235.00,9.00,0.04,9,277.00,0.22,432,103.00,11.80,251.00,0.70,9,277.00,1.20,222,85.00,8.10,194.00,0.20,9,277.00,0.80,300,73.00,11.80,247.00
"2025-04-03 18:30:00",0.90,242.00,9.00,0.04,9,276.00,0.23,485,113.00,12.30,266.00,0.90,9,276.00,1.60,259,91.00,8.90,223.00,0.40,9,276.00,0.80,333,82.00,12.10,258.00
"2025-04-03 18:45:00",1.40,235.00,9.00,0.13,9,276.00,0.26,470,111.00,12.20,270.00,1.30,9,276.00,1.70,269,90.00,9.30,237.00,0.40,9,276.00,1.20,353,81.00,12.50,269.00
"2025-04-03 19:00:00",1.50,245.00,9.00,0.05,9,276.00,0.24,513,134.00,11.90,253.00,1.30,9,276.00,1.60,319,105.00,9.50,229.00,0.70,9,276.00,1.10,382,100.00,12.10,257.00
"2025-04-03 19:15:00",2.60,248.00,9.00,0.02,9,277.00,0.31,521,118.00,12.30,255.00,2.30,2,277.00,2.10,359,98.00,10.50,245.00,1.30,9,277.00,1.20,400,89.00,12.50,247.00
"2025-04-03 19:30:00",1.60,254.00,9.00,0.02,9,274.00,0.28,485,109.00,12.60,267.00,1.30,9,274.00,1.90,308,87.00,10.60,253.00,0.90,9,274.00,1.20,354,80.00,12.80,268.00
"2025-04-03 19:45:00",1.20,257.00,9.00,-0.01,9,274.00,0.31,494,114.00,12.50,266.00,0.90,9,274.00,2.10,362,97.00,10.80,254.00,0.70,9,274.00,1.10,356,82.00,12.50,268.00
"2025-04-03 20:00:00",1.70,272.00,9.00,-0.22,9,274.00,0.44,520,124.00,12.30,267.00,1.00,9,274.00,2.00,457,100.00,12.60,272.00,1.40,9,274.00,1.20,432,82.00,14.10,270.00
"2025-04-03 20:15:00",2.00,267.00,9.00,-0.19,9,276.00,0.43,498,134.00,11.20,241.00,1.30,9,276.00,2.10,418,109.00,11.10,238.00,1.50,9,276.00,1.30,386,97.00,11.90,243.00
"2025-04-03 20:30:00",2.50,260.00,9.00,-0.10,9,274.00,0.38,467,113.00,12.10,267.00,1.80,9,274.00,1.80,382,95.00,11.60,265.00,1.60,9,274.00,1.50,367,83.00,12.60,266.00
"2025-04-03 20:45:00",2.90,256.00,9.00,-0.11,9,274.00,0.36,491,112.00,12.50,267.00,2.30,2,274.00,1.90,397,96.00,11.50,265.00,1.80,9,274.00,1.50,380,84.00,12.80,269.00
"2025-04-03 21:00:00",4.10,268.00,9.00,-0.30,9,274.00,0.45,583,126.00,13.00,273.00,2.70,2,274.00,1.90,563,112.00,13.30,274.00,3.10,2,274.00,1.70,453,93.00,13.30,273.00
"2025-04-03 21:15:00",2.90,260.00,9.00,-0.05,9,276.00,0.37,448,104.00,12.00,248.00,2.20,9,276.00,2.30,323,91.00,10.20,236.00,1.90,9,276.00,1.80,336,80.00,11.80,249.00
"2025-04-03 21:30:00",3.50,259.00,9.00,-0.11,9,274.00,0.38,490,115.00,12.30,266.00,2.70,2,274.00,2.50,372,106.00,10.30,252.00,2.30,2,274.00,1.60,376,85.00,12.60,270.00
"2025-04-03 21:45:00",2.80,261.00,9.00,-0.17,9,274.00,0.43,514,139.00,11.50,259.00,2.10,9,274.00,2.10,498,132.00,11.10,244.00,1.90,9,274.00,1.30,398,104.00,12.00,255.00
"2025-04-03 22:00:00",3.50,260.00,9.00,-0.28,9,274.00,0.57,553,133.00,12.00,270.00,2.60,2,274.00,2.20,501,131.00,10.80,250.00,2.40,2,274.00,1.70,442,94.00,13.00,270.00
"2025-04-03 22:15:00",3.00,261.00,9.00,-0.14,9,276.00,0.36,481,122.00,11.30,250.00,2.20,9,276.00,2.10,385,118.00,9.50,231.00,2.00,2,276.00,1.60,355,86.00,11.80,250.00
"2025-04-03 22:30:00",2.30,261.00,9.00,-0.07,9,273.00,0.26,510,115.00,12.60,271.00,1.70,9,273.00,1.80,375,111.00,10.00,233.00,1.50,9,273.00,1.30,358,78.00,12.90,270.00
"2025-04-03 22:45:00",3.00,262.00,9.00,-0.27,9,274.00,0.48,606,132.00,12.90,273.00,2.20,2,274.00,2.10,569,121.00,12.80,268.00,2.10,9,274.00,1.80,495,97.00,13.70,271.00
"2025-04-03 23:00:00",2.70,264.00,9.00,-0.10,9,274.00,0.50,664,152.00,12.70,268.00,1.90,9,274.00,2.50,598,140.00,12.10,255.00,1.90,9,274.00,2.30,528,118.00,13.10,263.00
"2025-04-03 23:15:00",2.30,280.00,9.00,-0.08,9,276.00,0.38,575,128.00,12.30,251.00,1.10,9,276.00,2.10,460,121.00,10.40,224.00,2.00,9,276.00,2.00,435,95.00,12.40,255.00
"2025-04-03 23:30:00",1.50,259.00,9.00,0.09,9,274.00,0.25,673,130.00,13.80,271.00,1.10,9,274.00,1.60,425,122.00,10.00,236.00,1.00,9,274.00,1.50,444,94.00,13.10,267.00
"2025-04-03 23:45:00",0.70,198.00,9.00,0.11,9,274.00,0.28,706,144.00,13.30,270.00,0.60,9,274.00,1.60,590,140.00,11.50,243.00,-0.20,9,274.00,1.00,522,96.00,14.20,273.00
"2025-04-04 00:00:00",0.40,23.00,9.00,0.12,9,274.00,0.16,609,122.00,13.70,270.00,-0.40,9,274.00,0.80,346,112.00,9.50,231.00,0.10,9,274.00,0.60,378,79.00,13.20,263.00
"2025-04-04 00:15:00",0.60,57.00,9.00,0.17,9,276.00,0.17,572,135.00,12.20,247.00,-0.50,9,276.00,1.20,341,107.00,9.90,228.00,-0.20,9,276.00,0.80,374,95.00,11.90,240.00
"2025-04-04 00:30:00",0.20,82.00,9.00,0.11,9,274.00,0.22,553,134.00,12.10,272.00,-0.10,9,274.00,0.90,334,105.00,9.50,222.00,-0.10,9,274.00,0.60,364,87.00,12.00,263.00
"2025-04-04 00:45:00",0.20,113.00,9.00,0.11,9,275.00,0.21,532,117.00,12.80,273.00,0.00,9,275.00,0.70,256,91.00,8.60,198.00,-0.20,9,275.00,0.70,300,75.00,11.70,264.00
"2025-04-04 01:00:00",0.20,37.00,9.00,0.07,9,273.00,0.18,517,119.00,12.40,262.00,-0.20,9,273.00,0.70,251,95.00,8.20,196.00,0.00,9,273.00,0.70,297,79.00,11.20,253.00
"2025-04-04 01:15:00",1.00,93.00,9.00,0.19,9,276.00,0.21,655,124.00,13.60,254.00,-0.60,9,276.00,0.90,250,95.00,7.90,171.00,-0.80,9,276.00,0.80,314,79.00,11.40,244.00
"2025-04-04 01:30:00",0.40,117.00,9.00,0.06,9,274.00,0.19,529,125.00,12.20,269.00,-0.10,9,274.00,0.80,262,100.00,8.00,178.00,-0.40,9,274.00,0.90,337,84.00,11.80,263.00
"2025-04-04 01:45:00",0.30,113.00,9.00,0.04,9,273.00,0.18,623,169.00,12.20,249.00,-0.10,9,273.00,1.70,332,131.00,7.60,162.00,-0.30,9,273.00,1.10,408,127.00,11.20,239.00
"2025-04-04 02:00:00",1.10,120.00,9.00,0.03,9,274.00,0.18,669,125.00,14.10,271.00,-0.20,9,274.00,1.00,517,103.00,12.60,254.00,-1.10,9,274.00,1.20,534,92.00,14.40,273.00
"2025-04-04 02:15:00",0.30,123.00,9.00,0.02,9,275.00,0.19,527,119.00,12.20,250.00,0.00,9,275.00,0.80,235,92.00,7.80,178.00,-0.30,9,275.00,1.00,330,79.00,11.70,246.00
"2025-04-04 02:30:00",0.20,1.00,9.00,0.05,9,274.00,0.20,511,114.00,12.80,269.00,-0.10,9,274.00,0.80,243,91.00,8.30,198.00,0.10,9,274.00,0.60,312,75.00,12.00,266.00
"2025-04-04 02:45:00",0.10,76.00,9.00,0.07,9,273.00,0.17,650,117.00,14.50,270.00,-0.10,9,273.00,0.70,240,91.00,8.10,189.00,-0.10,9,273.00,0.70,306,77.00,11.70,257.00
"2025-04-04 03:00:00",0.50,51.00,9.00,0.07,9,274.00,0.16,723,178.00,12.80,241.00,-0.50,9,274.00,0.90,325,134.00,7.60,164.00,-0.10,9,274.00,0.80,365,124.00,10.20,224.00
"2025-04-04 03:15:00",0.50,111.00,9.00,0.08,9,275.00,0.19,560,119.00,12.80,255.00,-0.20,9,275.00,0.70,232,89.00,8.00,195.00,-0.50,9,275.00,0.80,312,74.00,11.80,246.00
"2025-04-04 03:30:00",0.20,79.00,9.00,0.03,9,274.00,0.19,546,119.00,12.90,269.00,-0.20,9,274.00,0.80,282,97.00,8.90,218.00,-0.10,9,274.00,0.80,367,79.00,12.90,269.00
"2025-04-04 03:45:00",0.50,73.00,9.00,0.09,9,273.00,0.21,613,127.00,13.20,272.00,-0.40,9,273.00,0.70,262,96.00,8.50,217.00,-0.30,9,273.00,0.70,296,77.00,11.40,256.00
"2025-04-04 04:00:00",0.40,74.00,9.00,0.05,9,274.00,0.17,643,125.00,13.90,273.00,-0.30,9,274.00,0.70,257,103.00,7.70,185.00,-0.20,9,274.00,0.70,304,80.00,11.20,251.00
"2025-04-04 04:15:00",0.60,20.00,9.00,0.04,9,275.00,0.16,564,155.00,11.20,218.00,-0.60,9,275.00,0.90,256,109.00,7.10,160.00,0.20,9,275.00,0.70,291,105.00,9.50,207.00
"2025-04-04 04:30:00",0.20,261.00,9.00,-0.01,9,274.00,0.12,702,132.00,14.20,273.00,0.20,9,274.00,0.80,251,112.00,6.80,152.00,0.20,9,274.00,0.60,291,83.00,10.60,256.00
"2025-04-04 04:45:00",0.10,335.00,9.00,0.04,9,273.00,0.19,545,124.00,12.40,264.00,0.00,9,273.00,0.70,268,107.00,7.70,186.00,0.10,9,273.00,0.60,319,78.00,11.90,263.00
"2025-04-04 05:00:00",0.40,189.00,9.00,0.01,9,273.00,0.13,672,128.00,14.10,269.00,0.30,9,273.00,0.80,269,99.00,8.50,208.00,-0.20,9,273.00,0.70,311,81.00,11.50,264.00
"2025-04-04 05:15:00",0.50,122.00,9.00,0.03,9,276.00,0.17,551,114.00,13.00,252.00,-0.10,9,276.00,0.60,277,92.00,9.00,205.00,-0.50,9,276.00,0.90,297,78.00,11.10,251.00
"2025-04-04 05:30:00",0.40,85.00,9.00,0.08,9,273.00,0.20,516,119.00,12.40,271.00,-0.30,9,273.00,1.00,261,94.00,8.40,195.00,-0.30,9,273.00,1.00,312,85.00,11.10,261.00
"2025-04-04 05:45:00",3.20,135.00,9.00,0.10,9,274.00,0.24,715,175.00,12.60,244.00,0.40,9,274.00,1.80,539,139.00,11.10,222.00,-3.20,2,274.00,2.40,573,160.00,11.00,218.00
"2025-04-04 06:00:00",2.20,135.00,9.00,0.15,9,273.00,0.26,614,137.00,12.50,263.00,0.30,9,273.00,1.00,384,104.00,10.40,229.00,-2.10,9,273.00,2.20,421,107.00,11.40,256.00
"2025-04-04 06:15:00",2.20,127.00,9.00,0.12,9,275.00,0.22,592,136.00,12.10,235.00,0.00,9,275.00,1.00,337,106.00,8.90,190.00,-2.20,9,275.00,2.60,380,106.00,10.00,227.00
"2025-04-04 06:30:00",4.00,125.00,9.00,0.23,9,274.00,0.29,644,137.00,13.10,269.00,-0.20,9,274.00,1.20,553,126.00,11.80,238.00,-4.00,2,274.00,2.20,548,124.00,12.20,261.00
"2025-04-04 06:45:00",3.50,127.00,9.00,0.16,9,273.00,0.34,607,137.00,12.40,261.00,0.00,9,273.00,1.70,441,120.00,9.90,211.00,-3.50,2,273.00,3.30,476,118.00,11.30,260.00
"2025-04-04 07:00:00",3.00,133.00,9.00,0.11,9,274.00,0.24,630,167.00,11.70,246.00,0.30,9,274.00,1.20,517,140.00,11.00,238.00,-3.00,2,274.00,2.10,544,143.00,11.50,244.00
"2025-04-04 07:15:00",2.90,125.00,9.00,0.13,9,275.00,0.26,575,130.00,12.20,253.00,-0.10,9,275.00,0.90,499,112.00,12.10,247.00,-2.90,2,275.00,1.50,485,104.00,12.60,251.00
"2025-04-04 07:30:00",3.50,132.00,9.00,0.04,9,273.00,0.28,764,140.00,14.00,267.00,0.20,9,273.00,1.20,732,122.00,14.50,267.00,-3.50,2,273.00,1.70,744,131.00,14.30,271.00
"2025-04-04 07:45:00",2.40,133.00,9.00,0.00,9,274.00,0.29,700,137.00,13.00,260.00,0.20,9,274.00,1.00,545,114.00,12.00,241.00,-2.40,9,274.00,2.00,647,121.00,13.30,264.00
"2025-04-04 08:00:00",1.80,125.00,9.00,0.01,9,273.00,0.27,456,135.00,10.40,250.00,-0.10,9,273.00,1.00,349,123.00,8.70,204.00,-1.80,9,273.00,2.00,367,105.00,10.70,255.00
"2025-04-04 08:15:00",2.50,145.00,9.00,-0.06,9,277.00,0.46,603,158.00,11.30,235.00,0.70,9,277.00,1.60,574,145.00,11.30,223.00,-2.40,2,277.00,2.60,522,130.00,11.70,244.00
"2025-04-04 08:30:00",2.00,145.00,9.00,-0.05,9,274.00,0.46,473,136.00,10.60,249.00,0.60,9,274.00,2.10,471,136.00,10.10,222.00,-1.90,9,274.00,2.60,412,110.00,11.30,258.00
"2025-04-04 08:45:00",2.70,122.00,9.00,0.11,9,274.00,0.49,589,147.00,11.60,258.00,-0.30,9,274.00,1.90,631,150.00,11.60,243.00,-2.70,2,274.00,2.90,538,119.00,12.80,268.00
"2025-04-04 09:00:00",2.70,141.00,9.00,-0.01,9,274.00,0.48,589,143.00,11.90,263.00,0.60,9,274.00,2.40,563,127.00,11.80,247.00,-2.60,2,274.00,3.30,513,126.00,12.00,267.00
"2025-04-04 09:15:00",2.00,113.00,9.00,0.01,9,276.00,0.34,430,131.00,10.10,222.00,-0.50,9,276.00,1.80,341,102.00,9.80,224.00,-2.00,9,276.00,2.80,355,107.00,10.20,227.00
"2025-04-04 09:30:00",1.00,130.00,9.00,0.03,9,274.00,0.29,446,124.00,10.80,244.00,0.00,9,274.00,1.30,288,99.00,9.00,209.00,-1.00,9,274.00,1.60,346,93.00,11.20,253.00
"2025-04-04 09:45:00",1.40,151.00,9.00,0.22,9,274.00,0.52,487,152.00,10.10,228.00,0.50,9,274.00,2.80,365,114.00,9.80,229.00,-1.30,9,274.00,2.00,420,117.00,11.40,251.00
"2025-04-04 10:00:00",1.30,140.00,9.00,0.46,2,276.00,0.65,565,142.00,11.70,262.00,0.30,2,276.00,2.50,367,104.00,10.50,245.00,-1.30,2,276.00,2.20,432,99.00,12.70,271.00
"2025-04-04 10:15:00",1.30,131.00,9.00,0.02,2,278.00,0.37,435,120.00,10.70,233.00,0.10,2,278.00,2.00,323,93.00,10.10,223.00,-1.30,2,278.00,2.10,337,87.00,11.20,246.00
"2025-04-04 10:30:00",1.00,124.00,9.00,0.29,2,276.00,0.63,469,135.00,10.50,246.00,-0.10,2,276.00,2.20,338,98.00,10.10,242.00,-0.90,2,276.00,2.10,373,90.00,11.90,261.00
"2025-04-04 10:45:00",1.50,146.00,9.00,0.46,2,276.00,0.73,528,141.00,11.10,260.00,0.50,2,276.00,2.80,400,106.00,10.80,250.00,-1.50,2,276.00,2.20,389,88.00,12.60,270.00
"2025-04-04 11:00:00",2.20,102.00,9.00,0.54,2,277.00,0.77,523,142.00,11.10,259.00,-1.00,2,277.00,2.50,330,102.00,9.60,227.00,-2.00,2,277.00,2.60,432,100.00,12.30,264.00
"2025-04-04 11:15:00",2.10,167.00,9.00,0.37,2,279.00,0.74,484,144.00,10.10,240.00,1.30,2,279.00,2.80,360,111.00,9.50,229.00,-1.60,2,279.00,2.50,392,99.00,11.40,248.00
"2025-04-04 11:30:00",2.20,97.00,9.00,0.47,2,276.00,0.77,507,141.00,10.80,257.00,-1.10,2,276.00,2.30,388,110.00,10.30,247.00,-1.90,2,276.00,2.30,380,91.00,11.90,271.00
