"2025-04-01 00:00:00",0.50,139.00,9.00,0.03,9,274.00,0.18,857,128.00,16.10,272.00,0.10,9,274.00,0.90,493,103.00,13.10,266.00,-0.50,9,274.00,0.90,571,96.00,15.20,269.00
"2025-04-01 00:15:00",0.70,128.00,9.00,0.06,9,277.00,0.22,749,150.00,13.40,249.00,0.00,9,277.00,0.80,488,122.00,11.60,242.00,-0.70,9,277.00,1.10,536,116.00,12.80,250.00
"2025-04-01 00:30:00",0.50,115.00,9.00,0.02,9,274.00,0.16,840,132.00,15.70,273.00,-0.10,9,274.00,0.70,552,109.00,13.80,269.00,-0.50,9,274.00,0.60,682,93.00,17.00,271.00
"2025-04-01 00:45:00",0.70,105.00,9.00,0.08,9,274.00,0.15,902,136.00,16.10,273.00,-0.30,9,274.00,0.80,550,111.00,13.50,270.00,-0.60,9,274.00,0.80,598,95.00,15.80,272.00
"2025-04-01 01:00:00",0.50,125.00,9.00,0.07,9,275.00,0.15,826,140.00,15.10,274.00,0.00,9,275.00,0.80,518,121.00,12.30,266.00,-0.50,9,275.00,0.80,567,103.00,14.50,270.00
"2025-04-01 01:15:00",0.40,97.00,9.00,0.06,9,276.00,0.16,731,151.00,12.90,253.00,-0.20,9,276.00,0.70,515,141.00,10.60,246.00,-0.30,9,276.00,0.70,495,114.00,12.10,250.00
"2025-04-01 01:30:00",0.60,110.00,9.00,0.07,9,274.00,0.18,713,159.00,12.80,262.00,-0.20,9,274.00,0.80,510,144.00,10.70,241.00,-0.60,9,274.00,0.90,520,128.00,12.20,259.00
"2025-04-01 01:45:00",0.40,113.00,9.00,0.07,9,275.00,0.20,691,146.00,13.10,273.00,-0.10,9,275.00,0.70,468,129.00,10.80,249.00,-0.40,9,275.00,0.70,517,108.00,13.30,271.00
"2025-04-01 02:00:00",0.40,156.00,9.00,0.00,9,274.00,0.22,665,150.00,12.50,268.00,0.20,9,274.00,0.70,430,131.00,9.90,233.00,-0.30,9,274.00,0.60,525,111.00,13.30,272.00
"2025-04-01 02:15:00",0.30,185.00,9.00,0.00,9,277.00,0.19,701,150.00,12.80,257.00,0.20,9,277.00,0.80,416,131.00,9.50,225.00,-0.20,9,277.00,0.80,534,110.00,13.10,256.00
"2025-04-01 02:30:00",1.00,91.00,9.00,0.18,9,274.00,0.26,610,153.00,11.70,269.00,-0.60,9,274.00,0.70,398,138.00,8.80,208.00,-0.80,9,274.00,0.70,561,116.00,13.50,273.00
"2025-04-01 02:45:00",1.20,83.00,9.00,0.15,9,274.00,0.15,823,153.00,14.40,271.00,-0.80,9,274.00,0.60,492,137.00,11.00,261.00,-0.80,9,274.00,0.70,525,113.00,13.20,273.00
"2025-04-01 03:00:00",0.70,78.00,9.00,0.10,9,275.00,0.14,805,149.00,14.70,268.00,-0.50,9,275.00,0.50,521,110.00,13.40,258.00,-0.50,9,275.00,0.60,563,103.00,15.50,268.00
"2025-04-01 03:15:00",0.40,97.00,9.00,0.10,9,276.00,0.15,738,119.00,15.00,257.00,-0.20,9,276.00,0.60,474,95.00,13.00,250.00,-0.30,9,276.00,0.50,521,76.00,15.80,256.00
"2025-04-01 03:30:00",0.10,130.00,9.00,0.09,9,274.00,0.17,794,124.00,15.70,274.00,0.00,9,274.00,0.80,412,95.00,12.40,263.00,-0.10,9,274.00,0.50,591,75.00,17.60,274.00
"2025-04-01 03:45:00",0.30,96.00,9.00,0.09,9,275.00,0.13,950,122.00,17.40,275.00,-0.20,9,275.00,0.70,488,100.00,13.30,268.00,-0.30,9,275.00,0.60,535,78.00,16.30,273.00
"2025-04-01 04:00:00",0.10,356.00,9.00,0.03,9,274.00,0.16,1129,129.00,18.60,274.00,-0.10,9,274.00,0.70,505,109.00,13.00,270.00,0.10,9,274.00,0.50,563,82.00,16.60,272.00
"2025-04-01 04:15:00",0.40,91.00,9.00,0.11,9,277.00,0.15,820,137.00,15.30,248.00,-0.20,9,277.00,0.70,473,108.00,12.50,248.00,-0.30,9,277.00,0.60,445,92.00,13.60,250.00
"2025-04-01 04:30:00",0.40,281.00,9.00,-0.04,9,273.00,0.08,861,123.00,16.70,268.00,0.20,9,273.00,0.50,551,120.00,13.00,265.00,0.40,9,273.00,0.50,580,84.00,16.50,268.00
"2025-04-01 04:45:00",0.50,285.00,9.00,-0.02,9,273.00,0.10,904,123.00,17.30,273.00,0.20,9,273.00,0.40,586,105.00,14.90,270.00,0.50,9,273.00,0.50,569,79.00,16.90,273.00
"2025-04-01 05:00:00",0.10,161.00,9.00,0.02,9,274.00,0.10,1074,122.00,18.80,272.00,0.10,9,274.00,0.40,525,102.00,13.70,260.00,-0.10,9,274.00,0.40,651,85.00,17.40,272.00
"2025-04-01 05:15:00",0.10,32.00,9.00,0.04,9,275.00,0.12,891,126.00,16.30,250.00,-0.10,9,275.00,0.40,555,113.00,13.20,241.00,0.00,9,275.00,0.60,524,84.00,15.10,252.00
"2025-04-01 05:30:00",0.50,263.00,9.00,-0.03,9,274.00,0.13,941,133.00,17.10,268.00,0.30,9,274.00,1.50,422,110.00,11.40,250.00,0.30,9,274.00,0.40,650,99.00,17.00,263.00
"2025-04-01 05:45:00",0.20,272.00,9.00,0.06,9,273.00,0.12,958,134.00,16.80,271.00,0.10,9,273.00,0.70,452,114.00,11.80,249.00,0.20,9,273.00,0.40,557,91.00,15.50,267.00
"2025-04-01 06:00:00",0.80,283.00,9.00,-0.03,9,274.00,0.12,1085,115.00,19.40,273.00,0.30,9,274.00,0.30,794,97.00,17.90,268.00,0.70,9,274.00,0.30,713,78.00,19.10,273.00
"2025-04-01 06:15:00",0.10,28.00,9.00,0.04,9,275.00,0.19,867,129.00,15.70,256.00,-0.10,9,275.00,0.50,562,98.00,14.40,252.00,0.00,9,275.00,0.40,599,80.00,16.80,254.00
"2025-04-01 06:30:00",0.20,319.00,9.00,0.05,9,273.00,0.17,855,124.00,16.60,273.00,0.00,9,273.00,0.60,508,91.00,14.30,269.00,0.20,9,273.00,0.40,800,76.00,20.00,272.00
"2025-04-01 06:45:00",0.20,258.00,9.00,0.03,9,274.00,0.11,965,145.00,16.80,264.00,0.10,9,274.00,0.60,504,103.00,13.70,264.00,0.10,9,274.00,0.50,733,98.00,18.10,264.00
"2025-04-01 07:00:00",0.50,65.00,9.00,0.10,9,273.00,0.33,804,166.00,14.60,259.00,-0.40,9,273.00,0.70,576,126.00,13.20,257.00,-0.20,9,273.00,0.60,655,116.00,16.30,256.00
"2025-04-01 07:15:00",0.30,139.00,9.00,0.08,9,276.00,0.19,697,116.00,14.60,256.00,0.10,9,276.00,0.80,519,112.00,12.40,247.00,-0.30,9,276.00,0.60,548,78.00,15.90,255.00
"2025-04-01 07:30:00",0.40,208.00,9.00,0.08,9,274.00,0.17,764,124.00,15.40,268.00,0.40,9,274.00,1.00,573,122.00,13.00,262.00,-0.10,9,274.00,0.80,590,85.00,16.40,274.00
"2025-04-01 07:45:00",0.20,307.00,9.00,0.02,9,274.00,0.18,677,122.00,14.50,271.00,0.00,9,274.00,0.80,520,117.00,12.50,263.00,0.20,9,274.00,0.80,538,86.00,15.70,270.00
"2025-04-01 08:00:00",0.10,338.00,9.00,0.04,9,274.00,0.24,691,126.00,14.40,267.00,0.00,9,274.00,1.20,652,126.00,13.80,266.00,0.10,9,274.00,0.80,616,90.00,16.60,270.00
"2025-04-01 08:15:00",0.20,277.00,9.00,0.04,9,277.00,0.21,682,194.00,11.40,222.00,0.10,9,277.00,0.90,561,152.00,11.00,229.00,0.20,9,277.00,0.90,566,131.00,13.10,237.00
"2025-04-01 08:30:00",0.20,109.00,9.00,0.03,9,274.00,0.23,765,135.00,14.70,268.00,-0.10,9,274.00,1.00,647,134.00,13.50,267.00,-0.20,9,274.00,0.80,672,96.00,16.70,269.00
"2025-04-01 08:45:00",0.60,345.00,9.00,0.20,9,274.00,0.34,763,149.00,13.90,271.00,-0.30,9,274.00,1.30,711,144.00,13.50,270.00,0.50,9,274.00,1.70,636,116.00,14.60,273.00
"2025-04-01 09:00:00",0.50,4.00,9.00,-0.04,9,274.00,0.21,750,131.00,14.90,273.00,-0.40,9,274.00,0.90,587,119.00,13.50,267.00,0.30,9,274.00,0.90,567,86.00,16.20,269.00
"2025-04-01 09:15:00",0.50,44.00,9.00,-0.02,9,277.00,0.20,651,129.00,13.30,250.00,-0.50,9,277.00,1.00,481,121.00,11.30,241.00,-0.10,9,277.00,0.70,519,94.00,14.20,247.00
"2025-04-01 09:30:00",0.90,357.00,9.00,-0.01,9,273.00,0.26,852,184.00,13.60,257.00,-0.70,9,273.00,1.10,674,158.00,12.60,257.00,0.60,9,273.00,1.20,682,140.00,14.30,255.00
"2025-04-01 09:45:00",0.90,357.00,9.00,-0.04,9,274.00,0.29,842,143.00,15.20,268.00,-0.70,9,274.00,1.60,662,126.00,14.00,271.00,0.60,9,274.00,1.50,639,108.00,15.30,265.00
"2025-04-01 10:00:00",1.10,14.00,9.00,0.03,2,274.00,0.25,847,137.00,15.50,271.00,-1.00,2,274.00,1.40,645,130.00,13.40,272.00,0.40,2,274.00,1.00,598,97.00,15.50,269.00
"2025-04-01 10:15:00",0.70,337.00,9.00,0.18,2,276.00,0.29,718,137.00,13.60,252.00,-0.30,2,276.00,1.50,509,116.00,12.10,245.00,0.60,2,276.00,2.40,515,113.00,12.80,248.00
"2025-04-01 10:30:00",0.80,269.00,9.00,-0.01,2,275.00,0.29,668,128.00,14.10,269.00,0.50,2,275.00,1.60,528,111.00,13.10,267.00,0.60,2,275.00,1.40,479,98.00,13.90,269.00
"2025-04-01 10:45:00",1.00,266.00,9.00,0.04,2,276.00,0.34,721,167.00,13.50,248.00,0.70,2,276.00,2.10,561,151.00,11.90,245.00,0.70,2,276.00,1.70,517,132.00,12.70,246.00
"2025-04-01 11:00:00",0.70,260.00,9.00,0.07,9,275.00,0.35,736,159.00,13.50,261.00,0.50,9,275.00,2.30,567,139.00,12.20,247.00,0.50,9,275.00,1.50,529,122.00,13.20,256.00
"2025-04-01 11:15:00",1.10,287.00,9.00,0.07,2,278.00,0.43,685,139.00,13.20,251.00,0.40,2,278.00,1.80,539,115.00,12.60,254.00,1.10,2,278.00,2.10,517,116.00,12.70,250.00
"2025-04-01 11:30:00",1.20,299.00,9.00,-0.01,2,276.00,0.39,758,136.00,14.70,269.00,0.20,2,276.00,1.80,613,116.00,14.20,268.00,1.20,2,276.00,2.20,563,113.00,14.10,270.00
"2025-04-01 11:45:00",1.90,318.00,9.00,0.08,2,276.00,0.44,773,146.00,14.30,270.00,-0.30,2,276.00,1.90,601,121.00,13.70,268.00,1.90,2,276.00,3.00,573,118.00,13.60,271.00
"2025-04-01 12:00:00",1.50,292.00,9.00,0.16,2,276.00,0.57,712,146.00,13.90,270.00,0.40,2,276.00,2.30,627,124.00,13.90,271.00,1.50,2,276.00,3.30,513,118.00,12.90,271.00
"2025-04-01 12:15:00",1.20,307.00,9.00,0.02,2,278.00,0.28,655,158.00,12.30,238.00,0.00,2,278.00,1.90,491,137.00,11.00,234.00,1.20,2,278.00,2.50,467,130.00,11.40,232.00
"2025-04-01 12:30:00",0.70,297.00,9.00,0.02,2,275.00,0.26,641,127.00,13.90,269.00,0.10,2,275.00,1.30,483,104.00,13.00,267.00,0.70,2,275.00,1.80,460,94.00,13.80,266.00
"2025-04-01 12:45:00",0.70,278.00,9.00,0.00,2,276.00,0.31,676,146.00,13.40,266.00,0.30,2,276.00,1.60,501,123.00,12.30,264.00,0.60,2,276.00,1.70,493,121.00,12.40,257.00
"2025-04-01 13:00:00",0.50,253.00,9.00,0.03,9,276.00,0.21,660,126.00,14.50,264.00,0.40,9,276.00,1.40,474,112.00,12.80,263.00,0.30,9,276.00,0.90,487,95.00,14.40,266.00
"2025-04-01 13:15:00",0.60,287.00,9.00,0.03,2,278.00,0.29,590,132.00,12.50,248.00,0.20,2,278.00,1.70,449,109.00,12.00,248.00,0.60,2,278.00,1.60,457,100.00,12.90,248.00
"2025-04-01 13:30:00",1.00,291.00,9.00,0.01,2,276.00,0.31,681,162.00,12.80,257.00,0.30,2,276.00,2.50,519,138.00,11.90,254.00,0.90,2,276.00,2.40,524,134.00,12.40,256.00
"2025-04-01 13:45:00",0.40,290.00,9.00,-0.02,9,275.00,0.24,628,124.00,14.00,264.00,0.10,9,275.00,1.60,425,94.00,12.80,259.00,0.40,9,275.00,0.80,460,91.00,14.00,266.00
"2025-04-01 14:00:00",0.50,302.00,9.00,0.08,9,276.00,0.23,699,123.00,15.00,270.00,0.00,9,276.00,1.70,501,106.00,13.40,267.00,0.40,9,276.00,1.50,531,97.00,14.80,270.00
"2025-04-01 14:15:00",0.40,322.00,9.00,0.01,9,278.00,0.20,611,120.00,13.60,249.00,-0.10,9,278.00,1.30,440,103.00,12.10,244.00,0.30,9,278.00,1.20,461,91.00,13.80,251.00
"2025-04-01 14:30:00",0.70,305.00,9.00,0.05,9,276.00,0.29,630,123.00,14.00,267.00,0.00,9,276.00,1.80,442,109.00,12.10,262.00,0.70,9,276.00,1.60,431,98.00,13.10,267.00
"2025-04-01 14:45:00",0.90,302.00,9.00,0.00,9,276.00,0.32,577,141.00,12.50,256.00,0.10,9,276.00,1.80,423,108.00,11.90,254.00,0.90,9,276.00,2.60,425,107.00,12.60,260.00
"2025-04-01 15:00:00",2.10,293.00,9.00,-0.04,2,276.00,0.53,662,151.00,12.80,263.00,0.50,2,276.00,3.20,512,128.00,12.20,271.00,2.00,2,276.00,3.30,486,126.00,11.80,261.00
"2025-04-01 15:15:00",1.10,290.00,9.00,0.03,2,279.00,0.37,583,117.00,13.30,254.00,0.30,2,279.00,2.00,419,102.00,11.70,249.00,1.00,2,279.00,2.50,403,100.00,12.10,249.00
"2025-04-01 15:30:00",1.50,291.00,9.00,-0.06,2,276.00,0.49,596,129.00,13.20,267.00,0.40,2,276.00,2.20,449,111.00,12.10,267.00,1.50,2,276.00,2.70,436,108.00,12.40,264.00
"2025-04-01 15:45:00",0.90,292.00,9.00,-0.01,2,277.00,0.31,609,126.00,13.70,268.00,0.20,2,277.00,1.50,444,104.00,12.40,262.00,0.80,2,277.00,2.00,435,102.00,12.90,266.00
"2025-04-01 16:00:00",0.40,248.00,9.00,0.02,2,276.00,0.20,595,116.00,13.90,270.00,0.40,2,276.00,1.70,402,100.00,11.80,263.00,0.20,2,276.00,0.90,429,92.00,13.40,267.00
"2025-04-01 16:15:00",0.40,269.00,9.00,0.00,2,277.00,0.26,545,133.00,12.10,239.00,0.20,2,277.00,1.40,374,108.00,10.70,229.00,0.30,2,277.00,0.90,411,105.00,12.10,234.00
"2025-04-01 16:30:00",0.40,289.00,9.00,0.00,2,276.00,0.21,575,116.00,13.60,267.00,0.10,2,276.00,1.20,380,89.00,12.40,268.00,0.30,2,276.00,1.00,402,87.00,13.10,267.00
"2025-04-01 16:45:00",0.30,273.00,9.00,0.02,2,276.00,0.20,596,113.00,14.10,269.00,0.20,2,276.00,1.20,374,91.00,12.00,261.00,0.20,2,276.00,0.90,421,86.00,13.60,269.00
"2025-04-01 17:00:00",0.30,256.00,9.00,0.02,2,276.00,0.21,591,110.00,14.30,270.00,0.20,2,276.00,1.10,404,99.00,12.40,258.00,0.20,2,276.00,0.70,438,84.00,14.30,267.00
"2025-04-01 17:15:00",0.40,269.00,9.00,0.03,9,277.00,0.21,564,124.00,12.90,248.00,0.20,9,277.00,1.40,371,103.00,10.80,238.00,0.30,9,277.00,0.70,412,93.00,12.50,246.00
"2025-04-01 17:30:00",0.20,277.00,9.00,0.04,9,276.00,0.20,596,108.00,14.40,272.00,0.10,9,276.00,0.90,381,90.00,12.30,263.00,0.20,9,276.00,0.60,453,81.00,14.70,267.00
"2025-04-01 17:45:00",0.10,262.00,9.00,0.07,9,276.00,0.18,624,125.00,14.10,263.00,0.10,9,276.00,0.90,409,100.00,12.40,258.00,0.10,9,276.00,0.60,499,97.00,14.50,265.00
"2025-04-01 18:00:00",0.20,235.00,9.00,0.05,9,276.00,0.18,610,112.00,14.50,270.00,0.20,9,276.00,0.80,397,91.00,12.50,263.00,0.10,9,276.00,0.60,486,87.00,14.90,271.00
"2025-04-01 18:15:00",0.00,184.00,9.00,0.08,9,277.00,0.19,609,107.00,14.20,253.00,0.00,9,277.00,0.80,382,89.00,12.10,248.00,0.00,9,277.00,0.60,497,76.00,15.50,255.00
"2025-04-01 18:30:00",0.10,162.00,9.00,0.11,9,274.00,0.19,660,144.00,13.90,250.00,0.10,9,274.00,0.90,422,111.00,11.90,242.00,-0.10,9,274.00,0.70,506,108.00,14.30,252.00
"2025-04-01 18:45:00",0.20,223.00,9.00,0.06,9,274.00,0.18,644,111.00,14.90,270.00,0.20,9,274.00,0.80,412,92.00,12.70,262.00,0.00,9,274.00,0.60,538,80.00,16.20,272.00
"2025-04-01 19:00:00",0.10,146.00,9.00,0.09,9,274.00,0.19,652,114.00,14.70,270.00,0.00,9,274.00,0.80,428,97.00,12.60,265.00,0.00,9,274.00,0.70,530,78.00,16.20,271.00
"2025-04-01 19:15:00",0.20,252.00,9.00,0.07,9,276.00,0.19,604,136.00,12.60,241.00,0.10,9,276.00,1.00,409,114.00,10.50,238.00,0.10,9,276.00,0.60,508,103.00,13.70,242.00
"2025-04-01 19:30:00",0.30,217.00,9.00,0.05,9,274.00,0.18,684,124.00,14.40,268.00,0.30,9,274.00,0.80,433,109.00,11.70,262.00,0.00,9,274.00,0.60,518,86.00,15.20,270.00
"2025-04-01 19:45:00",0.20,219.00,9.00,0.07,9,274.00,0.16,685,111.00,15.40,271.00,0.20,9,274.00,0.80,454,102.00,12.60,266.00,0.00,9,274.00,0.70,531,75.00,16.60,272.00
"2025-04-01 20:00:00",0.10,238.00,9.00,0.05,9,274.00,0.18,646,115.00,14.60,266.00,0.10,9,274.00,0.80,451,105.00,12.20,262.00,0.10,9,274.00,0.70,523,78.00,16.20,273.00
"2025-04-01 20:15:00",0.20,229.00,9.00,0.04,9,276.00,0.18,643,111.00,14.20,250.00,0.20,9,276.00,0.80,445,102.00,12.10,247.00,0.00,9,276.00,0.60,530,75.00,16.00,256.00
"2025-04-01 20:30:00",0.10,51.00,9.00,0.07,9,274.00,0.17,698,116.00,15.10,271.00,-0.10,9,274.00,0.80,453,97.00,13.00,267.00,0.00,9,274.00,0.70,495,81.00,15.40,273.00
"2025-04-01 20:45:00",0.20,92.00,9.00,0.11,9,274.00,0.20,785,170.00,14.40,253.00,-0.10,9,274.00,0.90,487,134.00,12.10,244.00,-0.20,9,274.00,0.70,573,133.00,14.30,254.00
"2025-04-01 21:00:00",0.10,229.00,9.00,0.07,9,273.00,0.19,679,121.00,14.70,270.00,0.10,9,273.00,1.00,450,102.00,12.80,258.00,0.00,9,273.00,0.60,503,97.00,14.30,261.00
"2025-04-01 21:15:00",0.40,271.00,9.00,0.03,9,277.00,0.21,627,124.00,13.20,254.00,0.20,9,277.00,0.90,427,103.00,11.70,249.00,0.30,9,277.00,0.80,499,112.00,12.60,246.00
"2025-04-01 21:30:00",0.90,268.00,9.00,0.03,9,274.00,0.22,734,147.00,13.90,263.00,0.60,9,274.00,1.20,532,132.00,12.40,249.00,0.70,9,274.00,1.20,594,150.00,12.50,247.00
"2025-04-01 21:45:00",1.10,261.00,9.00,0.03,9,274.00,0.23,725,123.00,15.10,269.00,0.80,9,274.00,1.50,510,106.00,13.50,270.00,0.70,9,274.00,1.30,564,107.00,14.30,269.00
"2025-04-01 22:00:00",0.70,266.00,9.00,0.07,9,273.00,0.20,775,147.00,14.70,259.00,0.50,9,273.00,1.40,523,115.00,13.40,265.00,0.50,9,273.00,1.10,560,119.00,14.00,255.00
"2025-04-01 22:15:00",0.70,260.00,9.00,0.03,9,277.00,0.21,729,163.00,13.20,245.00,0.50,9,277.00,1.10,498,127.00,11.70,235.00,0.40,9,277.00,1.00,575,126.00,13.40,246.00
"2025-04-01 22:30:00",0.60,268.00,9.00,0.03,9,273.00,0.22,728,121.00,15.20,266.00,0.40,9,273.00,0.80,492,105.00,13.10,262.00,0.40,9,273.00,0.80,530,88.00,15.30,268.00
"2025-04-01 22:45:00",0.20,255.00,9.00,0.09,9,275.00,0.21,749,127.00,15.00,265.00,0.20,9,275.00,1.20,520,108.00,13.30,268.00,0.10,9,275.00,0.80,562,90.00,15.70,267.00
"2025-04-01 23:00:00",0.90,264.00,9.00,-0.03,9,274.00,0.27,736,130.00,14.60,270.00,0.60,9,274.00,1.20,524,117.00,12.60,260.00,0.60,9,274.00,1.20,534,92.00,15.00,268.00
"2025-04-01 23:15:00",0.30,276.00,9.00,0.01,9,276.00,0.20,692,121.00,14.20,256.00,0.10,9,276.00,1.20,445,106.00,11.80,251.00,0.20,9,276.00,0.80,501,80.00,15.10,253.00
"2025-04-01 23:30:00",0.50,264.00,9.00,0.04,9,273.00,0.27,819,183.00,13.70,252.00,0.30,9,273.00,1.50,517,134.00,11.70,250.00,0.30,9,273.00,1.10,558,135.00,13.30,247.00
"2025-04-01 23:45:00",0.00,205.00,9.00,0.06,9,274.00,0.21,694,114.00,15.10,270.00,0.00,9,274.00,1.00,444,97.00,12.90,267.00,0.00,9,274.00,0.70,540,80.00,16.20,267.00
"2025-04-02 00:00:00",0.10,272.00,9.00,0.04,9,274.00,0.20,706,169.00,13.30,242.00,0.10,9,274.00,1.00,436,117.00,11.60,247.00,0.10,9,274.00,0.70,587,124.00,14.60,252.00
"2025-04-02 00:15:00",0.20,269.00,9.00,0.03,9,277.00,0.20,632,118.00,13.80,254.00,0.10,9,277.00,1.00,418,97.00,12.20,251.00,0.20,9,277.00,0.70,500,84.00,14.70,252.00
"2025-04-02 00:30:00",0.30,273.00,9.00,0.02,9,274.00,0.18,668,111.00,15.10,269.00,0.20,9,274.00,0.90,436,93.00,13.10,269.00,0.30,9,274.00,0.70,492,78.00,15.60,271.00
"2025-04-02 00:45:00",0.30,239.00,9.00,0.04,9,274.00,0.21,705,157.00,13.50,250.00,0.30,9,274.00,1.00,420,116.00,11.30,253.00,0.10,9,274.00,0.60,559,115.00,14.50,251.00
"2025-04-02 01:00:00",0.30,246.00,9.00,0.01,9,275.00,0.18,684,111.00,15.30,275.00,0.30,9,275.00,0.90,407,87.00,13.10,270.00,0.20,9,275.00,0.70,510,81.00,15.70,272.00
"2025-04-02 01:15:00",0.50,286.00,9.00,0.01,9,276.00,0.23,833,350.00,9.30,168.00,0.20,9,276.00,1.10,667,314.00,8.20,138.00,0.50,9,276.00,1.00,804,385.00,8.40,139.00
"2025-04-02 01:30:00",0.40,284.00,9.00,0.00,9,274.00,0.22,791,252.00,10.90,225.00,0.20,9,274.00,0.90,598,238.00,9.10,179.00,0.40,9,274.00,0.70,658,266.00,9.40,172.00
"2025-04-02 01:45:00",0.90,283.00,9.00,0.00,9,274.00,0.25,837,282.00,10.60,207.00,0.40,9,274.00,1.40,691,268.00,9.30,181.00,0.80,9,274.00,1.40,717,306.00,8.90,166.00
"2025-04-02 02:00:00",0.60,239.00,9.00,0.02,9,274.00,0.19,788,149.00,14.90,258.00,0.50,9,274.00,1.00,567,123.00,13.60,259.00,0.20,9,274.00,0.70,669,119.00,15.50,263.00
"2025-04-02 02:15:00",1.30,240.00,9.00,0.01,9,277.00,0.19,760,125.00,14.80,254.00,1.20,9,277.00,1.60,552,117.00,12.90,253.00,0.50,9,277.00,0.80,583,93.00,15.20,252.00
"2025-04-02 02:30:00",1.10,250.00,9.00,-0.01,9,274.00,0.26,807,142.00,15.10,264.00,1.00,9,274.00,1.50,635,126.00,14.10,266.00,0.60,9,274.00,1.00,669,126.00,14.90,260.00
"2025-04-02 02:45:00",1.20,257.00,9.00,-0.02,9,274.00,0.23,839,231.00,12.60,219.00,1.00,9,274.00,1.10,684,216.00,11.80,200.00,0.80,9,274.00,1.10,699,229.00,12.10,194.00
"2025-04-02 03:00:00",1.60,247.00,9.00,-0.02,9,275.00,0.31,905,350.00,8.80,189.00,1.40,9,275.00,2.10,735,348.00,6.90,129.00,0.80,9,275.00,1.10,787,398.00,6.70,113.00
"2025-04-02 03:15:00",1.30,259.00,9.00,-0.01,9,277.00,0.24,828,238.00,11.80,231.00,1.00,9,277.00,1.00,633,224.00,9.90,200.00,0.80,9,277.00,1.00,703,253.00,10.20,203.00
"2025-04-02 03:30:00",1.10,261.00,9.00,-0.01,9,274.00,0.25,808,176.00,13.60,257.00,0.80,9,274.00,1.10,638,162.00,12.20,252.00,0.70,9,274.00,1.00,729,173.00,13.40,245.00
"2025-04-02 03:45:00",0.40,219.00,9.00,0.04,9,275.00,0.17,907,129.00,16.60,273.00,0.40,9,275.00,0.70,670,107.00,15.60,275.00,0.00,9,275.00,0.70,674,95.00,16.80,273.00
"2025-04-02 04:00:00",1.10,235.00,9.00,0.01,9,274.00,0.22,888,138.00,15.80,270.00,1.10,9,274.00,1.20,691,119.00,15.00,271.00,0.30,9,274.00,0.80,715,102.00,16.80,269.00
"2025-04-02 04:15:00",1.30,256.00,9.00,-0.01,9,276.00,0.22,850,128.00,15.50,257.00,1.00,9,276.00,1.00,561,111.00,13.40,254.00,0.80,9,276.00,0.80,642,92.00,15.80,252.00
"2025-04-02 04:30:00",1.40,239.00,9.00,0.08,9,274.00,0.19,1049,147.00,16.80,271.00,1.30,9,274.00,1.40,744,140.00,14.20,272.00,0.50,9,274.00,0.90,724,107.00,16.20,269.00
"2025-04-02 04:45:00",1.10,234.00,9.00,0.04,9,274.00,0.21,976,163.00,15.40,267.00,1.00,9,274.00,1.10,759,156.00,13.50,270.00,0.30,9,274.00,0.80,723,119.00,15.70,267.00
"2025-04-02 05:00:00",0.80,242.00,9.00,0.04,9,273.00,0.21,980,152.00,15.80,271.00,0.70,9,273.00,0.90,692,138.00,13.50,272.00,0.30,9,273.00,0.70,679,111.00,15.40,271.00
"2025-04-02 05:15:00",0.70,252.00,9.00,0.10,9,276.00,0.19,900,145.00,14.90,254.00,0.60,9,276.00,1.20,615,141.00,12.00,254.00,0.40,9,276.00,0.80,690,109.00,15.10,255.00
"2025-04-02 05:30:00",0.30,234.00,9.00,0.05,9,273.00,0.17,870,144.00,15.40,270.00,0.30,9,273.00,0.60,568,131.00,12.60,265.00,0.10,9,273.00,0.60,654,106.00,15.80,270.00
"2025-04-02 05:45:00",0.30,239.00,9.00,0.02,9,274.00,0.18,905,154.00,15.20,271.00,0.30,9,274.00,0.60,565,133.00,12.40,262.00,0.10,9,274.00,0.50,617,105.00,15.10,269.00
"2025-04-02 06:00:00",0.90,255.00,9.00,0.02,9,273.00,0.17,891,157.00,15.00,268.00,0.80,9,273.00,0.80,622,150.00,12.20,259.00,0.60,9,273.00,0.70,711,117.00,15.60,270.00
"2025-04-02 06:15:00",1.00,255.00,9.00,0.09,9,276.00,0.20,929,158.00,14.70,253.00,0.80,9,276.00,1.10,644,139.00,12.40,248.00,0.60,9,276.00,0.90,726,114.00,15.20,255.00
"2025-04-02 06:30:00",0.70,269.00,9.00,0.07,9,273.00,0.20,975,155.00,15.60,270.00,0.40,9,273.00,0.90,712,144.00,13.50,266.00,0.50,9,273.00,1.00,775,116.00,16.10,273.00
"2025-04-02 06:45:00",0.30,353.00,9.00,0.07,9,273.00,0.18,977,149.00,15.80,273.00,-0.20,9,273.00,1.00,676,139.00,13.30,265.00,0.20,9,273.00,0.70,765,109.00,16.60,272.00
"2025-04-02 07:00:00",0.30,2.00,9.00,0.10,9,274.00,0.25,1026,159.00,15.90,274.00,-0.20,9,274.00,1.00,831,146.00,14.80,268.00,0.20,9,274.00,1.00,746,128.00,15.30,263.00
"2025-04-02 07:15:00",0.50,344.00,9.00,0.07,9,275.00,0.21,872,135.00,15.30,255.00,-0.30,9,275.00,0.80,796,119.00,15.50,252.00,0.40,9,275.00,0.90,731,109.00,15.60,254.00
"2025-04-02 07:30:00",0.30,271.00,9.00,0.06,9,274.00,0.20,915,262.00,11.40,226.00,0.20,9,274.00,0.80,757,253.00,10.20,205.00,0.30,9,274.00,0.90,777,268.00,10.10,212.00
"2025-04-02 07:45:00",0.20,229.00,9.00,0.05,9,275.00,0.20,767,128.00,15.30,275.00,0.20,9,275.00,0.70,622,108.00,15.00,275.00,0.00,9,275.00,0.70,635,101.00,15.80,272.00
"2025-04-02 08:00:00",0.30,209.00,9.00,-0.04,9,274.00,0.12,867,125.00,16.60,273.00,0.30,9,274.00,0.60,512,108.00,13.40,264.00,0.00,9,274.00,0.50,594,93.00,15.90,267.00
"2025-04-02 08:15:00",0.60,114.00,9.00,0.04,9,275.00,0.24,851,145.00,14.40,250.00,-0.10,9,275.00,0.90,787,130.00,14.70,248.00,-0.60,9,275.00,1.00,818,114.00,15.90,254.00
"2025-04-02 08:30:00",0.30,74.00,9.00,0.06,9,275.00,0.22,749,126.00,15.10,273.00,-0.30,9,275.00,0.80,545,102.00,14.20,269.00,-0.20,9,275.00,0.70,626,92.00,16.50,271.00
"2025-04-02 08:45:00",0.00,196.00,9.00,-0.04,9,274.00,0.19,750,194.00,13.30,242.00,0.00,9,274.00,0.70,503,137.00,12.10,240.00,0.00,9,274.00,0.60,593,137.00,14.60,246.00
"2025-04-02 09:00:00",0.30,95.00,9.00,-0.02,9,274.00,0.21,680,149.00,13.40,258.00,-0.20,9,274.00,0.80,572,120.00,13.30,253.00,-0.30,9,274.00,0.70,575,117.00,14.80,261.00
"2025-04-02 09:15:00",0.60,42.00,9.00,-0.02,9,276.00,0.22,718,219.00,10.80,209.00,-0.60,9,276.00,1.90,526,200.00,9.20,177.00,0.00,9,276.00,1.00,563,205.00,10.20,178.00
"2025-04-02 09:30:00",0.50,252.00,9.00,-0.02,9,274.00,0.20,811,355.00,7.70,156.00,0.40,9,274.00,1.20,655,349.00,5.90,84.00,0.30,9,274.00,0.70,734,405.00,5.60,71.00
"2025-04-02 09:45:00",1.20,251.00,9.00,-0.05,9,274.00,0.24,685,166.00,12.90,244.00,1.00,9,274.00,1.20,535,152.00,11.50,233.00,0.60,9,274.00,0.90,591,152.00,13.00,235.00
"2025-04-02 10:00:00",0.60,250.00,9.00,-0.01,2,274.00,0.22,669,155.00,13.40,250.00,0.50,2,274.00,1.20,500,126.00,12.20,250.00,0.30,2,274.00,0.70,550,113.00,14.70,246.00
"2025-04-02 10:15:00",0.10,229.00,9.00,0.03,9,276.00,0.18,645,141.00,13.20,247.00,0.10,9,276.00,0.80,440,117.00,11.40,237.00,0.00,9,276.00,0.60,510,98.00,14.40,247.00
"2025-04-02 10:30:00",0.00,62.00,9.00,0.02,9,274.00,0.18,636,107.00,15.10,273.00,0.00,9,274.00,0.80,404,94.00,12.40,254.00,0.00,9,274.00,0.60,488,78.00,15.80,270.00
"2025-04-02 10:45:00",0.10,44.00,9.00,0.00,9,275.00,0.17,609,112.00,14.50,263.00,-0.10,9,275.00,0.80,404,91.00,12.60,265.00,0.00,9,275.00,0.70,476,78.00,15.60,270.00
"2025-04-02 11:00:00",0.20,190.00,9.00,0.09,9,274.00,0.35,662,127.00,14.30,267.00,0.20,9,274.00,1.70,427,106.00,11.90,247.00,-0.10,9,274.00,0.80,474,86.00,14.80,264.00
"2025-04-02 11:15:00",0.20,242.00,9.00,0.05,9,276.00,0.30,643,145.00,12.20,246.00,0.20,9,276.00,1.80,485,147.00,9.90,223.00,0.10,9,276.00,1.20,453,106.00,12.00,249.00
"2025-04-02 11:30:00",0.30,266.00,9.00,0.05,9,274.00,0.23,673,182.00,11.70,244.00,0.20,9,274.00,1.30,497,165.00,9.60,227.00,0.20,9,274.00,1.00,510,143.00,11.70,240.00
"2025-04-02 11:45:00",0.40,254.00,9.00,0.11,9,275.00,0.30,703,138.00,13.80,267.00,0.30,9,275.00,1.40,495,133.00,11.00,255.00,0.20,9,275.00,1.20,482,102.00,13.40,262.00
"2025-04-02 12:00:00",1.60,259.00,9.00,0.20,2,275.00,0.51,695,145.00,13.40,269.00,1.20,2,275.00,2.90,671,147.00,12.70,269.00,1.00,2,275.00,2.60,543,116.00,13.30,271.00
"2025-04-02 12:15:00",0.50,346.00,9.00,0.09,9,278.00,0.32,595,116.00,13.70,250.00,-0.30,9,278.00,1.20,446,89.00,13.10,248.00,0.40,9,278.00,1.70,423,86.00,13.50,251.00
"2025-04-02 12:30:00",0.30,312.00,9.00,0.03,9,276.00,0.21,652,143.00,13.90,248.00,0.00,9,276.00,1.20,474,129.00,12.10,232.00,0.30,9,276.00,1.00,508,132.00,13.40,236.00
"2025-04-02 12:45:00",0.30,266.00,9.00,0.07,9,276.00,0.24,730,182.00,13.20,244.00,0.20,9,276.00,1.20,493,128.00,12.40,251.00,0.20,9,276.00,1.00,530,131.00,13.60,241.00
"2025-04-02 13:00:00",1.20,309.00,9.00,-0.01,2,274.00,0.26,667,162.00,12.60,245.00,0.00,2,274.00,1.20,491,138.00,11.30,240.00,1.20,2,274.00,2.00,520,156.00,11.40,233.00
"2025-04-02 13:15:00",0.50,323.00,9.00,0.09,9,276.00,0.30,594,114.00,13.70,248.00,-0.10,9,276.00,1.00,400,87.00,12.60,245.00,0.50,9,276.00,1.50,438,92.00,13.40,246.00
"2025-04-02 13:30:00",0.90,278.00,9.00,0.05,2,276.00,0.24,663,160.00,12.80,241.00,0.50,2,276.00,1.90,502,146.00,11.40,229.00,0.80,2,276.00,1.80,496,149.00,11.40,226.00
"2025-04-02 13:45:00",0.70,239.00,9.00,0.00,9,276.00,0.25,692,162.00,13.40,252.00,0.70,9,276.00,1.20,510,150.00,11.70,224.00,0.30,9,276.00,0.80,574,173.00,12.70,218.00
"2025-04-02 14:00:00",0.70,248.00,9.00,0.01,9,274.00,0.27,712,132.00,14.90,262.00,0.60,9,274.00,1.20,568,108.00,14.40,261.00,0.40,9,274.00,0.80,541,96.00,15.60,262.00
"2025-04-02 14:15:00",0.30,292.00,9.00,0.03,9,276.00,0.27,654,161.00,12.60,234.00,0.10,9,276.00,1.00,477,120.00,12.10,232.00,0.30,9,276.00,1.00,494,119.00,12.90,238.00
"2025-04-02 14:30:00",0.40,333.00,9.00,0.02,9,276.00,0.21,641,131.00,13.90,258.00,-0.20,9,276.00,1.00,439,97.00,12.80,257.00,0.40,9,276.00,1.10,459,91.00,14.10,263.00
"2025-04-02 14:45:00",0.70,285.00,9.00,-0.02,2,276.00,0.21,591,152.00,11.60,239.00,0.30,2,276.00,1.20,422,107.00,11.70,251.00,0.70,2,276.00,1.60,420,104.00,12.10,260.00
"2025-04-02 15:00:00",0.70,278.00,9.00,0.04,9,275.00,0.28,623,174.00,10.90,240.00,0.30,9,275.00,1.80,485,127.00,11.20,242.00,0.60,9,275.00,1.60,449,111.00,12.00,254.00
"2025-04-02 15:15:00",0.70,257.00,9.00,-0.02,2,278.00,0.35,561,161.00,10.70,235.00,0.60,2,278.00,2.10,401,123.00,10.00,224.00,0.50,2,278.00,1.40,406,106.00,11.40,243.00
"2025-04-02 15:30:00",0.80,289.00,9.00,0.06,2,276.00,0.41,600,149.00,12.30,260.00,0.20,2,276.00,2.10,453,127.00,11.00,249.00,0.70,2,276.00,2.50,448,119.00,11.90,248.00
"2025-04-02 15:45:00",0.60,287.00,9.00,0.04,2,276.00,0.26,582,115.00,13.90,270.00,0.20,2,276.00,1.90,390,95.00,12.20,260.00,0.60,2,276.00,1.80,413,90.00,13.40,268.00
"2025-04-02 16:00:00",1.30,240.00,9.00,0.03,2,275.00,0.41,594,124.00,13.50,266.00,1.20,2,275.00,2.90,450,106.00,12.50,265.00,0.50,2,275.00,2.00,494,97.00,14.20,266.00
"2025-04-02 16:15:00",0.50,256.00,9.00,-0.02,9,278.00,0.22,538,101.00,13.90,253.00,0.40,9,278.00,1.50,360,80.00,12.50,250.00,0.30,9,278.00,1.00,395,71.00,14.60,252.00
"2025-04-02 16:30:00",0.20,250.00,9.00,0.08,9,276.00,0.26,606,113.00,14.40,270.00,0.10,9,276.00,1.30,429,95.00,12.90,267.00,0.10,9,276.00,1.30,443,83.00,14.50,269.00
"2025-04-02 16:45:00",0.20,333.00,9.00,0.03,9,275.00,0.21,577,115.00,14.00,264.00,-0.10,9,275.00,0.90,421,91.00,13.30,259.00,0.20,9,275.00,0.80,429,94.00,13.50,264.00
"2025-04-02 17:00:00",0.30,302.00,9.00,0.06,9,276.00,0.26,589,110.00,14.30,270.00,0.00,9,276.00,1.30,429,87.00,13.60,270.00,0.30,9,276.00,1.20,486,87.00,15.00,271.00
"2025-04-02 17:15:00",0.10,3.00,9.00,0.08,9,278.00,0.20,539,100.00,13.80,253.00,0.00,9,278.00,0.80,404,83.00,13.00,248.00,0.00,9,278.00,0.70,449,74.00,14.70,253.00
"2025-04-02 17:30:00",0.20,267.00,9.00,0.05,9,274.00,0.17,557,101.00,14.50,271.00,0.10,9,274.00,0.70,403,79.00,13.60,267.00,0.10,9,274.00,0.70,451,72.00,15.70,272.00
"2025-04-02 17:45:00",0.10,310.00,9.00,0.07,9,274.00,0.17,605,99.00,15.20,268.00,0.00,9,274.00,0.60,445,78.00,14.70,269.00,0.10,9,274.00,0.60,447,69.00,15.90,274.00
"2025-04-02 18:00:00",0.20,210.00,9.00,0.10,9,274.00,0.17,590,98.00,15.10,273.00,0.20,9,274.00,0.70,414,88.00,13.10,263.00,0.00,9,274.00,0.60,452,65.00,16.60,274.00
"2025-04-02 18:15:00",0.20,282.00,9.00,0.07,9,276.00,0.18,560,118.00,13.30,243.00,0.10,9,276.00,0.70,400,102.00,11.40,233.00,0.20,9,276.00,0.60,440,86.00,14.50,246.00
"2025-04-02 18:30:00",0.20,236.00,9.00,0.06,9,274.00,0.18,618,106.00,14.80,273.00,0.20,9,274.00,0.70,413,96.00,12.20,256.00,0.10,9,274.00,0.60,470,71.00,16.10,272.00
"2025-04-02 18:45:00",0.20,233.00,9.00,0.05,9,274.00,0.19,672,162.00,13.10,243.00,0.20,9,274.00,0.80,435,150.00,10.20,203.00,0.00,9,274.00,0.60,524,157.00,12.40,215.00
"2025-04-02 19:00:00",0.60,230.00,9.00,0.02,9,274.00,0.18,691,114.00,15.30,273.00,0.50,9,274.00,1.00,466,101.00,13.10,270.00,0.10,9,274.00,0.60,597,81.00,17.10,269.00
"2025-04-02 19:15:00",0.30,216.00,9.00,0.08,9,276.00,0.19,718,108.00,15.40,256.00,0.30,9,276.00,0.90,436,90.00,13.00,254.00,0.00,9,276.00,0.70,509,73.00,15.90,253.00
"2025-04-02 19:30:00",0.40,212.00,9.00,0.03,9,274.00,0.20,732,113.00,15.70,274.00,0.40,9,274.00,0.90,434,83.00,14.10,271.00,0.00,9,274.00,0.60,599,76.00,17.50,269.00
"2025-04-02 19:45:00",0.90,230.00,9.00,0.09,9,274.00,0.23,906,165.00,14.80,263.00,0.90,9,274.00,1.40,578,122.00,13.60,266.00,0.20,9,274.00,1.00,652,112.00,15.70,266.00
"2025-04-02 20:00:00",0.90,224.00,9.00,0.08,9,274.00,0.19,889,148.00,15.20,269.00,0.90,9,274.00,1.30,542,112.00,13.30,267.00,0.10,9,274.00,0.90,565,92.00,15.50,273.00
"2025-04-02 20:15:00",0.60,241.00,9.00,0.02,9,276.00,0.17,768,112.00,15.70,255.00,0.60,9,276.00,1.10,435,90.00,13.10,251.00,0.30,9,276.00,0.60,519,73.00,16.00,256.00
"2025-04-02 20:30:00",0.90,241.00,9.00,0.01,9,274.00,0.18,804,212.00,12.60,233.00,0.80,9,274.00,1.20,520,196.00,9.70,187.00,0.30,9,274.00,0.70,646,219.00,11.20,182.00
"2025-04-02 20:45:00",0.80,241.00,9.00,0.06,9,273.00,0.18,902,125.00,16.90,271.00,0.70,9,273.00,1.30,568,110.00,14.00,268.00,0.30,9,273.00,0.70,659,87.00,17.20,268.00
"2025-04-02 21:00:00",1.20,240.00,9.00,0.04,9,275.00,0.22,843,127.00,16.00,272.00,1.10,9,275.00,1.20,579,108.00,14.40,271.00,0.40,9,275.00,0.80,605,90.00,16.30,272.00
"2025-04-02 21:15:00",1.10,241.00,9.00,0.03,9,276.00,0.20,766,128.00,14.90,251.00,1.00,9,276.00,1.30,484,108.00,12.50,251.00,0.40,9,276.00,1.00,561,94.00,14.80,251.00
"2025-04-02 21:30:00",1.10,234.00,9.00,0.04,9,274.00,0.22,877,167.00,14.20,265.00,1.10,9,274.00,1.20,560,134.00,12.40,262.00,0.30,9,274.00,0.80,629,111.00,15.00,271.00
"2025-04-02 21:45:00",1.10,250.00,9.00,0.06,9,274.00,0.18,878,132.00,16.00,273.00,0.90,9,274.00,1.20,573,116.00,13.50,270.00,0.60,9,274.00,1.00,622,92.00,16.30,273.00
"2025-04-02 22:00:00",1.30,237.00,9.00,0.08,9,274.00,0.18,947,132.00,16.70,272.00,1.20,9,274.00,1.40,571,126.00,12.80,273.00,0.40,9,274.00,0.90,602,95.00,15.80,272.00
"2025-04-02 22:15:00",0.90,255.00,9.00,0.07,9,276.00,0.16,855,122.00,16.00,255.00,0.80,9,276.00,1.00,523,103.00,13.40,254.00,0.60,9,276.00,0.90,568,91.00,15.10,252.00
"2025-04-02 22:30:00",0.10,253.00,9.00,0.06,9,273.00,0.18,964,137.00,16.50,270.00,0.10,9,273.00,0.70,520,108.00,13.40,269.00,0.10,9,273.00,0.70,642,94.00,16.50,270.00
"2025-04-02 22:45:00",0.70,273.00,9.00,0.02,9,274.00,0.20,822,239.00,11.70,231.00,0.40,9,274.00,1.00,602,221.00,9.70,201.00,0.60,9,274.00,0.90,690,259.00,10.00,197.00
"2025-04-02 23:00:00",0.80,265.00,9.00,0.01,9,274.00,0.22,980,392.00,8.10,175.00,0.50,9,274.00,0.90,810,368.00,6.90,137.00,0.60,9,274.00,1.10,796,429.00,5.50,86.00
"2025-04-02 23:15:00",0.80,252.00,9.00,0.00,9,276.00,0.21,791,162.00,13.80,248.00,0.60,9,276.00,0.60,740,150.00,14.20,239.00,0.40,9,276.00,0.80,682,152.00,13.90,228.00
"2025-04-02 23:30:00",0.80,262.00,9.00,0.07,9,274.00,0.19,910,134.00,16.00,273.00,0.60,9,274.00,0.90,775,114.00,16.50,273.00,0.60,9,274.00,0.90,627,97.00,15.90,273.00
"2025-04-02 23:45:00",0.10,38.00,9.00,0.08,9,274.00,0.20,894,146.00,15.40,273.00,-0.10,9,274.00,1.00,646,123.00,14.10,273.00,0.00,9,274.00,0.90,608,102.00,15.10,268.00
"2025-04-03 00:00:00",0.30,91.00,9.00,0.03,9,274.00,0.27,798,137.00,14.90,271.00,-0.20,9,274.00,0.80,794,127.00,15.60,271.00,-0.20,9,274.00,0.70,790,95.00,18.20,273.00
"2025-04-03 00:15:00",0.60,162.00,9.00,0.02,9,276.00,0.17,697,135.00,13.70,250.00,0.30,9,276.00,0.90,547,110.00,13.30,253.00,-0.50,9,276.00,0.60,603,92.00,15.80,255.00
"2025-04-03 00:30:00",0.60,120.00,9.00,0.12,9,275.00,0.24,610,184.00,10.90,237.00,-0.10,9,275.00,0.60,569,135.00,12.80,246.00,-0.60,9,275.00,0.60,657,128.00,15.20,261.00
"2025-04-03 00:45:00",0.40,155.00,9.00,0.06,9,274.00,0.21,559,123.00,12.70,265.00,0.20,9,274.00,0.50,582,103.00,14.90,271.00,-0.40,9,274.00,0.60,560,84.00,16.10,274.00
"2025-04-03 01:00:00",0.50,241.00,9.00,0.00,9,274.00,0.20,538,114.00,13.00,267.00,0.40,9,274.00,0.40,566,96.00,15.30,271.00,0.20,9,274.00,0.60,560,81.00,16.60,274.00
"2025-04-03 01:15:00",1.10,266.00,9.00,-0.07,9,277.00,0.18,515,122.00,11.90,248.00,0.70,9,277.00,0.40,621,105.00,14.90,255.00,0.80,9,277.00,0.40,556,84.00,15.60,255.00
"2025-04-03 01:30:00",0.20,296.00,9.00,0.06,9,274.00,0.22,639,135.00,13.20,267.00,0.00,9,274.00,0.70,732,114.00,15.90,272.00,0.20,9,274.00,0.90,565,103.00,14.70,264.00
"2025-04-03 01:45:00",0.50,5.00,9.00,0.04,9,274.00,0.16,825,128.00,15.70,272.00,-0.40,9,274.00,0.70,679,112.00,15.10,272.00,0.30,9,274.00,0.70,663,92.00,16.80,273.00
"2025-04-03 02:00:00",0.30,28.00,9.00,0.11,9,275.00,0.25,718,188.00,12.10,244.00,-0.30,9,275.00,0.70,745,138.00,14.90,264.00,0.10,9,275.00,0.80,635,134.00,14.10,247.00
"2025-04-03 02:15:00",0.30,96.00,9.00,0.12,9,276.00,0.19,622,134.00,12.60,250.00,-0.10,9,276.00,0.70,589,110.00,14.00,257.00,-0.20,9,276.00,0.70,545,99.00,14.30,250.00
"2025-04-03 02:30:00",0.40,89.00,9.00,0.15,9,274.00,0.21,544,117.00,13.00,269.00,-0.30,9,274.00,0.80,440,94.00,12.90,268.00,-0.30,9,274.00,0.50,548,82.00,16.30,274.00
"2025-04-03 02:45:00",0.60,94.00,9.00,0.12,9,274.00,0.14,750,174.00,13.90,248.00,-0.30,9,274.00,0.30,968,134.00,17.40,267.00,-0.50,9,274.00,0.50,663,122.00,15.90,256.00
"2025-04-03 03:00:00",0.00,183.00,9.00,0.00,9,275.00,0.16,715,131.00,14.40,270.00,0.00,9,275.00,0.30,863,109.00,17.60,271.00,0.00,9,275.00,0.50,637,89.00,16.70,273.00
"2025-04-03 03:15:00",0.60,247.00,9.00,-0.02,9,276.00,0.20,531,121.00,12.10,250.00,0.60,9,276.00,0.60,567,103.00,14.00,252.00,0.30,9,276.00,0.60,474,84.00,14.10,256.00
"2025-04-03 03:30:00",0.50,213.00,9.00,-0.01,9,274.00,0.15,585,114.00,13.90,268.00,0.50,9,274.00,0.50,540,101.00,14.30,269.00,0.00,9,274.00,0.50,495,81.00,15.60,274.00
"2025-04-03 03:45:00",0.30,145.00,9.00,0.09,9,275.00,0.14,732,123.00,15.10,274.00,0.10,9,275.00,0.60,492,101.00,13.40,274.00,-0.20,9,275.00,0.50,601,81.00,16.90,272.00
"2025-04-03 04:00:00",0.40,152.00,9.00,0.08,9,274.00,0.18,611,112.00,14.40,274.00,0.20,9,274.00,0.50,522,95.00,14.40,270.00,-0.40,9,274.00,0.40,552,73.00,17.40,273.00
"2025-04-03 04:15:00",0.30,258.00,9.00,-0.01,9,277.00,0.17,685,179.00,11.70,231.00,0.20,9,277.00,0.50,747,130.00,14.60,231.00,0.20,9,277.00,0.40,692,116.00,15.30,246.00
"2025-04-03 04:30:00",0.40,96.00,9.00,0.14,9,274.00,0.12,962,130.00,17.10,273.00,-0.20,9,274.00,0.30,994,112.00,18.80,273.00,-0.30,9,274.00,0.60,598,90.00,16.10,273.00
"2025-04-03 04:45:00",0.50,91.00,9.00,0.19,9,274.00,0.18,813,138.00,15.00,273.00,-0.30,9,274.00,0.40,798,116.00,16.50,273.00,-0.40,9,274.00,0.60,616,91.00,16.30,274.00
"2025-04-03 05:00:00",0.50,281.00,9.00,-0.06,9,273.00,0.16,735,145.00,14.20,265.00,0.20,9,273.00,0.70,493,115.00,12.40,264.00,0.40,9,273.00,0.60,674,104.00,16.20,266.00
"2025-04-03 05:15:00",0.10,201.00,9.00,-0.01,9,275.00,0.13,675,125.00,14.10,254.00,0.10,9,275.00,0.60,478,107.00,12.40,237.00,0.00,9,275.00,0.40,702,95.00,16.90,248.00
"2025-04-03 05:30:00",0.10,136.00,9.00,0.07,9,274.00,0.12,838,165.00,14.70,255.00,0.00,9,274.00,0.80,405,127.00,10.10,214.00,-0.10,9,274.00,0.40,673,115.00,15.90,259.00
"2025-04-03 05:45:00",0.30,267.00,9.00,0.03,9,273.00,0.14,773,126.00,15.60,272.00,0.20,9,273.00,0.60,435,112.00,11.70,253.00,0.20,9,273.00,0.50,649,96.00,16.50,272.00
"2025-04-03 06:00:00",0.20,263.00,9.00,0.00,9,273.00,0.16,605,114.00,14.20,270.00,0.10,9,273.00,0.90,390,100.00,11.50,256.00,0.10,9,273.00,0.60,526,82.00,15.90,270.00
"2025-04-03 06:15:00",0.80,271.00,9.00,-0.04,9,276.00,0.15,593,112.00,13.90,252.00,0.50,9,276.00,0.70,411,98.00,11.90,251.00,0.60,9,276.00,0.60,443,83.00,13.90,254.00
"2025-04-03 06:30:00",0.70,280.00,9.00,-0.03,9,273.00,0.13,749,122.00,15.70,266.00,0.30,9,273.00,0.90,547,111.00,13.50,263.00,0.60,9,273.00,0.60,543,89.00,15.50,271.00
"2025-04-03 06:45:00",0.10,332.00,9.00,0.04,9,273.00,0.15,731,146.00,14.30,264.00,0.00,9,273.00,0.60,509,119.00,12.70,251.00,0.10,9,273.00,0.60,508,100.00,14.40,259.00
"2025-04-03 07:00:00",0.10,160.00,9.00,0.07,9,274.00,0.23,670,138.00,13.60,264.00,0.10,9,274.00,0.60,482,103.00,13.20,264.00,-0.10,9,274.00,0.70,503,95.00,14.40,267.00
"2025-04-03 07:15:00",0.50,197.00,9.00,0.04,9,275.00,0.19,613,134.00,12.80,246.00,0.50,9,275.00,0.50,438,99.00,12.40,248.00,-0.20,9,275.00,0.60,462,87.00,13.80,250.00
"2025-04-03 07:30:00",0.20,125.00,9.00,0.10,9,274.00,0.17,678,135.00,13.90,266.00,0.00,9,274.00,0.60,495,105.00,13.10,263.00,-0.20,9,274.00,0.50,483,83.00,15.00,272.00
"2025-04-03 07:45:00",0.40,187.00,9.00,0.06,9,274.00,0.15,764,126.00,15.30,269.00,0.30,9,274.00,0.60,463,104.00,12.60,266.00,-0.20,9,274.00,0.60,500,87.00,14.90,270.00
"2025-04-03 08:00:00",0.20,193.00,9.00,0.10,9,274.00,0.20,654,133.00,13.40,264.00,0.20,9,274.00,0.70,456,110.00,12.00,261.00,-0.10,9,274.00,0.60,528,93.00,15.00,268.00
"2025-04-03 08:15:00",0.30,219.00,9.00,0.07,9,276.00,0.16,708,152.00,13.20,248.00,0.30,9,276.00,0.70,471,121.00,11.40,239.00,0.00,9,276.00,0.60,530,103.00,14.10,249.00
"2025-04-03 08:30:00",0.20,151.00,9.00,0.12,9,275.00,0.22,713,135.00,14.00,272.00,0.10,9,275.00,0.80,531,116.00,13.00,264.00,-0.20,9,275.00,0.70,533,90.00,15.20,271.00
"2025-04-03 08:45:00",0.00,245.00,9.00,0.07,9,274.00,0.19,756,139.00,14.50,267.00,0.00,9,274.00,0.70,499,113.00,12.50,257.00,0.00,9,274.00,0.80,555,92.00,15.20,271.00
"2025-04-03 09:00:00",0.30,68.00,9.00,0.06,9,273.00,0.21,708,136.00,14.10,266.00,-0.20,9,273.00,0.60,499,108.00,12.90,261.00,-0.10,9,273.00,0.70,532,96.00,14.70,265.00
"2025-04-03 09:15:00",0.10,242.00,9.00,0.03,9,276.00,0.19,706,148.00,13.30,242.00,0.10,9,276.00,0.90,533,128.00,12.10,241.00,0.10,9,276.00,0.90,583,107.00,14.40,248.00
"2025-04-03 09:30:00",0.30,91.00,9.00,0.01,9,274.00,0.18,781,158.00,14.10,263.00,-0.20,9,274.00,0.70,629,133.00,13.40,258.00,-0.20,9,274.00,0.70,615,124.00,14.50,256.00
"2025-04-03 09:45:00",0.20,60.00,9.00,-0.07,9,274.00,0.24,786,142.00,14.50,267.00,-0.20,9,274.00,0.90,612,122.00,13.70,266.00,-0.10,9,274.00,0.80,667,108.00,15.70,271.00
"2025-04-03 10:00:00",0.60,104.00,9.00,0.17,2,274.00,0.38,857,148.00,14.80,272.00,-0.30,2,274.00,1.40,696,125.00,14.40,270.00,-0.60,2,274.00,0.70,611,91.00,16.30,269.00
"2025-04-03 10:15:00",0.40,65.00,9.00,-0.01,2,276.00,0.21,652,137.00,12.80,247.00,-0.30,2,276.00,0.80,466,114.00,11.60,245.00,-0.20,2,276.00,0.70,521,93.00,14.50,248.00
"2025-04-03 10:30:00",0.50,62.00,9.00,-0.06,2,275.00,0.20,726,135.00,14.20,266.00,-0.40,2,275.00,0.80,558,112.00,13.50,272.00,-0.20,2,275.00,0.70,567,90.00,15.60,269.00
"2025-04-03 10:45:00",0.40,88.00,9.00,0.02,2,275.00,0.20,629,115.00,14.40,269.00,-0.30,2,275.00,0.80,421,95.00,12.40,267.00,-0.30,2,275.00,0.70,469,75.00,15.50,270.00
"2025-04-03 11:00:00",0.60,89.00,9.00,0.05,2,276.00,0.25,573,140.00,12.30,263.00,-0.40,2,276.00,1.00,434,109.00,11.60,245.00,-0.40,2,276.00,0.80,450,98.00,13.70,258.00
"2025-04-03 11:15:00",0.50,92.00,9.00,0.01,2,278.00,0.19,486,102.00,13.00,254.00,-0.30,2,278.00,1.00,366,85.00,12.10,245.00,-0.40,2,278.00,0.80,365,67.00,14.40,256.00
"2025-04-03 11:30:00",0.40,90.00,9.00,0.01,2,276.00,0.22,541,108.00,13.60,266.00,-0.30,2,276.00,1.10,417,96.00,12.30,260.00,-0.30,2,276.00,0.80,436,70.00,15.50,273.00
"2025-04-03 11:45:00",0.50,110.00,9.00,0.01,2,276.00,0.18,518,109.00,13.20,269.00,-0.10,2,276.00,0.80,412,103.00,11.60,257.00,-0.50,2,276.00,0.80,397,71.00,14.70,272.00
"2025-04-03 12:00:00",0.50,113.00,9.00,0.02,2,276.00,0.23,550,109.00,13.80,266.00,-0.10,2,276.00,1.00,407,99.00,11.80,258.00,-0.40,2,276.00,0.90,397,68.00,14.90,270.00
"2025-04-03 12:15:00",0.60,51.00,9.00,0.06,2,278.00,0.26,611,165.00,12.20,232.00,-0.60,2,278.00,1.30,515,146.00,11.10,221.00,-0.10,2,278.00,1.20,444,113.00,13.00,243.00
"2025-04-03 12:30:00",0.60,64.00,9.00,0.00,2,277.00,0.30,584,109.00,14.30,270.00,-0.50,2,277.00,1.80,492,103.00,12.90,265.00,-0.30,2,277.00,1.30,422,76.00,14.60,269.00
"2025-04-03 12:45:00",0.70,76.00,9.00,0.05,2,276.00,0.23,572,106.00,14.40,270.00,-0.50,2,276.00,1.00,440,93.00,12.90,268.00,-0.40,2,276.00,0.90,430,68.00,15.60,272.00
"2025-04-03 13:00:00",1.10,99.00,9.00,0.07,2,276.00,0.28,582,113.00,13.80,273.00,-0.50,2,276.00,1.20,455,110.00,11.80,258.00,-0.90,2,276.00,1.20,437,78.00,14.60,268.00
"2025-04-03 13:15:00",0.90,102.00,9.00,-0.01,2,279.00,0.20,452,99.00,12.50,253.00,-0.40,2,279.00,0.80,315,92.00,10.10,231.00,-0.80,2,279.00,1.10,349,71.00,13.20,251.00
"2025-04-03 13:30:00",0.80,90.00,9.00,0.01,2,277.00,0.22,565,139.00,13.00,249.00,-0.50,2,277.00,1.00,424,112.00,11.80,248.00,-0.60,2,277.00,1.10,425,95.00,13.60,262.00
"2025-04-03 13:45:00",0.50,96.00,9.00,0.00,2,276.00,0.24,540,129.00,12.70,259.00,-0.30,2,276.00,0.90,438,106.00,11.90,259.00,-0.50,2,276.00,1.10,409,84.00,13.60,265.00
"2025-04-03 14:00:00",0.70,93.00,9.00,0.09,2,277.00,0.30,530,102.00,14.00,270.00,-0.40,2,277.00,1.30,424,95.00,12.50,269.00,-0.60,2,277.00,1.00,398,69.00,14.90,272.00
"2025-04-03 14:15:00",0.80,69.00,9.00,0.04,2,278.00,0.31,513,99.00,13.40,252.00,-0.70,2,278.00,1.30,403,94.00,11.60,243.00,-0.40,2,278.00,1.10,350,66.00,13.50,252.00
"2025-04-03 14:30:00",0.30,80.00,9.00,-0.04,9,277.00,0.21,483,94.00,13.80,276.00,-0.20,9,277.00,0.90,372,93.00,11.70,257.00,-0.20,9,277.00,0.80,337,66.00,14.20,269.00
"2025-04-03 14:45:00",0.30,118.00,9.00,0.02,9,277.00,0.18,489,89.00,14.40,276.00,-0.10,9,277.00,0.80,395,92.00,12.40,266.00,-0.30,9,277.00,0.80,357,63.00,15.10,271.00
"2025-04-03 15:00:00",0.80,17.00,9.00,0.21,2,276.00,0.44,665,150.00,13.30,262.00,-0.70,2,276.00,2.10,569,138.00,12.30,261.00,0.30,2,276.00,1.70,506,121.00,13.20,255.00
"2025-04-03 15:15:00",1.40,33.00,9.00,-0.07,2,279.00,0.31,603,107.00,14.20,256.00,-1.40,2,279.00,2.10,499,111.00,12.20,252.00,0.10,2,279.00,1.30,426,75.00,14.50,253.00
"2025-04-03 15:30:00",1.10,8.00,9.00,-0.02,2,276.00,0.38,612,107.00,14.90,275.00,-1.00,2,276.00,1.50,539,104.00,13.90,272.00,0.50,2,276.00,1.50,470,78.00,15.50,271.00
"2025-04-03 15:45:00",1.40,7.00,9.00,-0.05,2,277.00,0.28,643,101.00,15.60,273.00,-1.20,2,277.00,1.70,571,102.00,14.40,273.00,0.70,2,277.00,1.20,510,76.00,16.30,273.00
"2025-04-03 16:00:00",0.60,344.00,9.00,0.02,9,276.00,0.20,563,91.00,15.40,272.00,-0.40,9,276.00,0.90,418,81.00,13.70,266.00,0.50,9,276.00,1.10,412,69.00,15.40,270.00
"2025-04-03 16:15:00",1.50,286.00,9.00,0.09,2,279.00,0.35,684,160.00,12.90,233.00,0.60,2,279.00,2.20,552,134.00,12.20,242.00,1.40,2,279.00,2.50,505,139.00,11.80,237.00
"2025-04-03 16:30:00",1.70,270.00,9.00,0.12,2,276.00,0.37,728,130.00,14.90,271.00,1.00,2,276.00,2.20,547,114.00,13.50,272.00,1.30,2,276.00,2.30,555,118.00,13.40,275.00
"2025-04-03 16:45:00",0.60,257.00,9.00,0.10,9,277.00,0.24,645,110.00,15.10,272.00,0.50,9,277.00,1.70,503,103.00,13.50,270.00,0.40,9,277.00,1.30,506,92.00,14.80,271.00
"2025-04-03 17:00:00",0.40,286.00,9.00,0.07,9,276.00,0.27,669,113.00,15.10,272.00,0.20,9,276.00,1.30,454,98.00,12.90,266.00,0.40,9,276.00,1.10,492,94.00,14.50,268.00
"2025-04-03 17:15:00",0.30,227.00,9.00,0.06,9,279.00,0.20,618,102.00,14.70,258.00,0.30,9,279.00,1.00,399,97.00,11.90,246.00,0.00,9,279.00,0.70,482,78.00,14.90,254.00
"2025-04-03 17:30:00",0.10,149.00,9.00,0.10,9,276.00,0.18,628,121.00,14.50,265.00,0.10,9,276.00,0.80,407,103.00,11.90,256.00,-0.10,9,276.00,0.60,545,97.00,15.40,259.00
"2025-04-03 17:45:00",0.20,183.00,9.00,0.09,9,276.00,0.19,702,135.00,14.50,268.00,0.10,9,276.00,0.90,416,112.00,11.50,249.00,-0.10,9,276.00,0.60,538,102.00,14.70,265.00
"2025-04-03 18:00:00",0.10,163.00,9.00,0.06,9,276.00,0.17,667,107.00,15.40,273.00,0.10,9,276.00,0.70,436,95.00,13.10,269.00,-0.10,9,276.00,0.60,552,80.00,16.50,267.00
"2025-04-03 18:15:00",0.10,264.00,9.00,0.05,9,277.00,0.19,655,116.00,14.10,256.00,0.10,9,277.00,0.80,425,93.00,12.50,251.00,0.10,9,277.00,0.70,485,83.00,14.70,253.00
"2025-04-03 18:30:00",0.20,255.00,9.00,0.06,9,276.00,0.19,746,126.00,15.10,273.00,0.20,9,276.00,0.80,485,103.00,13.20,262.00,0.20,9,276.00,0.70,538,91.00,15.10,273.00
"2025-04-03 18:45:00",0.30,249.00,9.00,0.10,9,276.00,0.22,731,123.00,15.00,273.00,0.30,9,276.00,0.90,483,101.00,13.30,270.00,0.20,9,276.00,0.80,596,93.00,15.80,273.00
"2025-04-03 19:00:00",0.70,262.00,9.00,0.04,9,276.00,0.21,806,150.00,14.80,265.00,0.50,9,276.00,0.80,572,119.00,13.90,269.00,0.50,9,276.00,0.80,628,110.00,15.50,266.00
"2025-04-03 19:15:00",1.40,256.00,9.00,0.03,9,277.00,0.22,789,130.00,14.90,257.00,1.10,9,277.00,1.40,568,115.00,13.20,254.00,0.90,9,277.00,1.00,620,100.00,15.10,253.00
"2025-04-03 19:30:00",0.80,266.00,9.00,0.02,9,274.00,0.23,764,127.00,15.00,269.00,0.50,9,274.00,1.00,532,102.00,14.00,267.00,0.60,9,274.00,0.80,611,92.00,16.10,269.00
"2025-04-03 19:45:00",0.40,277.00,9.00,0.00,9,274.00,0.22,763,130.00,15.00,269.00,0.20,9,274.00,1.20,565,110.00,13.80,266.00,0.40,9,274.00,0.80,587,94.00,15.60,273.00
"2025-04-03 20:00:00",1.10,269.00,9.00,-0.12,9,274.00,0.39,808,148.00,14.70,268.00,0.70,9,274.00,1.40,657,113.00,14.90,274.00,0.80,9,274.00,0.80,665,94.00,16.70,270.00
"2025-04-03 20:15:00",1.10,262.00,9.00,-0.10,9,276.00,0.30,727,148.00,13.40,246.00,0.80,9,276.00,1.60,583,123.00,13.00,249.00,0.80,9,276.00,0.90,583,111.00,14.20,247.00
"2025-04-03 20:30:00",1.10,259.00,9.00,-0.03,9,274.00,0.24,726,130.00,14.60,268.00,0.80,9,274.00,1.00,573,109.00,14.10,272.00,0.70,9,274.00,0.80,602,97.00,15.70,270.00
"2025-04-03 20:45:00",1.60,255.00,9.00,-0.04,9,274.00,0.27,757,130.00,15.00,271.00,1.30,9,274.00,1.40,570,112.00,13.90,271.00,1.00,9,274.00,1.00,595,98.00,15.40,268.00
"2025-04-03 21:00:00",2.30,259.00,9.00,-0.14,9,274.00,0.35,823,147.00,14.80,272.00,1.70,9,274.00,1.50,761,130.00,14.90,270.00,1.50,9,274.00,1.10,641,106.00,15.40,269.00
"2025-04-03 21:15:00",1.50,258.00,9.00,-0.01,9,276.00,0.26,692,120.00,14.30,253.00,1.10,9,276.00,1.60,489,107.00,12.50,250.00,0.90,9,276.00,1.00,516,93.00,14.20,251.00
"2025-04-03 21:30:00",1.60,259.00,9.00,-0.02,9,274.00,0.27,766,133.00,14.80,269.00,1.20,9,274.00,1.40,544,120.00,12.70,265.00,1.10,9,274.00,1.20,558,97.00,15.00,269.00
"2025-04-03 21:45:00",1.40,263.00,9.00,-0.07,9,274.00,0.33,754,158.00,13.70,261.00,1.00,9,274.00,1.40,623,147.00,12.40,258.00,1.00,9,274.00,1.10,594,116.00,14.40,265.00
"2025-04-03 22:00:00",1.80,258.00,9.00,-0.10,9,274.00,0.36,801,151.00,14.00,269.00,1.40,9,274.00,1.50,698,147.00,13.10,264.00,1.10,9,274.00,1.10,628,111.00,14.90,269.00
"2025-04-03 22:15:00",1.40,260.00,9.00,-0.04,9,276.00,0.25,754,136.00,14.10,254.00,1.00,9,276.00,1.30,559,131.00,11.80,251.00,0.90,9,276.00,1.10,551,98.00,14.20,252.00
"2025-04-03 22:30:00",1.20,264.00,9.00,-0.01,9,273.00,0.22,819,131.00,15.40,270.00,0.90,9,273.00,1.20,585,122.00,13.20,269.00,0.90,9,273.00,1.00,543,91.00,15.40,273.00
"2025-04-03 22:45:00",1.80,265.00,9.00,-0.13,9,274.00,0.33,876,155.00,14.80,269.00,1.30,9,274.00,1.60,741,138.00,14.20,270.00,1.30,9,274.00,1.50,689,111.00,15.60,274.00
"2025-04-03 23:00:00",1.90,267.00,9.00,-0.06,9,274.00,0.41,964,178.00,14.60,263.00,1.30,9,274.00,2.10,834,159.00,14.20,270.00,1.40,9,274.00,2.10,740,138.00,14.90,267.00
"2025-04-03 23:15:00",1.70,280.00,9.00,-0.07,9,276.00,0.32,883,151.00,14.40,251.00,0.80,9,276.00,1.50,714,137.00,13.30,250.00,1.50,9,276.00,1.60,660,116.00,14.30,251.00
"2025-04-03 23:30:00",0.90,265.00,9.00,0.07,9,274.00,0.21,992,145.00,16.20,270.00,0.60,9,274.00,1.20,625,134.00,12.80,265.00,0.70,9,274.00,1.20,668,112.00,15.40,269.00
"2025-04-03 23:45:00",0.50,135.00,9.00,0.11,9,274.00,0.25,1001,158.00,15.60,268.00,0.10,9,274.00,1.20,712,145.00,13.30,271.00,-0.50,9,274.00,1.00,768,111.00,16.30,273.00
"2025-04-04 00:00:00",0.30,88.00,9.00,0.11,9,274.00,0.14,934,138.00,16.30,271.00,-0.20,9,274.00,0.80,515,124.00,12.00,260.00,-0.20,9,274.00,0.50,581,93.00,15.60,270.00
"2025-04-04 00:15:00",0.40,81.00,9.00,0.12,9,276.00,0.14,938,150.00,15.40,254.00,-0.30,9,276.00,0.70,526,119.00,12.40,251.00,-0.30,9,276.00,0.60,597,104.00,14.90,251.00
"2025-04-04 00:30:00",0.40,144.00,9.00,0.09,9,274.00,0.17,908,143.00,15.50,273.00,0.10,9,274.00,0.90,483,113.00,12.20,267.00,-0.30,9,274.00,0.50,589,94.00,15.60,272.00
"2025-04-04 00:45:00",0.20,28.00,9.00,0.06,9,275.00,0.16,970,131.00,16.90,275.00,-0.20,9,275.00,0.80,424,101.00,12.10,264.00,0.00,9,275.00,0.60,467,81.00,14.90,271.00
"2025-04-04 01:00:00",0.20,2.00,9.00,0.04,9,273.00,0.17,870,134.00,15.90,273.00,-0.20,9,273.00,0.60,498,105.00,12.80,255.00,0.10,9,273.00,0.60,443,83.00,14.20,268.00
"2025-04-04 01:15:00",0.40,74.00,9.00,0.16,9,276.00,0.17,957,135.00,16.00,255.00,-0.30,9,276.00,0.60,457,102.00,12.20,243.00,-0.20,9,276.00,0.70,455,87.00,13.60,253.00
"2025-04-04 01:30:00",0.20,55.00,9.00,0.06,9,274.00,0.17,863,138.00,15.50,274.00,-0.20,9,274.00,0.70,502,108.00,12.70,261.00,-0.10,9,274.00,0.80,527,90.00,14.90,271.00
"2025-04-04 01:45:00",0.40,93.00,9.00,0.06,9,273.00,0.17,1035,187.00,15.60,258.00,-0.30,9,273.00,1.20,622,144.00,12.90,247.00,-0.40,9,273.00,1.10,639,140.00,13.90,259.00
"2025-04-04 02:00:00",0.90,118.00,9.00,0.02,9,274.00,0.18,1053,146.00,16.70,272.00,-0.20,9,274.00,0.70,777,118.00,15.70,274.00,-0.90,9,274.00,1.10,728,106.00,16.00,274.00
"2025-04-04 02:15:00",0.70,113.00,9.00,0.04,9,275.00,0.17,900,137.00,15.40,252.00,-0.20,9,275.00,0.80,484,102.00,12.70,252.00,-0.70,9,275.00,1.40,530,100.00,13.70,253.00
"2025-04-04 02:30:00",0.30,75.00,9.00,0.05,9,274.00,0.18,884,134.00,15.80,270.00,-0.20,9,274.00,0.60,463,101.00,12.70,264.00,-0.20,9,274.00,0.60,527,87.00,15.20,269.00
"2025-04-04 02:45:00",0.70,106.00,9.00,0.09,9,273.00,0.15,951,135.00,16.50,273.00,-0.30,9,273.00,0.60,520,103.00,13.60,264.00,-0.60,9,273.00,0.90,518,90.00,14.90,270.00
"2025-04-04 03:00:00",0.70,94.00,9.00,0.09,9,274.00,0.15,1033,196.00,15.00,261.00,-0.40,9,274.00,0.80,574,151.00,11.50,252.00,-0.60,9,274.00,0.90,561,138.00,12.80,248.00
"2025-04-04 03:15:00",0.40,121.00,9.00,0.06,9,275.00,0.15,913,134.00,15.80,256.00,-0.10,9,275.00,0.60,462,99.00,12.60,244.00,-0.40,9,275.00,0.70,465,82.00,14.30,255.00
"2025-04-04 03:30:00",0.20,83.00,9.00,0.03,9,274.00,0.16,964,137.00,16.60,274.00,-0.20,9,274.00,0.60,560,108.00,13.80,268.00,-0.10,9,274.00,0.60,553,89.00,15.40,271.00
"2025-04-04 03:45:00",0.40,64.00,9.00,0.06,9,273.00,0.18,830,145.00,14.90,272.00,-0.30,9,273.00,0.60,526,108.00,13.40,266.00,-0.20,9,273.00,0.50,468,84.00,14.60,272.00
"2025-04-04 04:00:00",0.50,73.00,9.00,0.08,9,274.00,0.14,1005,145.00,16.60,274.00,-0.40,9,274.00,0.70,476,117.00,11.90,270.00,-0.30,9,274.00,0.70,431,86.00,13.60,271.00
"2025-04-04 04:15:00",0.60,54.00,9.00,0.06,9,275.00,0.19,789,177.00,12.80,235.00,-0.50,9,275.00,0.70,523,118.00,12.50,237.00,-0.20,9,275.00,0.60,474,111.00,13.20,225.00
"2025-04-04 04:30:00",0.20,295.00,9.00,-0.01,9,274.00,0.14,1050,148.00,16.70,274.00,0.00,9,274.00,0.60,474,121.00,11.40,260.00,0.20,9,274.00,0.40,597,87.00,16.60,274.00
"2025-04-04 04:45:00",0.20,83.00,9.00,0.07,9,273.00,0.14,856,140.00,15.40,271.00,-0.10,9,273.00,0.60,515,116.00,12.40,258.00,-0.10,9,273.00,0.60,473,85.00,14.40,272.00
"2025-04-04 05:00:00",0.10,269.00,9.00,0.00,9,273.00,0.14,1011,146.00,16.60,272.00,0.10,9,273.00,0.70,509,108.00,13.00,266.00,0.10,9,273.00,0.70,461,89.00,14.00,272.00
"2025-04-04 05:15:00",0.40,127.00,9.00,0.00,9,276.00,0.15,786,125.00,15.10,256.00,0.00,9,276.00,0.60,487,102.00,12.80,251.00,-0.40,9,276.00,0.80,456,87.00,13.70,251.00
"2025-04-04 05:30:00",1.10,118.00,9.00,0.08,9,273.00,0.18,916,144.00,15.70,271.00,-0.20,9,273.00,0.90,493,109.00,12.30,261.00,-1.10,9,273.00,1.80,567,115.00,13.40,266.00
"2025-04-04 05:45:00",3.40,133.00,9.00,0.10,9,274.00,0.27,1075,199.00,14.80,256.00,0.30,9,274.00,1.30,879,171.00,13.80,256.00,-3.30,2,274.00,2.50,817,201.00,12.10,245.00
"2025-04-04 06:00:00",2.80,127.00,9.00,0.16,9,273.00,0.24,1075,174.00,15.40,268.00,-0.10,9,273.00,1.20,637,131.00,12.90,265.00,-2.80,2,273.00,2.90,760,156.00,12.90,265.00
"2025-04-04 06:15:00",3.40,126.00,9.00,0.15,9,275.00,0.28,997,167.00,14.70,253.00,-0.10,9,275.00,1.20,735,140.00,13.00,248.00,-3.40,2,275.00,3.00,697,158.00,11.90,252.00
"2025-04-04 06:30:00",3.90,127.00,9.00,0.20,9,274.00,0.26,1002,160.00,15.60,271.00,0.00,9,274.00,1.20,885,150.00,14.80,273.00,-3.90,2,274.00,2.20,817,174.00,13.20,272.00
"2025-04-04 06:45:00",4.40,127.00,9.00,0.15,9,273.00,0.29,1004,166.00,15.30,271.00,-0.10,9,273.00,1.40,811,149.00,13.90,265.00,-4.40,2,273.00,3.20,784,177.00,12.50,270.00
"2025-04-04 07:00:00",3.30,126.00,9.00,0.14,9,274.00,0.25,891,180.00,13.80,266.00,-0.10,9,274.00,1.10,765,158.00,13.30,255.00,-3.30,2,274.00,2.50,740,171.00,12.80,258.00
"2025-04-04 07:15:00",2.80,123.00,9.00,0.12,9,275.00,0.26,810,143.00,14.20,255.00,-0.20,9,275.00,0.90,691,119.00,14.10,254.00,-2.80,2,275.00,1.90,701,135.00,13.50,256.00
"2025-04-04 07:30:00",3.40,129.00,9.00,0.06,9,273.00,0.31,1013,159.00,15.50,272.00,0.10,9,273.00,1.20,874,138.00,15.20,269.00,-3.40,2,273.00,2.10,903,167.00,14.20,271.00
"2025-04-04 07:45:00",2.70,133.00,9.00,-0.02,9,274.00,0.30,1209,175.00,16.00,274.00,0.20,9,274.00,1.10,1071,153.00,15.60,271.00,-2.70,2,274.00,1.90,1154,181.00,15.30,272.00
"2025-04-04 08:00:00",1.60,130.00,9.00,0.02,9,273.00,0.25,762,156.00,13.40,260.00,0.10,9,273.00,1.00,568,136.00,11.80,252.00,-1.60,9,273.00,1.60,640,134.00,13.30,266.00
"2025-04-04 08:15:00",1.60,147.00,9.00,-0.06,9,277.00,0.37,750,168.00,12.50,246.00,0.50,9,277.00,1.50,706,153.00,12.60,242.00,-1.50,9,277.00,2.20,655,145.00,12.90,247.00
"2025-04-04 08:30:00",1.20,139.00,9.00,0.01,9,274.00,0.35,662,146.00,12.90,270.00,0.20,9,274.00,1.60,570,140.00,11.80,259.00,-1.20,9,274.00,2.20,555,119.00,13.20,270.00
"2025-04-04 08:45:00",2.30,119.00,9.00,0.14,9,274.00,0.45,796,166.00,13.30,267.00,-0.40,9,274.00,1.70,739,155.00,12.90,261.00,-2.30,2,274.00,2.50,670,132.00,14.00,270.00
"2025-04-04 09:00:00",1.90,146.00,9.00,0.02,9,274.00,0.36,806,160.00,13.70,268.00,0.60,9,274.00,2.10,691,147.00,13.00,268.00,-1.80,9,274.00,2.80,690,141.00,13.80,271.00
"2025-04-04 09:15:00",1.40,112.00,9.00,0.05,9,276.00,0.23,624,137.00,12.60,249.00,-0.40,9,276.00,1.40,467,111.00,11.80,250.00,-1.30,9,276.00,2.00,512,125.00,12.10,242.00
"2025-04-04 09:30:00",0.80,137.00,9.00,0.00,9,274.00,0.24,693,135.00,13.80,270.00,0.10,9,274.00,1.00,468,108.00,12.40,256.00,-0.80,9,274.00,1.40,507,111.00,13.20,266.00
"2025-04-04 09:45:00",1.10,146.00,9.00,0.17,9,274.00,0.44,706,169.00,12.50,253.00,0.30,9,274.00,2.00,537,130.00,12.30,258.00,-1.00,9,274.00,1.60,589,132.00,13.30,258.00
"2025-04-04 10:00:00",0.90,151.00,9.00,0.32,2,276.00,0.50,827,165.00,13.80,265.00,0.30,2,276.00,2.20,588,125.00,13.20,272.00,-0.80,2,276.00,2.30,614,122.00,14.00,272.00
"2025-04-04 10:15:00",1.00,133.00,9.00,0.01,2,278.00,0.31,636,131.00,13.10,252.00,0.10,2,278.00,1.50,494,107.00,12.60,246.00,-1.00,2,278.00,1.80,484,100.00,12.90,251.00
"2025-04-04 10:30:00",0.70,127.00,9.00,0.17,2,276.00,0.42,668,152.00,12.70,265.00,0.00,2,276.00,1.60,525,110.00,13.10,264.00,-0.70,2,276.00,1.70,518,101.00,13.80,271.00
"2025-04-04 10:45:00",1.30,127.00,9.00,0.39,2,276.00,0.63,751,158.00,13.40,273.00,0.00,2,276.00,2.00,585,124.00,13.10,270.00,-1.30,2,276.00,2.00,553,108.00,14.10,271.00
"2025-04-04 11:00:00",1.90,94.00,9.00,0.42,2,277.00,0.69,721,159.00,12.90,273.00,-1.10,2,277.00,1.70,506,114.00,12.40,264.00,-1.60,2,277.00,2.00,609,116.00,14.00,270.00
"2025-04-04 11:15:00",1.40,153.00,9.00,0.29,2,279.00,0.55,732,161.00,12.50,252.00,0.60,2,279.00,2.30,555,127.00,12.00,257.00,-1.30,2,279.00,2.00,524,110.00,12.90,253.00
"2025-04-04 11:30:00",1.60,102.00,9.00,0.28,2,276.00,0.58,729,162.00,13.00,269.00,-0.70,2,276.00,1.50,568,122.00,12.90,264.00,-1.40,2,276.00,1.90,496,103.00,13.30,269.00
