"2025-04-01 00:00:00",0.40,58.00,9.00,0.12,9,274.00,0.14,3728,430.00,18.60,273.00,-0.30,9,274.00,0.70,3573,435.00,18.10,273.00,-0.10,9,274.00,0.50,4419,376.00,21.50,274.00
"2025-04-01 00:15:00",0.60,103.00,9.00,0.13,9,277.00,0.15,3770,388.00,18.70,256.00,-0.20,9,277.00,0.60,3606,387.00,18.30,256.00,-0.50,9,277.00,0.60,3478,359.00,18.70,257.00
"2025-04-01 00:30:00",0.50,78.00,9.00,0.14,9,274.00,0.13,3674,378.00,19.60,274.00,-0.40,9,274.00,0.40,3713,374.00,19.80,270.00,-0.30,9,274.00,0.60,3489,334.00,20.40,272.00
"2025-04-01 00:45:00",0.70,90.00,9.00,0.16,9,274.00,0.10,4141,377.00,20.70,273.00,-0.40,9,274.00,0.40,3652,381.00,19.30,270.00,-0.50,9,274.00,0.70,3654,332.00,20.80,274.00
"2025-04-01 01:00:00",1.30,100.00,9.00,0.21,9,275.00,0.11,4209,400.00,20.40,272.00,-0.60,9,275.00,0.30,4185,346.00,21.50,275.00,-1.10,9,275.00,0.60,3882,351.00,20.80,275.00
"2025-04-01 01:15:00",1.10,85.00,9.00,0.18,9,276.00,0.12,3888,363.00,19.50,256.00,-0.70,9,276.00,0.40,2957,308.00,18.30,256.00,-0.80,9,276.00,0.60,3391,339.00,18.70,257.00
"2025-04-01 01:30:00",0.60,76.00,9.00,0.12,9,274.00,0.11,4168,394.00,20.30,272.00,-0.50,9,274.00,0.60,2402,342.00,16.60,273.00,-0.40,9,274.00,0.50,3863,347.00,20.70,273.00
"2025-04-01 01:45:00",0.60,77.00,9.00,0.12,9,275.00,0.11,3870,399.00,19.60,273.00,-0.40,9,275.00,0.60,2426,349.00,16.40,274.00,-0.40,9,275.00,0.50,3985,355.00,20.80,275.00
"2025-04-01 02:00:00",1.20,64.00,9.00,0.16,9,274.00,0.09,3935,421.00,19.30,274.00,-1.10,9,274.00,0.50,2697,374.00,16.70,274.00,-0.50,9,274.00,0.40,3980,339.00,21.30,274.00
"2025-04-01 02:15:00",1.00,50.00,9.00,0.16,9,277.00,0.08,3441,396.00,17.80,255.00,-0.90,9,277.00,1.00,1845,384.00,12.80,255.00,-0.20,9,277.00,0.40,3582,305.00,20.20,257.00
"2025-04-01 02:30:00",0.90,56.00,9.00,0.15,9,274.00,0.06,4075,434.00,19.40,273.00,-0.80,9,274.00,0.70,1974,391.00,13.90,272.00,-0.30,9,274.00,0.30,3749,357.00,20.40,274.00
"2025-04-01 02:45:00",0.70,53.00,9.00,0.14,9,274.00,0.07,4159,446.00,19.30,273.00,-0.70,9,274.00,0.80,2147,393.00,14.10,273.00,-0.20,9,274.00,0.50,3774,381.00,19.80,274.00
"2025-04-01 03:00:00",0.60,80.00,9.00,0.13,9,275.00,0.07,4515,394.00,21.20,273.00,-0.50,9,275.00,0.60,2827,365.00,17.20,272.00,-0.40,9,275.00,0.60,3702,378.00,19.70,275.00
"2025-04-01 03:15:00",0.80,95.00,9.00,0.14,9,276.00,0.11,4034,362.00,19.70,257.00,-0.40,9,276.00,0.40,3849,324.00,20.10,257.00,-0.70,9,276.00,0.70,3147,345.00,18.10,257.00
"2025-04-01 03:30:00",0.90,120.00,9.00,0.12,9,274.00,0.16,4208,409.00,20.10,273.00,-0.10,9,274.00,0.40,4046,369.00,20.70,272.00,-0.90,9,274.00,0.60,3590,341.00,20.20,274.00
"2025-04-01 03:45:00",0.10,73.00,9.00,-0.01,9,275.00,0.17,4134,448.00,19.10,275.00,-0.10,9,275.00,0.50,3804,335.00,20.40,270.00,-0.10,9,275.00,0.50,3978,380.00,20.30,275.00
"2025-04-01 04:00:00",0.20,205.00,9.00,-0.06,9,274.00,0.14,4060,440.00,19.10,274.00,0.20,9,274.00,0.60,2874,312.00,18.80,273.00,0.00,9,274.00,0.50,4275,318.00,22.30,272.00
"2025-04-01 04:15:00",0.90,217.00,9.00,-0.09,9,277.00,0.12,4240,411.00,19.10,252.00,0.90,9,277.00,0.50,3340,323.00,19.00,257.00,0.00,9,277.00,0.20,5357,290.00,24.00,257.00
"2025-04-01 04:30:00",1.20,242.00,9.00,-0.11,9,273.00,0.09,4100,381.00,20.40,273.00,1.10,9,273.00,0.60,3524,331.00,20.30,273.00,0.50,9,273.00,0.20,5726,298.00,25.70,269.00
"2025-04-01 04:45:00",0.20,77.00,9.00,0.06,9,273.00,0.14,3424,362.00,19.30,273.00,-0.10,9,273.00,0.40,4115,337.00,21.60,270.00,-0.10,9,273.00,0.50,4656,418.00,21.00,273.00
"2025-04-01 05:00:00",0.60,334.00,9.00,0.07,9,274.00,0.09,5237,331.00,24.00,274.00,-0.30,9,274.00,0.50,3592,330.00,20.60,274.00,0.50,9,274.00,0.30,5433,363.00,23.60,272.00
"2025-04-01 05:15:00",0.40,12.00,9.00,0.10,9,275.00,0.08,4416,364.00,20.50,252.00,-0.40,9,275.00,0.40,3894,254.00,22.40,255.00,0.20,9,275.00,0.20,5202,252.00,24.80,255.00
"2025-04-01 05:30:00",0.70,73.00,9.00,0.14,9,274.00,0.14,3844,475.00,18.10,273.00,-0.60,9,274.00,0.40,3111,272.00,21.10,274.00,-0.40,9,274.00,0.30,5480,314.00,24.90,274.00
"2025-04-01 05:45:00",0.40,346.00,9.00,0.05,9,273.00,0.16,3424,490.00,16.80,273.00,-0.30,9,273.00,0.40,3208,270.00,21.30,273.00,0.30,9,273.00,0.30,4722,318.00,23.40,271.00
"2025-04-01 06:00:00",0.70,274.00,9.00,-0.07,9,274.00,0.21,3572,426.00,18.30,274.00,0.40,9,274.00,0.50,3125,285.00,20.60,272.00,0.50,9,274.00,0.60,4491,377.00,21.50,274.00
"2025-04-01 06:15:00",0.30,274.00,9.00,-0.01,9,275.00,0.18,3821,398.00,18.60,256.00,0.20,9,275.00,0.40,3408,278.00,20.30,256.00,0.30,9,275.00,0.50,4543,343.00,21.20,256.00
"2025-04-01 06:30:00",1.00,279.00,9.00,-0.07,9,273.00,0.16,3521,416.00,18.40,273.00,0.50,9,273.00,0.50,3139,277.00,21.10,271.00,0.90,9,273.00,0.30,5627,361.00,24.20,273.00
"2025-04-01 06:45:00",0.70,352.00,9.00,0.08,9,274.00,0.09,4486,401.00,21.00,273.00,-0.50,9,274.00,0.40,2984,321.00,19.10,273.00,0.50,9,274.00,0.30,5513,357.00,23.90,274.00
"2025-04-01 07:00:00",0.20,8.00,9.00,0.00,9,273.00,0.15,3827,423.00,19.00,270.00,-0.20,9,273.00,0.60,3508,347.00,19.80,271.00,0.10,9,273.00,0.50,4626,373.00,21.80,271.00
"2025-04-01 07:15:00",0.20,151.00,9.00,0.03,9,276.00,0.17,3548,395.00,17.90,256.00,0.10,9,276.00,0.80,2839,345.00,17.10,256.00,-0.20,9,276.00,0.60,3670,338.00,19.50,256.00
"2025-04-01 07:30:00",0.30,270.00,9.00,-0.03,9,274.00,0.21,3732,440.00,18.30,273.00,0.20,9,274.00,0.60,3135,355.00,18.50,272.00,0.20,9,274.00,0.70,4116,413.00,19.80,274.00
"2025-04-01 07:45:00",0.20,343.00,9.00,0.07,9,274.00,0.23,3948,446.00,18.90,272.00,-0.10,9,274.00,0.90,3440,392.00,18.70,273.00,0.20,9,274.00,0.80,4437,444.00,19.90,274.00
"2025-04-01 08:00:00",0.10,308.00,9.00,0.04,9,274.00,0.23,3845,444.00,18.70,272.00,0.00,9,274.00,1.00,3776,423.00,18.90,270.00,0.10,9,274.00,0.70,4288,407.00,20.30,271.00
"2025-04-01 08:15:00",0.30,303.00,9.00,0.00,9,277.00,0.23,3442,444.00,16.80,257.00,0.00,9,277.00,1.10,3384,413.00,17.10,257.00,0.30,9,277.00,0.90,4047,442.00,18.20,256.00
"2025-04-01 08:30:00",0.10,288.00,9.00,-0.07,9,274.00,0.21,3771,430.00,18.80,270.00,0.00,9,274.00,0.80,3062,345.00,18.70,271.00,0.10,9,274.00,0.80,4042,420.00,19.80,269.00
"2025-04-01 08:45:00",0.30,33.00,9.00,0.09,9,274.00,0.35,3965,520.00,17.60,273.00,-0.30,9,274.00,1.40,3758,468.00,18.00,274.00,0.00,9,274.00,1.00,4334,518.00,18.60,273.00
"2025-04-01 09:00:00",0.30,16.00,9.00,0.01,9,274.00,0.22,3468,433.00,17.90,272.00,-0.20,9,274.00,0.80,3033,343.00,18.60,273.00,0.10,9,274.00,0.70,4316,422.00,20.20,270.00
"2025-04-01 09:15:00",0.30,31.00,9.00,-0.02,9,277.00,0.18,3343,388.00,17.50,255.00,-0.30,9,277.00,0.70,2730,311.00,17.70,255.00,0.00,9,277.00,0.60,3949,366.00,19.40,255.00
"2025-04-01 09:30:00",0.40,16.00,9.00,0.08,9,273.00,0.28,4113,524.00,17.80,271.00,-0.40,9,273.00,1.10,3674,455.00,18.00,272.00,0.20,9,273.00,1.00,4371,496.00,19.10,267.00
"2025-04-01 09:45:00",0.50,26.00,9.00,0.02,9,274.00,0.24,3801,465.00,18.10,269.00,-0.50,9,274.00,1.10,3267,401.00,18.00,274.00,0.10,9,274.00,1.00,4013,450.00,19.00,270.00
"2025-04-01 10:00:00",0.60,34.00,9.00,0.01,9,274.00,0.24,3858,467.00,18.30,269.00,-0.60,9,274.00,1.20,3076,424.00,17.10,271.00,0.00,9,274.00,0.70,4006,440.00,19.30,269.00
"2025-04-01 10:15:00",0.10,350.00,9.00,0.07,9,276.00,0.25,3552,474.00,16.70,253.00,-0.10,9,276.00,1.30,2946,420.00,16.10,254.00,0.10,9,276.00,1.20,3474,475.00,16.50,253.00
"2025-04-01 10:30:00",0.50,259.00,9.00,-0.04,2,275.00,0.23,3558,491.00,17.20,270.00,0.40,2,275.00,1.40,3044,453.00,16.60,270.00,0.40,2,275.00,0.90,3731,483.00,17.80,270.00
"2025-04-01 10:45:00",0.30,226.00,9.00,0.03,9,276.00,0.22,3568,485.00,17.30,273.00,0.30,9,276.00,1.20,3112,419.00,17.40,272.00,0.00,9,276.00,0.90,3689,460.00,18.20,271.00
"2025-04-01 11:00:00",0.20,253.00,9.00,0.01,9,275.00,0.23,3542,489.00,17.20,272.00,0.20,9,275.00,1.20,3027,431.00,17.00,270.00,0.10,9,275.00,0.90,3727,466.00,18.10,273.00
"2025-04-01 11:15:00",0.50,270.00,9.00,0.00,9,278.00,0.29,3392,467.00,16.30,254.00,0.30,9,278.00,1.50,3103,440.00,16.30,254.00,0.40,9,278.00,0.90,3547,462.00,16.80,254.00
"2025-04-01 11:30:00",0.50,312.00,9.00,-0.09,9,276.00,0.40,3804,532.00,17.30,271.00,0.00,9,276.00,1.50,3412,477.00,17.30,274.00,0.50,9,276.00,0.90,3777,479.00,18.10,271.00
"2025-04-01 11:45:00",0.40,328.00,9.00,0.03,9,276.00,0.33,3762,533.00,17.20,271.00,-0.10,9,276.00,1.30,3456,468.00,17.50,274.00,0.40,9,276.00,1.40,3697,521.00,17.30,271.00
"2025-04-01 12:00:00",0.50,251.00,9.00,0.04,9,276.00,0.26,3507,488.00,17.20,272.00,0.40,9,276.00,1.70,3246,471.00,17.00,271.00,0.30,9,276.00,1.20,3576,497.00,17.50,271.00
"2025-04-01 12:15:00",0.20,229.00,9.00,0.04,9,278.00,0.30,3128,472.00,15.70,254.00,0.20,9,278.00,1.40,2933,436.00,16.00,254.00,0.00,9,278.00,0.80,3239,448.00,16.40,255.00
"2025-04-01 12:30:00",0.10,258.00,9.00,0.02,9,275.00,0.23,3353,450.00,17.40,270.00,0.10,9,275.00,1.00,2900,418.00,17.00,269.00,0.10,9,275.00,0.80,3428,446.00,17.70,270.00
"2025-04-01 12:45:00",0.10,258.00,9.00,0.03,9,276.00,0.22,3335,454.00,17.30,270.00,0.00,9,276.00,1.00,2840,397.00,17.20,271.00,0.00,9,276.00,0.80,3467,477.00,17.30,271.00
"2025-04-01 13:00:00",0.30,233.00,9.00,0.01,9,276.00,0.20,3305,420.00,17.80,272.00,0.30,9,276.00,0.90,2828,363.00,17.80,271.00,0.10,9,276.00,0.60,3648,438.00,18.40,273.00
"2025-04-01 13:15:00",0.10,214.00,9.00,0.04,9,278.00,0.19,3067,400.00,16.60,253.00,0.10,9,278.00,1.00,2523,356.00,16.10,252.00,0.00,9,278.00,0.70,3355,427.00,17.10,256.00
"2025-04-01 13:30:00",0.40,256.00,9.00,0.04,9,276.00,0.25,3478,486.00,17.10,271.00,0.30,9,276.00,1.30,2885,425.00,16.80,271.00,0.20,9,276.00,1.00,3598,484.00,17.60,271.00
"2025-04-01 13:45:00",0.10,237.00,9.00,0.02,9,275.00,0.19,3240,400.00,18.10,273.00,0.10,9,275.00,0.80,2630,347.00,17.50,270.00,0.00,9,275.00,0.60,3392,411.00,18.20,271.00
"2025-04-01 14:00:00",0.20,192.00,9.00,0.04,9,276.00,0.21,3442,415.00,18.20,271.00,0.20,9,276.00,1.00,2957,379.00,17.80,271.00,-0.10,9,276.00,0.70,3515,411.00,18.60,274.00
"2025-04-01 14:15:00",0.20,254.00,9.00,0.02,9,278.00,0.26,3021,399.00,16.60,253.00,0.10,9,278.00,1.10,2678,373.00,16.30,253.00,0.10,9,278.00,0.70,3325,390.00,17.70,253.00
"2025-04-01 14:30:00",0.10,288.00,9.00,0.06,9,276.00,0.23,3478,479.00,17.30,271.00,0.00,9,276.00,1.30,3109,447.00,17.00,270.00,0.10,9,276.00,1.00,3370,472.00,17.20,271.00
"2025-04-01 14:45:00",0.50,259.00,9.00,-0.03,9,276.00,0.24,3369,492.00,16.80,271.00,0.40,9,276.00,1.90,2855,451.00,16.30,271.00,0.30,9,276.00,0.90,3194,465.00,16.90,271.00
"2025-04-01 15:00:00",0.60,277.00,9.00,0.01,9,276.00,0.47,3490,590.00,15.80,269.00,0.30,9,276.00,2.10,3177,549.00,15.60,270.00,0.50,9,276.00,1.70,3479,568.00,16.20,270.00
"2025-04-01 15:15:00",0.30,265.00,9.00,0.03,9,279.00,0.34,3334,482.00,16.10,252.00,0.20,9,279.00,1.20,2789,430.00,15.60,254.00,0.20,9,279.00,1.30,3304,487.00,16.00,254.00
"2025-04-01 15:30:00",0.30,250.00,9.00,0.00,2,276.00,0.29,3425,494.00,16.90,271.00,0.30,2,276.00,1.50,2915,464.00,16.20,271.00,0.20,2,276.00,0.90,3298,500.00,16.70,271.00
"2025-04-01 15:45:00",0.30,230.00,9.00,-0.02,9,277.00,0.23,3249,419.00,17.70,272.00,0.30,9,277.00,1.00,2669,372.00,17.20,272.00,0.10,9,277.00,0.60,3487,429.00,18.20,272.00
"2025-04-01 16:00:00",0.20,200.00,9.00,-0.01,9,276.00,0.17,3178,400.00,17.90,273.00,0.20,9,276.00,0.70,2782,380.00,17.30,271.00,-0.10,9,276.00,0.60,3441,408.00,18.30,274.00
"2025-04-01 16:15:00",0.10,185.00,9.00,0.01,9,277.00,0.20,2776,372.00,16.50,255.00,0.10,9,277.00,0.80,2286,336.00,15.80,255.00,-0.10,9,277.00,0.60,2929,374.00,16.80,252.00
"2025-04-01 16:30:00",0.20,187.00,9.00,0.03,9,276.00,0.19,2891,391.00,17.10,273.00,0.20,9,276.00,0.90,2403,340.00,16.90,275.00,-0.10,9,276.00,0.60,3223,402.00,18.00,275.00
"2025-04-01 16:45:00",0.10,243.00,9.00,0.04,9,276.00,0.19,2950,357.00,18.10,275.00,0.10,9,276.00,0.80,2351,324.00,17.10,274.00,0.00,9,276.00,0.70,3212,376.00,18.40,276.00
"2025-04-01 17:00:00",0.10,187.00,9.00,0.04,9,276.00,0.17,2917,346.00,18.30,275.00,0.10,9,276.00,0.80,2361,312.00,17.40,275.00,0.00,9,276.00,0.70,3199,356.00,18.80,276.00
"2025-04-01 17:15:00",0.20,204.00,9.00,0.04,9,277.00,0.18,2815,349.00,17.10,255.00,0.20,9,277.00,0.70,2156,303.00,16.10,251.00,0.00,9,277.00,0.60,3107,350.00,17.80,257.00
"2025-04-01 17:30:00",0.20,165.00,9.00,0.05,9,276.00,0.17,3034,349.00,18.50,275.00,0.10,9,276.00,0.70,2308,302.00,17.40,274.00,-0.20,9,276.00,0.70,3516,359.00,19.50,276.00
"2025-04-01 17:45:00",0.20,156.00,9.00,0.09,9,276.00,0.16,3145,340.00,19.10,274.00,0.10,9,276.00,0.70,2447,301.00,18.00,272.00,-0.20,9,276.00,0.60,3461,355.00,19.60,275.00
"2025-04-01 18:00:00",0.20,134.00,9.00,0.08,9,276.00,0.17,3223,333.00,19.40,276.00,0.00,9,276.00,0.70,2367,281.00,18.20,274.00,-0.20,9,276.00,0.60,3425,342.00,19.70,276.00
"2025-04-01 18:15:00",0.20,139.00,9.00,0.11,9,277.00,0.16,3236,312.00,19.10,256.00,0.00,9,277.00,0.60,2256,269.00,17.40,258.00,-0.20,9,277.00,0.60,3181,307.00,19.00,258.00
"2025-04-01 18:30:00",0.10,165.00,9.00,0.10,9,274.00,0.17,2994,361.00,18.10,274.00,0.10,9,274.00,0.60,2253,293.00,17.50,270.00,-0.10,9,274.00,0.60,3487,345.00,19.90,273.00
"2025-04-01 18:45:00",0.10,121.00,9.00,0.09,9,274.00,0.17,2991,339.00,18.50,274.00,0.00,9,274.00,0.60,2288,281.00,17.90,274.00,-0.10,9,274.00,0.60,3493,335.00,20.10,273.00
"2025-04-01 19:00:00",0.20,193.00,9.00,0.10,9,274.00,0.18,3045,349.00,18.50,274.00,0.20,9,274.00,0.80,2217,292.00,17.30,272.00,-0.10,9,274.00,0.60,3487,347.00,19.80,274.00
"2025-04-01 19:15:00",0.20,201.00,9.00,0.07,9,276.00,0.18,2965,355.00,17.30,256.00,0.20,9,276.00,0.60,2126,289.00,16.20,253.00,0.00,9,276.00,0.60,3403,338.00,18.90,257.00
"2025-04-01 19:30:00",0.30,210.00,9.00,0.06,9,274.00,0.17,3074,373.00,18.00,272.00,0.30,9,274.00,0.70,2265,313.00,17.10,271.00,0.00,9,274.00,0.60,3472,364.00,19.30,270.00
"2025-04-01 19:45:00",0.20,221.00,9.00,0.04,9,274.00,0.16,3164,360.00,18.60,273.00,0.20,9,274.00,0.70,2350,290.00,17.90,273.00,0.00,9,274.00,0.60,3556,354.00,19.80,274.00
"2025-04-01 20:00:00",0.10,179.00,9.00,0.03,9,274.00,0.18,2829,356.00,17.70,271.00,0.10,9,274.00,0.60,2497,296.00,18.30,273.00,0.00,9,274.00,0.60,3520,351.00,19.80,272.00
"2025-04-01 20:15:00",0.30,111.00,9.00,0.04,9,276.00,0.18,2660,367.00,16.10,256.00,-0.10,9,276.00,0.70,2240,274.00,17.10,257.00,-0.30,9,276.00,0.50,3649,314.00,19.90,256.00
"2025-04-01 20:30:00",0.20,153.00,9.00,0.04,9,274.00,0.18,2912,374.00,17.50,274.00,0.10,9,274.00,0.60,2385,287.00,18.10,273.00,-0.20,9,274.00,0.60,3782,352.00,20.30,272.00
"2025-04-01 20:45:00",0.20,200.00,9.00,0.03,9,274.00,0.17,3227,419.00,17.70,272.00,0.20,9,274.00,0.80,2462,315.00,17.70,273.00,-0.10,9,274.00,0.70,3563,386.00,19.10,273.00
"2025-04-01 21:00:00",0.10,240.00,9.00,0.03,9,273.00,0.19,3037,392.00,17.60,271.00,0.10,9,273.00,0.70,2200,308.00,16.80,271.00,0.00,9,273.00,0.60,3639,376.00,19.50,270.00
"2025-04-01 21:15:00",0.30,266.00,9.00,0.01,9,277.00,0.18,2832,372.00,16.50,256.00,0.20,9,277.00,0.70,2299,324.00,15.90,255.00,0.20,9,277.00,0.70,3574,378.00,18.20,255.00
"2025-04-01 21:30:00",0.20,228.00,9.00,0.07,9,274.00,0.19,3320,429.00,17.50,269.00,0.20,9,274.00,1.00,2602,396.00,16.20,272.00,0.00,9,274.00,0.70,3817,475.00,18.00,273.00
"2025-04-01 21:45:00",0.60,238.00,9.00,0.03,9,274.00,0.21,3516,439.00,18.00,270.00,0.60,9,274.00,1.40,2637,397.00,16.50,269.00,0.20,9,274.00,0.70,3978,470.00,18.60,269.00
"2025-04-01 22:00:00",0.20,291.00,9.00,0.03,9,273.00,0.21,3255,439.00,17.30,270.00,0.00,9,273.00,1.00,2533,364.00,16.70,272.00,0.10,9,273.00,0.70,3843,436.00,18.80,271.00
"2025-04-01 22:15:00",0.30,238.00,9.00,0.02,9,277.00,0.18,3027,420.00,16.40,254.00,0.30,9,277.00,1.00,2390,359.00,15.80,255.00,0.10,9,277.00,0.70,3573,403.00,18.10,255.00
"2025-04-01 22:30:00",0.30,244.00,9.00,0.03,9,273.00,0.21,3194,390.00,18.00,272.00,0.30,9,273.00,0.90,2384,339.00,16.80,270.00,0.10,9,273.00,0.60,3888,378.00,20.10,268.00
"2025-04-01 22:45:00",0.20,240.00,9.00,0.07,9,275.00,0.19,3363,416.00,17.90,275.00,0.20,9,275.00,0.90,2588,363.00,17.00,270.00,0.10,9,275.00,0.80,3762,406.00,19.20,273.00
"2025-04-01 23:00:00",0.30,254.00,9.00,-0.01,9,274.00,0.19,3440,401.00,18.50,272.00,0.20,9,274.00,0.80,2612,339.00,17.60,269.00,0.20,9,274.00,0.70,3696,408.00,18.90,273.00
"2025-04-01 23:15:00",0.30,261.00,9.00,-0.02,9,276.00,0.19,3125,384.00,17.10,254.00,0.20,9,276.00,0.80,2331,323.00,16.10,255.00,0.20,9,276.00,0.60,3581,359.00,18.60,256.00
"2025-04-01 23:30:00",0.30,253.00,9.00,0.00,9,273.00,0.19,3487,419.00,18.20,272.00,0.20,9,273.00,0.90,2422,346.00,16.60,272.00,0.20,9,273.00,0.60,3845,395.00,19.60,270.00
"2025-04-01 23:45:00",0.20,208.00,9.00,0.03,9,274.00,0.16,3438,368.00,19.10,274.00,0.20,9,274.00,0.80,2361,322.00,17.00,272.00,0.00,9,274.00,0.60,3901,364.00,20.30,272.00
"2025-04-02 00:00:00",0.20,276.00,9.00,0.00,9,274.00,0.18,3068,403.00,17.40,273.00,0.10,9,274.00,0.70,2425,330.00,17.10,271.00,0.20,9,274.00,0.50,4078,373.00,20.60,271.00
"2025-04-02 00:15:00",0.30,273.00,9.00,-0.02,9,277.00,0.18,2910,358.00,17.10,257.00,0.20,9,277.00,0.80,2228,302.00,16.30,257.00,0.20,9,277.00,0.70,3382,352.00,18.30,257.00
"2025-04-02 00:30:00",0.30,256.00,9.00,-0.03,9,274.00,0.17,3198,360.00,18.70,273.00,0.20,9,274.00,0.70,2292,293.00,17.60,273.00,0.20,9,274.00,0.60,3663,350.00,20.10,274.00
"2025-04-02 00:45:00",0.30,246.00,9.00,-0.02,9,274.00,0.19,3093,386.00,17.90,274.00,0.20,9,274.00,0.70,2370,307.00,17.50,272.00,0.10,9,274.00,0.60,3490,374.00,19.20,273.00
"2025-04-02 01:00:00",0.40,262.00,9.00,-0.04,9,275.00,0.19,2952,361.00,18.00,275.00,0.30,9,275.00,0.60,2274,305.00,17.10,271.00,0.30,9,275.00,0.70,3565,363.00,19.50,275.00
"2025-04-02 01:15:00",0.30,274.00,9.00,-0.03,9,276.00,0.17,3230,582.00,14.50,237.00,0.10,9,276.00,1.60,2600,581.00,13.10,217.00,0.20,9,276.00,0.70,3425,672.00,14.10,230.00
"2025-04-02 01:30:00",0.20,264.00,9.00,-0.02,9,274.00,0.17,4003,563.00,17.00,269.00,0.10,9,274.00,0.90,3013,543.00,15.00,266.00,0.10,9,274.00,0.70,4289,593.00,17.40,266.00
"2025-04-02 01:45:00",0.50,236.00,9.00,0.01,9,274.00,0.23,3823,633.00,15.70,269.00,0.50,9,274.00,1.20,3185,647.00,14.00,255.00,0.10,9,274.00,0.70,4529,639.00,17.20,264.00
"2025-04-02 02:00:00",0.30,241.00,9.00,0.02,9,274.00,0.20,3838,472.00,18.00,272.00,0.30,9,274.00,0.80,3372,421.00,18.00,269.00,0.10,9,274.00,0.60,4916,458.00,20.80,273.00
"2025-04-02 02:15:00",0.70,229.00,9.00,0.01,9,277.00,0.22,3584,458.00,16.90,254.00,0.70,9,277.00,1.40,2879,444.00,15.60,252.00,0.10,9,277.00,0.70,4357,492.00,18.20,252.00
"2025-04-02 02:30:00",0.70,215.00,9.00,0.03,9,274.00,0.22,4078,491.00,18.30,274.00,0.70,9,274.00,1.50,3178,471.00,16.60,269.00,0.00,9,274.00,0.70,4504,483.00,19.60,269.00
"2025-04-02 02:45:00",0.60,228.00,9.00,0.01,9,274.00,0.19,4034,551.00,17.30,272.00,0.60,9,274.00,0.90,3129,543.00,15.40,263.00,0.10,9,274.00,0.70,4690,588.00,18.40,268.00
"2025-04-02 03:00:00",1.00,245.00,9.00,-0.08,9,275.00,0.26,3971,714.00,14.90,270.00,0.90,9,275.00,1.10,3402,695.00,13.70,256.00,0.50,9,275.00,0.70,4672,736.00,16.10,270.00
"2025-04-02 03:15:00",1.10,240.00,9.00,-0.08,9,277.00,0.21,3679,563.00,15.80,256.00,1.00,9,277.00,0.90,3459,529.00,15.70,252.00,0.40,9,277.00,0.70,4441,564.00,17.50,257.00
"2025-04-02 03:30:00",0.90,241.00,9.00,-0.02,9,274.00,0.21,4048,526.00,17.60,273.00,0.80,9,274.00,0.80,3756,480.00,17.80,272.00,0.40,9,274.00,0.70,4690,527.00,19.10,269.00
"2025-04-02 03:45:00",0.60,223.00,9.00,0.02,9,275.00,0.15,4917,567.00,18.70,270.00,0.60,9,275.00,0.70,4201,423.00,20.00,270.00,0.10,9,275.00,0.60,5055,460.00,20.80,275.00
"2025-04-02 04:00:00",0.90,239.00,9.00,0.00,9,274.00,0.16,5286,544.00,19.80,272.00,0.80,9,274.00,0.80,4593,420.00,20.80,273.00,0.30,9,274.00,0.60,5393,450.00,21.70,271.00
"2025-04-02 04:15:00",0.90,264.00,9.00,-0.06,9,276.00,0.22,4188,486.00,17.70,257.00,0.70,9,276.00,1.00,3611,457.00,17.00,255.00,0.70,9,276.00,0.80,4537,466.00,18.70,256.00
"2025-04-02 04:30:00",0.30,286.00,9.00,0.03,9,274.00,0.20,4499,489.00,19.20,273.00,0.10,9,274.00,0.70,3749,408.00,19.00,273.00,0.30,9,274.00,0.60,4867,454.00,20.60,272.00
"2025-04-02 04:45:00",0.40,320.00,9.00,0.01,9,274.00,0.18,4274,461.00,19.30,274.00,-0.10,9,274.00,0.70,3174,374.00,18.30,274.00,0.40,9,274.00,0.70,4464,403.00,20.80,274.00
"2025-04-02 05:00:00",0.50,323.00,9.00,0.00,9,273.00,0.17,4249,440.00,19.50,271.00,-0.10,9,273.00,0.60,3490,356.00,19.50,270.00,0.40,9,273.00,0.60,4847,397.00,21.80,273.00
"2025-04-02 05:15:00",0.40,349.00,9.00,0.04,9,276.00,0.16,4434,422.00,19.20,253.00,-0.30,9,276.00,0.60,3310,366.00,18.00,251.00,0.30,9,276.00,0.70,4348,368.00,20.10,255.00
"2025-04-02 05:30:00",0.20,257.00,9.00,0.08,9,273.00,0.10,4778,499.00,19.60,272.00,0.20,9,273.00,0.50,2692,341.00,17.70,272.00,0.10,9,273.00,0.50,4509,396.00,21.00,273.00
"2025-04-02 05:45:00",0.40,297.00,9.00,0.03,9,274.00,0.16,4114,471.00,18.70,274.00,0.10,9,274.00,0.50,2977,339.00,18.50,274.00,0.40,9,274.00,0.60,3721,391.00,19.20,274.00
"2025-04-02 06:00:00",0.30,283.00,9.00,0.04,9,273.00,0.18,4092,494.00,18.20,273.00,0.10,9,273.00,0.50,3416,372.00,18.90,273.00,0.30,9,273.00,0.60,4249,398.00,20.40,272.00
"2025-04-02 06:15:00",0.70,321.00,9.00,0.02,9,276.00,0.17,4303,418.00,19.10,256.00,-0.20,9,276.00,0.60,3819,361.00,19.30,255.00,0.70,9,276.00,0.70,4303,384.00,19.80,254.00
"2025-04-02 06:30:00",0.40,18.00,9.00,0.05,9,273.00,0.16,4446,439.00,20.00,273.00,-0.40,9,273.00,0.60,3480,364.00,19.30,272.00,0.10,9,273.00,0.60,4780,376.00,22.00,273.00
"2025-04-02 06:45:00",0.40,327.00,9.00,-0.05,9,273.00,0.14,3933,431.00,19.00,273.00,-0.10,9,273.00,0.50,3430,333.00,19.90,272.00,0.40,9,273.00,0.60,4678,413.00,21.00,272.00
"2025-04-02 07:00:00",0.30,349.00,9.00,-0.06,9,274.00,0.12,3953,443.00,18.90,274.00,-0.20,9,274.00,0.60,3165,350.00,18.60,271.00,0.20,9,274.00,0.60,4668,443.00,20.40,274.00
"2025-04-02 07:15:00",0.30,347.00,9.00,0.05,9,275.00,0.17,4060,432.00,18.40,256.00,-0.20,9,275.00,0.50,3467,343.00,18.80,254.00,0.20,9,275.00,0.60,4388,424.00,19.20,256.00
"2025-04-02 07:30:00",0.60,275.00,9.00,-0.11,9,274.00,0.19,4307,619.00,16.80,274.00,0.30,9,274.00,0.60,3655,502.00,17.20,272.00,0.50,9,274.00,0.60,4656,554.00,18.50,273.00
"2025-04-02 07:45:00",0.70,253.00,9.00,-0.14,9,275.00,0.21,3665,538.00,16.60,275.00,0.50,9,275.00,0.70,3011,326.00,18.90,275.00,0.40,9,275.00,0.40,5664,367.00,24.00,274.00
"2025-04-02 08:00:00",0.40,260.00,9.00,-0.18,9,274.00,0.14,3578,496.00,17.00,273.00,0.30,9,274.00,0.60,2058,275.00,17.10,271.00,0.30,9,274.00,0.20,6451,250.00,28.50,274.00
"2025-04-02 08:15:00",0.30,119.00,9.00,0.01,9,275.00,0.21,3102,404.00,16.70,255.00,0.00,9,275.00,0.60,2211,287.00,16.60,255.00,-0.20,9,275.00,0.40,5532,356.00,22.70,256.00
"2025-04-02 08:30:00",0.50,137.00,9.00,-0.01,9,275.00,0.20,3769,435.00,18.60,275.00,0.10,9,275.00,0.90,2907,360.00,17.80,274.00,-0.40,9,275.00,0.60,4500,432.00,20.30,275.00
"2025-04-02 08:45:00",0.20,154.00,9.00,-0.06,9,274.00,0.17,3494,486.00,17.20,271.00,0.10,9,274.00,0.60,2644,330.00,17.90,272.00,-0.10,9,274.00,0.70,4095,436.00,19.40,274.00
"2025-04-02 09:00:00",0.40,79.00,9.00,-0.03,9,274.00,0.19,3665,402.00,19.00,274.00,-0.30,9,274.00,0.80,2840,354.00,18.00,269.00,-0.30,9,274.00,0.70,4222,432.00,19.70,273.00
"2025-04-02 09:15:00",0.10,339.00,9.00,-0.03,9,276.00,0.19,3241,511.00,15.40,251.00,0.00,9,276.00,0.80,2485,439.00,14.70,244.00,0.00,9,276.00,0.60,3908,490.00,17.40,253.00
"2025-04-02 09:30:00",0.50,218.00,9.00,-0.06,9,274.00,0.18,3527,633.00,14.90,267.00,0.50,9,274.00,0.80,3091,638.00,13.60,253.00,0.00,9,274.00,0.60,4247,663.00,16.20,270.00
"2025-04-02 09:45:00",0.80,216.00,9.00,-0.01,9,274.00,0.20,3940,502.00,17.90,270.00,0.80,9,274.00,1.10,3355,492.00,16.70,269.00,0.00,9,274.00,0.70,4349,505.00,18.80,271.00
"2025-04-02 10:00:00",0.40,235.00,9.00,-0.06,2,274.00,0.19,3571,445.00,17.90,271.00,0.40,2,274.00,0.70,2857,347.00,18.10,269.00,0.10,2,274.00,0.60,4276,439.00,19.80,272.00
"2025-04-02 10:15:00",0.20,164.00,9.00,-0.03,9,276.00,0.16,3565,429.00,17.60,254.00,0.10,9,276.00,0.60,2762,306.00,18.20,253.00,-0.20,9,276.00,0.60,3994,411.00,18.90,256.00
"2025-04-02 10:30:00",0.20,168.00,9.00,-0.03,9,274.00,0.18,3484,414.00,18.20,273.00,0.10,9,274.00,0.60,2760,292.00,19.20,272.00,-0.10,9,274.00,0.60,4125,392.00,20.20,273.00
"2025-04-02 10:45:00",0.30,135.00,9.00,0.01,9,275.00,0.20,3583,410.00,18.60,275.00,0.00,9,275.00,0.60,2757,311.00,18.60,274.00,-0.30,9,275.00,0.70,3825,389.00,19.70,274.00
"2025-04-02 11:00:00",0.20,179.00,9.00,0.02,9,274.00,0.19,3637,440.00,18.20,271.00,0.20,9,274.00,0.90,2923,362.00,18.10,270.00,-0.10,9,274.00,0.70,3835,410.00,19.40,269.00
"2025-04-02 11:15:00",0.10,291.00,9.00,-0.06,9,276.00,0.24,3341,440.00,16.60,254.00,0.00,9,276.00,1.20,3046,411.00,16.60,252.00,0.10,9,276.00,0.90,3497,416.00,17.60,251.00
"2025-04-02 11:30:00",0.40,212.00,9.00,0.07,9,274.00,0.28,3579,475.00,17.50,273.00,0.40,9,274.00,1.20,3108,432.00,17.10,268.00,0.00,9,274.00,0.60,3823,424.00,19.00,270.00
"2025-04-02 11:45:00",0.30,100.00,9.00,0.02,9,275.00,0.22,3552,432.00,18.10,271.00,-0.10,9,275.00,1.00,3104,393.00,17.80,273.00,-0.30,9,275.00,0.70,4189,386.00,20.60,273.00
"2025-04-02 12:00:00",0.30,211.00,9.00,0.12,9,275.00,0.37,3772,533.00,17.00,270.00,0.20,9,275.00,1.50,3451,472.00,17.40,270.00,0.00,9,275.00,1.00,3880,511.00,17.70,270.00
"2025-04-02 12:15:00",0.50,351.00,9.00,0.07,9,278.00,0.26,3586,462.00,17.10,255.00,-0.30,9,278.00,1.50,3087,414.00,16.60,257.00,0.30,9,278.00,1.30,3230,474.00,16.20,252.00
"2025-04-02 12:30:00",0.20,84.00,9.00,0.02,9,276.00,0.21,3516,460.00,17.70,272.00,-0.10,9,276.00,1.00,2902,424.00,16.90,272.00,-0.10,9,276.00,0.80,3769,470.00,18.30,270.00
"2025-04-02 12:45:00",0.20,127.00,9.00,0.11,9,276.00,0.30,3753,485.00,17.80,275.00,0.00,9,276.00,1.10,3080,394.00,18.00,271.00,-0.20,9,276.00,0.90,3989,443.00,19.10,272.00
"2025-04-02 13:00:00",0.30,297.00,9.00,-0.04,9,274.00,0.24,3340,496.00,16.50,270.00,0.10,9,274.00,1.30,2804,481.00,15.40,268.00,0.30,9,274.00,0.60,3793,482.00,18.00,268.00
"2025-04-02 13:15:00",0.20,4.00,9.00,0.08,9,276.00,0.26,3284,436.00,16.60,256.00,-0.20,9,276.00,1.10,2923,382.00,16.80,254.00,0.10,9,276.00,0.90,3392,460.00,16.70,251.00
"2025-04-02 13:30:00",0.30,208.00,9.00,0.05,9,276.00,0.22,3451,481.00,17.00,270.00,0.30,9,276.00,1.00,2961,455.00,16.30,269.00,-0.10,9,276.00,0.80,3629,497.00,17.30,272.00
"2025-04-02 13:45:00",0.60,236.00,9.00,-0.02,9,276.00,0.21,3542,469.00,17.50,273.00,0.50,9,276.00,0.90,3211,466.00,16.80,265.00,0.20,9,276.00,0.70,4078,475.00,18.70,272.00
"2025-04-02 14:00:00",0.30,206.00,9.00,0.06,9,274.00,0.22,4045,477.00,18.60,268.00,0.30,9,274.00,1.00,3481,400.00,18.70,272.00,-0.10,9,274.00,0.70,3916,426.00,19.20,271.00
"2025-04-02 14:15:00",0.40,314.00,9.00,0.04,9,276.00,0.25,3547,466.00,17.10,252.00,0.00,9,276.00,1.00,3133,415.00,17.00,254.00,0.40,9,276.00,0.90,3630,464.00,17.40,254.00
"2025-04-02 14:30:00",0.20,332.00,9.00,0.01,9,276.00,0.22,3530,429.00,18.30,271.00,-0.10,9,276.00,1.10,2916,373.00,17.80,271.00,0.20,9,276.00,0.70,3615,437.00,18.50,271.00
"2025-04-02 14:45:00",0.20,260.00,9.00,0.02,9,276.00,0.20,3401,443.00,17.60,271.00,0.10,9,276.00,1.10,2982,403.00,17.50,271.00,0.10,9,276.00,0.80,3575,443.00,18.40,271.00
"2025-04-02 15:00:00",0.50,279.00,9.00,0.00,9,275.00,0.26,3504,505.00,16.80,270.00,0.20,9,275.00,1.40,3167,460.00,16.90,271.00,0.40,9,275.00,1.40,3463,521.00,16.70,270.00
"2025-04-02 15:15:00",0.60,235.00,9.00,-0.03,2,278.00,0.25,3123,482.00,15.50,252.00,0.60,2,278.00,1.60,2477,435.00,14.60,252.00,0.20,2,278.00,0.80,3043,449.00,16.00,252.00
"2025-04-02 15:30:00",0.20,259.00,9.00,-0.01,9,276.00,0.20,3307,483.00,16.80,270.00,0.10,9,276.00,1.20,2676,428.00,16.10,271.00,0.10,9,276.00,0.80,3436,455.00,17.60,270.00
"2025-04-02 15:45:00",0.20,269.00,9.00,-0.01,9,276.00,0.25,3165,432.00,17.30,271.00,0.10,9,276.00,1.00,2712,398.00,16.90,269.00,0.20,9,276.00,0.70,3322,413.00,18.20,273.00
"2025-04-02 16:00:00",0.80,222.00,9.00,0.02,2,275.00,0.23,3460,496.00,17.00,270.00,0.80,2,275.00,2.10,2949,464.00,16.30,270.00,0.10,2,275.00,0.90,3498,482.00,17.40,270.00
"2025-04-02 16:15:00",0.50,215.00,9.00,0.05,9,278.00,0.20,3153,423.00,16.60,254.00,0.50,9,278.00,1.40,2478,390.00,15.50,253.00,0.00,9,278.00,0.80,3198,420.00,16.80,255.00
"2025-04-02 16:30:00",0.20,203.00,9.00,0.05,9,276.00,0.22,3189,406.00,17.70,272.00,0.20,9,276.00,1.10,2596,384.00,16.60,270.00,0.00,9,276.00,0.70,3477,417.00,18.50,273.00
"2025-04-02 16:45:00",0.10,354.00,9.00,0.02,9,275.00,0.20,3075,420.00,17.20,271.00,-0.10,9,275.00,1.20,2513,389.00,16.20,269.00,0.10,9,275.00,0.80,3446,444.00,17.80,270.00
"2025-04-02 17:00:00",0.10,224.00,9.00,0.08,9,276.00,0.20,3005,396.00,17.50,272.00,0.10,9,276.00,0.90,2666,340.00,17.90,271.00,0.00,9,276.00,0.80,3251,406.00,18.10,275.00
"2025-04-02 17:15:00",0.20,200.00,9.00,0.05,9,278.00,0.19,2795,352.00,16.90,255.00,0.20,9,278.00,0.90,2302,296.00,16.70,257.00,-0.10,9,278.00,0.70,3195,369.00,17.70,256.00
"2025-04-02 17:30:00",0.30,157.00,9.00,0.04,9,274.00,0.18,2767,344.00,17.90,273.00,0.10,9,274.00,0.70,2160,282.00,17.50,272.00,-0.20,9,274.00,0.60,3510,353.00,19.80,272.00
"2025-04-02 17:45:00",0.20,211.00,9.00,0.00,9,274.00,0.15,3019,373.00,17.90,271.00,0.20,9,274.00,0.70,2219,288.00,17.50,274.00,0.00,9,274.00,0.70,3656,385.00,19.30,273.00
"2025-04-02 18:00:00",0.30,215.00,9.00,0.03,9,274.00,0.19,2786,369.00,17.30,274.00,0.30,9,274.00,0.80,2009,274.00,17.10,274.00,0.00,9,274.00,0.60,3758,398.00,19.40,274.00
"2025-04-02 18:15:00",0.40,223.00,9.00,0.00,9,276.00,0.19,2608,337.00,16.80,256.00,0.40,9,276.00,0.60,2067,267.00,16.70,256.00,0.00,9,276.00,0.50,3653,337.00,19.50,256.00
"2025-04-02 18:30:00",0.30,236.00,9.00,0.00,9,274.00,0.18,2921,364.00,17.80,274.00,0.30,9,274.00,0.70,2212,285.00,17.50,272.00,0.10,9,274.00,0.70,3555,383.00,19.20,272.00
"2025-04-02 18:45:00",0.20,235.00,9.00,0.00,9,274.00,0.19,3092,449.00,16.70,272.00,0.20,9,274.00,0.70,2504,393.00,16.00,269.00,0.10,9,274.00,0.70,3544,464.00,17.60,272.00
"2025-04-02 19:00:00",0.50,251.00,9.00,-0.01,9,274.00,0.24,3358,472.00,16.90,273.00,0.50,9,274.00,0.90,3230,386.00,18.30,269.00,0.30,9,274.00,0.80,4039,469.00,18.60,271.00
"2025-04-02 19:15:00",0.30,247.00,9.00,0.04,9,276.00,0.17,3290,382.00,17.50,254.00,0.30,9,276.00,0.80,2264,335.00,15.60,253.00,0.10,9,276.00,0.60,3708,371.00,18.90,256.00
"2025-04-02 19:30:00",0.40,252.00,9.00,-0.01,9,274.00,0.19,3268,412.00,17.70,270.00,0.30,9,274.00,0.80,2451,343.00,16.70,272.00,0.20,9,274.00,0.70,3714,402.00,19.10,274.00
"2025-04-02 19:45:00",0.70,248.00,9.00,0.02,9,274.00,0.19,3984,482.00,18.30,273.00,0.60,9,274.00,1.30,2742,396.00,16.60,272.00,0.40,9,274.00,0.70,4311,440.00,19.80,272.00
"2025-04-02 20:00:00",1.10,230.00,9.00,0.02,9,274.00,0.25,4069,505.00,18.10,274.00,1.00,9,274.00,1.40,3266,464.00,17.00,273.00,0.20,9,274.00,0.80,4581,487.00,19.60,269.00
"2025-04-02 20:15:00",0.60,241.00,9.00,-0.03,9,276.00,0.17,3399,405.00,17.30,253.00,0.60,9,276.00,1.10,2378,365.00,15.40,252.00,0.30,9,276.00,0.70,3725,390.00,18.50,256.00
"2025-04-02 20:30:00",0.70,230.00,9.00,-0.04,9,274.00,0.21,3350,522.00,16.00,268.00,0.70,9,274.00,1.00,2756,504.00,14.70,265.00,0.20,9,274.00,0.70,4008,519.00,17.80,269.00
"2025-04-02 20:45:00",0.80,225.00,9.00,0.02,9,273.00,0.21,4236,477.00,18.90,272.00,0.80,9,273.00,1.10,3644,493.00,17.70,268.00,0.10,9,273.00,0.80,4600,504.00,19.30,270.00
"2025-04-02 21:00:00",1.00,242.00,9.00,-0.04,9,275.00,0.22,3951,464.00,18.50,274.00,0.90,9,275.00,1.20,2997,430.00,16.60,274.00,0.40,9,275.00,0.80,4430,469.00,19.50,273.00
"2025-04-02 21:15:00",0.70,247.00,9.00,-0.04,9,276.00,0.22,3595,432.00,17.40,256.00,0.60,9,276.00,0.90,2603,376.00,16.00,252.00,0.30,9,276.00,0.70,3983,397.00,18.90,256.00
"2025-04-02 21:30:00",0.90,239.00,9.00,-0.07,9,274.00,0.17,4233,469.00,19.00,271.00,0.80,9,274.00,1.10,2777,406.00,16.60,272.00,0.30,9,274.00,0.70,4557,448.00,20.10,273.00
"2025-04-02 21:45:00",0.70,255.00,9.00,-0.05,9,274.00,0.17,4609,447.00,20.20,273.00,0.60,9,274.00,0.90,3206,390.00,18.10,273.00,0.40,9,274.00,0.80,4285,435.00,19.70,274.00
"2025-04-02 22:00:00",0.60,243.00,9.00,-0.05,9,274.00,0.21,4060,471.00,18.60,270.00,0.50,9,274.00,0.90,2917,376.00,17.70,271.00,0.20,9,274.00,0.60,4498,432.00,20.40,272.00
"2025-04-02 22:15:00",0.20,269.00,9.00,0.01,9,276.00,0.18,4190,419.00,18.80,255.00,0.20,9,276.00,0.70,2730,327.00,17.20,255.00,0.20,9,276.00,0.60,4365,389.00,19.80,257.00
"2025-04-02 22:30:00",0.20,119.00,9.00,0.04,9,273.00,0.16,4140,473.00,18.60,273.00,0.00,9,273.00,0.60,2596,334.00,17.40,271.00,-0.20,9,273.00,0.60,4539,399.00,20.90,271.00
"2025-04-02 22:45:00",0.50,248.00,9.00,-0.02,9,274.00,0.18,3969,519.00,17.60,274.00,0.40,9,274.00,1.00,2939,501.00,15.50,267.00,0.20,9,274.00,0.70,4148,555.00,17.60,271.00
"2025-04-02 23:00:00",0.50,251.00,9.00,0.02,9,274.00,0.19,4171,674.00,15.80,273.00,0.40,9,274.00,0.90,3174,683.00,13.10,265.00,0.30,9,274.00,0.70,4129,730.00,15.00,271.00
"2025-04-02 23:15:00",1.10,250.00,9.00,-0.13,9,276.00,0.19,4278,519.00,17.50,255.00,1.00,9,276.00,0.60,3655,457.00,17.20,252.00,0.60,9,276.00,0.80,4122,494.00,17.80,254.00
"2025-04-02 23:30:00",0.50,200.00,9.00,0.07,9,274.00,0.17,5044,513.00,19.90,273.00,0.50,9,274.00,0.80,3988,441.00,19.00,274.00,-0.20,9,274.00,0.70,4081,455.00,18.90,272.00
"2025-04-02 23:45:00",0.20,75.00,9.00,0.04,9,274.00,0.19,4093,438.00,19.30,274.00,-0.20,9,274.00,0.60,3058,324.00,19.20,274.00,-0.10,9,274.00,0.50,4351,391.00,20.80,274.00
"2025-04-03 00:00:00",0.70,239.00,9.00,-0.15,9,274.00,0.17,4517,555.00,18.20,271.00,0.70,9,274.00,0.40,3856,377.00,19.90,270.00,0.30,9,274.00,0.50,4193,430.00,19.70,269.00
"2025-04-03 00:15:00",0.60,266.00,9.00,-0.11,9,276.00,0.14,3860,482.00,17.00,256.00,0.40,9,276.00,0.40,3353,331.00,19.00,256.00,0.40,9,276.00,0.70,2457,339.00,16.20,256.00
"2025-04-03 00:30:00",0.70,290.00,9.00,-0.06,9,275.00,0.11,4262,556.00,17.70,274.00,0.20,9,275.00,0.40,3034,358.00,18.50,274.00,0.70,9,275.00,0.60,3212,415.00,17.70,274.00
"2025-04-03 00:45:00",0.20,293.00,9.00,-0.01,9,274.00,0.14,4092,515.00,17.90,274.00,0.10,9,274.00,0.20,3519,316.00,20.90,272.00,0.20,9,274.00,0.40,3135,390.00,18.00,274.00
"2025-04-03 01:00:00",0.50,279.00,9.00,-0.05,9,274.00,0.13,3828,492.00,17.70,274.00,0.20,9,274.00,0.30,3381,305.00,20.80,274.00,0.40,9,274.00,0.50,3429,410.00,18.30,274.00
"2025-04-03 01:15:00",0.20,316.00,9.00,0.04,9,277.00,0.13,3332,494.00,15.70,257.00,0.00,9,277.00,0.20,3379,286.00,20.30,252.00,0.20,9,277.00,0.30,2732,367.00,16.50,257.00
"2025-04-03 01:30:00",0.50,283.00,9.00,-0.01,9,274.00,0.18,3995,512.00,17.70,274.00,0.20,9,274.00,0.40,3681,361.00,20.00,274.00,0.50,9,274.00,0.60,3189,424.00,17.30,273.00
"2025-04-03 01:45:00",0.20,235.00,9.00,0.00,9,274.00,0.18,4056,502.00,18.00,274.00,0.20,9,274.00,0.40,3533,344.00,19.90,274.00,0.10,9,274.00,0.50,4167,420.00,19.70,274.00
"2025-04-03 02:00:00",0.20,91.00,9.00,0.09,9,275.00,0.14,4344,528.00,18.30,275.00,-0.10,9,275.00,0.50,3891,371.00,20.20,274.00,-0.20,9,275.00,0.50,3949,415.00,19.40,270.00
"2025-04-03 02:15:00",0.30,277.00,9.00,-0.02,9,276.00,0.22,3575,485.00,16.40,257.00,0.20,9,276.00,0.30,3549,342.00,19.20,256.00,0.30,9,276.00,0.50,3118,382.00,16.90,257.00
"2025-04-03 02:30:00",0.50,316.00,9.00,0.03,9,274.00,0.17,3616,535.00,16.50,274.00,-0.10,9,274.00,0.20,4373,310.00,22.80,271.00,0.50,9,274.00,0.60,2332,418.00,14.80,271.00
"2025-04-03 02:45:00",0.70,252.00,9.00,-0.13,9,274.00,0.12,4353,544.00,18.00,274.00,0.60,9,274.00,0.30,3872,315.00,21.60,272.00,0.40,9,274.00,0.40,4312,380.00,20.80,274.00
"2025-04-03 03:00:00",1.30,257.00,9.00,-0.23,9,275.00,0.09,4924,524.00,19.40,273.00,1.00,9,275.00,0.20,4480,313.00,23.10,275.00,0.80,9,275.00,0.40,3520,368.00,19.40,275.00
"2025-04-03 03:15:00",1.00,274.00,9.00,-0.16,9,276.00,0.17,4287,487.00,17.90,257.00,0.50,9,276.00,0.30,3371,302.00,19.80,257.00,0.80,9,276.00,0.50,3262,403.00,17.10,257.00
"2025-04-03 03:30:00",1.40,273.00,9.00,-0.22,9,274.00,0.12,4808,495.00,19.70,274.00,0.80,9,274.00,0.20,4121,300.00,22.70,273.00,1.10,9,274.00,0.50,3254,428.00,17.50,274.00
"2025-04-03 03:45:00",0.70,266.00,9.00,-0.12,9,275.00,0.17,4103,512.00,18.00,275.00,0.50,9,275.00,0.30,3174,274.00,21.10,275.00,0.50,9,275.00,0.50,3213,469.00,16.60,275.00
"2025-04-03 04:00:00",1.50,286.00,9.00,-0.20,9,274.00,0.09,4543,511.00,18.90,274.00,0.60,9,274.00,0.30,3815,274.00,22.80,274.00,1.40,9,274.00,0.60,2757,463.00,15.40,274.00
"2025-04-03 04:15:00",1.50,248.00,9.00,-0.24,9,277.00,0.06,4882,468.00,19.30,256.00,1.30,9,277.00,0.30,3795,302.00,20.80,252.00,0.80,9,277.00,0.50,3856,413.00,18.20,257.00
"2025-04-03 04:30:00",0.80,245.00,9.00,-0.08,9,274.00,0.13,4838,466.00,20.20,274.00,0.70,9,274.00,0.30,3695,330.00,20.70,274.00,0.30,9,274.00,0.30,4785,376.00,21.90,272.00
"2025-04-03 04:45:00",0.60,264.00,9.00,-0.07,9,274.00,0.09,4858,435.00,21.00,273.00,0.40,9,274.00,0.40,2641,293.00,19.00,274.00,0.40,9,274.00,0.20,5918,291.00,26.20,274.00
"2025-04-03 05:00:00",1.30,255.00,9.00,-0.14,9,273.00,0.06,5442,428.00,22.10,273.00,1.00,9,273.00,0.20,4166,274.00,23.50,272.00,0.80,9,273.00,0.40,3753,384.00,19.70,273.00
"2025-04-03 05:15:00",1.10,240.00,9.00,-0.08,9,275.00,0.07,5200,342.00,22.50,256.00,1.00,9,275.00,0.20,3299,271.00,20.40,256.00,0.40,9,275.00,0.30,4635,359.00,21.00,255.00
"2025-04-03 05:30:00",0.80,252.00,9.00,-0.04,9,274.00,0.06,5304,401.00,22.50,274.00,0.70,9,274.00,0.30,3353,326.00,20.20,274.00,0.40,9,274.00,0.40,4369,408.00,20.50,274.00
"2025-04-03 05:45:00",0.70,282.00,9.00,0.02,9,273.00,0.07,5696,366.00,23.90,273.00,0.30,9,273.00,0.40,2804,307.00,18.80,268.00,0.60,9,273.00,0.40,4438,399.00,20.70,273.00
"2025-04-03 06:00:00",0.60,311.00,9.00,-0.03,9,273.00,0.07,5213,406.00,22.20,273.00,0.00,9,273.00,0.30,3485,347.00,19.90,269.00,0.60,9,273.00,0.40,3764,383.00,19.80,273.00
"2025-04-03 06:15:00",0.80,289.00,9.00,-0.12,9,276.00,0.08,4780,381.00,20.90,256.00,0.20,9,276.00,0.40,3271,310.00,19.30,256.00,0.70,9,276.00,0.60,2976,378.00,16.90,256.00
"2025-04-03 06:30:00",0.60,291.00,9.00,-0.10,9,273.00,0.06,4909,376.00,22.20,269.00,0.20,9,273.00,0.40,2616,302.00,18.60,273.00,0.60,9,273.00,0.70,2852,412.00,16.60,272.00
"2025-04-03 06:45:00",0.40,297.00,9.00,-0.02,9,273.00,0.15,4076,422.00,19.60,272.00,0.10,9,273.00,0.60,2937,326.00,18.90,273.00,0.40,9,273.00,0.60,4092,412.00,19.70,272.00
"2025-04-03 07:00:00",0.50,258.00,9.00,-0.02,9,274.00,0.14,4014,531.00,17.40,274.00,0.40,9,274.00,0.40,2449,269.00,18.80,274.00,0.30,9,274.00,0.50,3549,421.00,18.20,269.00
"2025-04-03 07:15:00",1.10,275.00,9.00,-0.22,9,275.00,0.14,3805,470.00,17.10,251.00,0.60,9,275.00,0.50,2045,279.00,16.10,256.00,0.90,9,275.00,0.40,3110,397.00,16.70,256.00
"2025-04-03 07:30:00",0.70,283.00,9.00,-0.06,9,274.00,0.14,4512,440.00,20.10,273.00,0.30,9,274.00,0.60,2282,314.00,17.00,274.00,0.60,9,274.00,0.60,3271,427.00,17.30,269.00
"2025-04-03 07:45:00",0.80,267.00,9.00,-0.10,9,274.00,0.18,4053,466.00,18.60,274.00,0.50,9,274.00,0.50,2364,315.00,17.20,274.00,0.60,9,274.00,0.50,3688,420.00,18.60,272.00
"2025-04-03 08:00:00",1.00,269.00,9.00,-0.15,9,274.00,0.14,4345,434.00,20.00,273.00,0.60,9,274.00,0.60,2185,326.00,16.20,270.00,0.80,9,274.00,0.40,4744,409.00,21.00,271.00
"2025-04-03 08:15:00",0.50,291.00,9.00,0.02,9,276.00,0.16,3577,431.00,17.30,255.00,0.10,9,276.00,0.60,2242,319.00,15.80,251.00,0.50,9,276.00,0.50,3983,404.00,18.70,256.00
"2025-04-03 08:30:00",0.60,263.00,9.00,-0.01,9,275.00,0.15,3754,411.00,19.10,273.00,0.40,9,275.00,0.70,2693,338.00,17.70,274.00,0.40,9,275.00,0.70,3810,446.00,18.50,275.00
"2025-04-03 08:45:00",0.60,272.00,9.00,-0.05,9,274.00,0.13,3951,397.00,19.80,274.00,0.30,9,274.00,0.70,2750,318.00,18.20,273.00,0.50,9,274.00,0.60,4151,424.00,19.50,273.00
"2025-04-03 09:00:00",0.70,274.00,9.00,-0.10,9,273.00,0.14,3879,376.00,20.10,271.00,0.40,9,273.00,0.60,2694,318.00,18.00,268.00,0.60,9,273.00,0.60,4013,424.00,19.30,272.00
"2025-04-03 09:15:00",0.50,252.00,9.00,-0.07,9,276.00,0.18,3552,393.00,18.00,256.00,0.40,9,276.00,0.70,2657,341.00,16.70,253.00,0.30,9,276.00,0.60,4055,422.00,18.40,256.00
"2025-04-03 09:30:00",0.40,282.00,9.00,-0.11,9,274.00,0.16,3581,429.00,18.30,269.00,0.20,9,274.00,0.60,2960,352.00,18.30,272.00,0.40,9,274.00,0.70,3806,445.00,18.50,271.00
"2025-04-03 09:45:00",0.10,21.00,9.00,-0.07,9,274.00,0.23,3850,447.00,18.50,274.00,-0.10,9,274.00,0.80,3218,354.00,18.90,274.00,0.00,9,274.00,0.70,4406,417.00,20.40,274.00
"2025-04-03 10:00:00",0.40,100.00,9.00,0.08,2,274.00,0.28,4145,487.00,18.50,271.00,-0.20,2,274.00,1.10,3735,427.00,18.70,273.00,-0.40,2,274.00,0.70,4634,439.00,20.50,271.00
"2025-04-03 10:15:00",0.40,84.00,9.00,0.04,2,276.00,0.23,3478,409.00,17.60,251.00,-0.30,2,276.00,1.00,3065,359.00,17.50,255.00,-0.30,2,276.00,0.60,3827,366.00,19.10,253.00
"2025-04-03 10:30:00",0.80,68.00,9.00,0.00,2,275.00,0.20,3801,427.00,18.90,270.00,-0.70,2,275.00,1.10,3072,387.00,17.80,274.00,-0.40,2,275.00,0.70,4113,410.00,19.80,275.00
"2025-04-03 10:45:00",0.50,93.00,9.00,0.00,2,275.00,0.21,3566,390.00,19.10,270.00,-0.30,2,275.00,0.90,2859,341.00,18.30,275.00,-0.40,2,275.00,0.80,3778,380.00,19.80,272.00
"2025-04-03 11:00:00",0.70,94.00,9.00,0.10,2,276.00,0.29,3685,465.00,18.00,271.00,-0.40,2,276.00,1.20,3341,413.00,18.10,275.00,-0.60,2,276.00,1.00,3525,427.00,18.30,275.00
"2025-04-03 11:15:00",0.60,104.00,9.00,0.05,2,278.00,0.25,3185,365.00,17.90,254.00,-0.20,2,278.00,1.20,2784,338.00,17.30,257.00,-0.50,2,278.00,0.80,3163,352.00,18.00,256.00
"2025-04-03 11:30:00",0.40,102.00,9.00,0.04,2,276.00,0.25,3351,393.00,18.60,274.00,-0.20,2,276.00,1.00,2886,339.00,18.50,275.00,-0.40,2,276.00,0.70,3459,371.00,19.30,272.00
"2025-04-03 11:45:00",0.40,92.00,9.00,-0.03,2,276.00,0.21,3427,373.00,19.10,275.00,-0.20,2,276.00,1.00,2802,320.00,18.60,275.00,-0.30,2,276.00,0.80,3301,363.00,18.90,276.00
"2025-04-03 12:00:00",0.50,100.00,9.00,0.01,2,276.00,0.26,3613,416.00,18.70,271.00,-0.20,2,276.00,1.00,3180,371.00,18.60,273.00,-0.40,2,276.00,1.20,3352,424.00,17.90,275.00
"2025-04-03 12:15:00",0.80,70.00,9.00,0.10,2,278.00,0.34,3347,443.00,16.80,252.00,-0.70,2,278.00,1.20,2872,380.00,16.70,257.00,-0.40,2,278.00,1.10,3108,386.00,17.20,256.00
"2025-04-03 12:30:00",0.30,87.00,9.00,0.02,2,277.00,0.28,3526,392.00,19.10,272.00,-0.20,2,277.00,1.10,2961,348.00,18.50,272.00,-0.20,2,277.00,1.00,3242,361.00,19.00,276.00
"2025-04-03 12:45:00",0.50,100.00,9.00,0.01,2,276.00,0.22,3377,365.00,19.30,274.00,-0.20,2,276.00,1.10,2851,346.00,18.20,274.00,-0.40,2,276.00,0.80,3485,369.00,19.30,271.00
"2025-04-03 13:00:00",0.80,98.00,9.00,0.00,2,276.00,0.25,3607,426.00,18.60,271.00,-0.40,2,276.00,1.40,3213,409.00,17.90,275.00,-0.70,2,276.00,1.30,3560,452.00,18.00,276.00
"2025-04-03 13:15:00",0.90,75.00,9.00,0.02,2,279.00,0.27,3583,424.00,17.70,255.00,-0.70,2,279.00,1.20,3189,395.00,17.20,258.00,-0.50,2,279.00,1.00,3363,422.00,17.00,258.00
"2025-04-03 13:30:00",1.00,80.00,9.00,0.07,2,277.00,0.32,3779,474.00,18.20,273.00,-0.80,2,277.00,1.70,3515,465.00,17.50,275.00,-0.70,2,277.00,1.10,3477,446.00,17.80,272.00
"2025-04-03 13:45:00",0.80,73.00,9.00,0.00,2,276.00,0.26,3747,428.00,18.90,273.00,-0.70,2,276.00,1.20,3259,403.00,18.00,275.00,-0.50,2,276.00,1.10,3541,439.00,18.10,273.00
"2025-04-03 14:00:00",0.80,97.00,9.00,0.08,2,277.00,0.30,3645,439.00,18.40,274.00,-0.40,2,277.00,1.10,3306,387.00,18.50,275.00,-0.70,2,277.00,1.00,3541,415.00,18.60,276.00
"2025-04-03 14:15:00",0.70,78.00,9.00,-0.03,2,278.00,0.26,3419,369.00,18.20,257.00,-0.50,2,278.00,1.30,3113,385.00,17.20,256.00,-0.50,2,278.00,0.80,3159,357.00,17.80,255.00
"2025-04-03 14:30:00",0.40,92.00,9.00,0.00,2,277.00,0.17,3286,325.00,19.80,277.00,-0.20,2,277.00,0.80,2893,304.00,19.50,275.00,-0.30,2,277.00,0.70,3055,336.00,19.10,277.00
"2025-04-03 14:45:00",0.30,129.00,9.00,0.02,2,277.00,0.20,3205,320.00,19.70,274.00,0.00,2,277.00,0.70,2674,277.00,19.40,275.00,-0.30,2,277.00,0.60,3254,305.00,20.30,276.00
"2025-04-03 15:00:00",0.30,5.00,9.00,0.12,9,276.00,0.31,3837,448.00,18.70,273.00,-0.30,9,276.00,1.20,3662,416.00,19.00,273.00,0.20,9,276.00,1.10,3593,467.00,17.80,273.00
"2025-04-03 15:15:00",0.70,28.00,9.00,0.00,2,279.00,0.28,3366,390.00,17.70,256.00,-0.70,2,279.00,1.20,3068,386.00,17.20,257.00,0.10,2,279.00,0.90,3097,342.00,18.10,257.00
"2025-04-03 15:30:00",0.40,328.00,9.00,-0.04,9,276.00,0.25,3474,390.00,19.00,274.00,-0.10,9,276.00,0.90,3383,373.00,19.10,274.00,0.40,9,276.00,0.80,3336,358.00,19.30,275.00
"2025-04-03 15:45:00",0.50,14.00,9.00,0.00,9,277.00,0.20,3420,371.00,19.20,273.00,-0.50,9,277.00,1.00,3262,372.00,19.00,273.00,0.20,9,277.00,0.80,3504,369.00,19.50,274.00
"2025-04-03 16:00:00",0.30,328.00,9.00,0.01,9,276.00,0.18,3311,341.00,19.50,276.00,-0.10,9,276.00,0.80,3063,323.00,19.40,273.00,0.30,9,276.00,0.70,3512,362.00,19.60,271.00
"2025-04-03 16:15:00",0.30,231.00,9.00,0.06,9,279.00,0.28,3404,456.00,16.70,254.00,0.20,9,279.00,1.00,3324,430.00,17.10,256.00,0.10,9,279.00,1.00,3489,472.00,16.80,254.00
"2025-04-03 16:30:00",0.70,223.00,9.00,0.10,9,276.00,0.33,3678,510.00,17.30,275.00,0.70,9,276.00,1.70,3370,483.00,17.10,271.00,0.10,9,276.00,1.00,3870,520.00,17.60,271.00
"2025-04-03 16:45:00",0.40,204.00,9.00,0.10,9,277.00,0.22,3344,413.00,18.00,272.00,0.40,9,277.00,1.00,3059,391.00,17.90,276.00,-0.10,9,277.00,0.60,3941,417.00,19.50,273.00
"2025-04-03 17:00:00",0.30,211.00,9.00,0.06,9,276.00,0.23,3248,407.00,18.00,276.00,0.30,9,276.00,0.80,3063,366.00,18.60,272.00,0.00,9,276.00,0.70,3817,426.00,19.00,274.00
"2025-04-03 17:15:00",0.30,193.00,9.00,0.08,9,279.00,0.17,3022,356.00,17.40,259.00,0.20,9,279.00,0.70,2782,328.00,17.50,254.00,-0.10,9,279.00,0.50,4216,370.00,20.00,257.00
"2025-04-03 17:30:00",0.20,193.00,9.00,0.08,9,276.00,0.18,3255,357.00,19.00,274.00,0.20,9,276.00,0.70,2644,312.00,18.40,275.00,-0.10,9,276.00,0.40,4666,341.00,22.70,274.00
"2025-04-03 17:45:00",0.20,170.00,9.00,0.12,9,276.00,0.15,3318,373.00,18.80,276.00,0.10,9,276.00,0.70,2553,299.00,18.40,276.00,-0.20,9,276.00,0.60,4424,357.00,21.70,276.00
"2025-04-03 18:00:00",0.20,218.00,9.00,0.10,9,276.00,0.16,3232,363.00,18.70,274.00,0.20,9,276.00,0.70,2523,293.00,18.40,276.00,0.00,9,276.00,0.50,4759,328.00,23.10,275.00
"2025-04-03 18:15:00",0.40,238.00,9.00,0.02,9,277.00,0.19,2724,346.00,16.80,258.00,0.30,9,277.00,0.60,2347,273.00,17.50,255.00,0.10,9,277.00,0.50,3963,320.00,20.50,258.00
"2025-04-03 18:30:00",0.30,255.00,9.00,0.03,9,276.00,0.20,3122,403.00,17.50,274.00,0.20,9,276.00,0.60,2394,298.00,17.90,271.00,0.20,9,276.00,0.50,4590,325.00,22.80,275.00
"2025-04-03 18:45:00",0.20,230.00,9.00,0.08,9,276.00,0.17,3289,394.00,18.10,275.00,0.20,9,276.00,0.80,2171,307.00,16.80,273.00,0.10,9,276.00,0.50,4928,331.00,23.50,275.00
"2025-04-03 19:00:00",0.30,241.00,9.00,0.09,9,276.00,0.19,3103,419.00,17.20,273.00,0.30,9,276.00,0.90,2350,335.00,16.70,271.00,0.10,9,276.00,0.60,4431,383.00,21.20,276.00
"2025-04-03 19:15:00",0.20,301.00,9.00,0.11,9,277.00,0.21,3186,388.00,17.20,258.00,0.00,9,277.00,0.90,2374,338.00,16.00,253.00,0.20,9,277.00,0.60,4072,369.00,19.80,258.00
"2025-04-03 19:30:00",0.30,336.00,9.00,0.08,9,274.00,0.18,3225,390.00,18.10,272.00,-0.10,9,274.00,0.80,2341,332.00,16.70,270.00,0.20,9,274.00,0.60,4382,356.00,21.70,274.00
"2025-04-03 19:45:00",0.30,320.00,9.00,0.07,9,274.00,0.16,3173,384.00,18.00,273.00,-0.10,9,274.00,0.70,2396,320.00,17.20,272.00,0.30,9,274.00,0.70,4104,359.00,21.00,274.00
"2025-04-03 20:00:00",0.40,16.00,9.00,0.06,9,274.00,0.19,3086,445.00,16.80,269.00,-0.30,9,274.00,0.80,2493,346.00,17.10,270.00,0.10,9,274.00,0.60,4553,397.00,21.30,272.00
"2025-04-03 20:15:00",0.20,297.00,9.00,0.06,9,276.00,0.19,2843,399.00,16.00,251.00,0.00,9,276.00,0.90,2269,331.00,15.80,255.00,0.20,9,276.00,0.70,3987,377.00,19.30,255.00
"2025-04-03 20:30:00",0.30,250.00,9.00,0.04,9,274.00,0.21,2957,419.00,16.70,271.00,0.30,9,274.00,0.90,2477,346.00,16.90,269.00,0.20,9,274.00,0.70,4057,421.00,19.60,272.00
"2025-04-03 20:45:00",0.50,250.00,9.00,0.00,9,274.00,0.22,3087,434.00,16.90,269.00,0.40,9,274.00,0.90,2435,361.00,16.40,271.00,0.30,9,274.00,0.80,3830,431.00,18.80,273.00
"2025-04-03 21:00:00",0.50,243.00,9.00,0.02,9,274.00,0.22,3071,423.00,17.10,272.00,0.40,9,274.00,0.90,2449,354.00,16.60,269.00,0.20,9,274.00,0.70,3908,434.00,19.00,274.00
"2025-04-03 21:15:00",0.50,231.00,9.00,0.04,9,276.00,0.22,2812,397.00,16.00,253.00,0.50,9,276.00,1.00,2197,337.00,15.40,251.00,0.10,9,276.00,0.70,3691,404.00,18.00,254.00
"2025-04-03 21:30:00",0.50,255.00,9.00,0.03,9,274.00,0.24,2851,418.00,16.50,271.00,0.40,9,274.00,1.00,2203,341.00,16.00,271.00,0.30,9,274.00,0.70,3885,414.00,19.30,273.00
"2025-04-03 21:45:00",0.50,274.00,9.00,0.00,9,274.00,0.26,2927,446.00,16.20,273.00,0.30,9,274.00,0.80,2461,354.00,16.70,269.00,0.40,9,274.00,0.70,4118,407.00,20.00,273.00
"2025-04-03 22:00:00",0.20,252.00,9.00,0.03,9,274.00,0.23,3154,435.00,17.00,273.00,0.20,9,274.00,1.20,2470,351.00,16.80,273.00,0.10,9,274.00,0.70,3926,419.00,19.40,269.00
"2025-04-03 22:15:00",0.80,267.00,9.00,-0.07,9,276.00,0.21,3029,401.00,16.50,254.00,0.50,9,276.00,0.80,2209,310.00,16.00,255.00,0.60,9,276.00,0.70,3894,376.00,19.10,255.00
"2025-04-03 22:30:00",0.40,274.00,9.00,-0.01,9,273.00,0.19,3187,417.00,17.50,269.00,0.20,9,273.00,1.00,2270,321.00,16.70,273.00,0.30,9,273.00,0.70,3986,385.00,20.10,271.00
"2025-04-03 22:45:00",0.50,260.00,9.00,-0.02,9,274.00,0.21,3277,438.00,17.20,271.00,0.30,9,274.00,0.90,2530,339.00,17.30,270.00,0.30,9,274.00,0.70,4000,401.00,19.90,274.00
"2025-04-03 23:00:00",0.60,246.00,9.00,-0.04,9,274.00,0.27,3453,484.00,17.00,271.00,0.60,9,274.00,1.30,2874,398.00,17.00,269.00,0.30,9,274.00,0.70,4190,472.00,19.10,269.00
"2025-04-03 23:15:00",1.00,253.00,9.00,-0.07,9,276.00,0.27,3369,450.00,16.50,253.00,0.80,9,276.00,1.50,2969,412.00,16.10,255.00,0.60,9,276.00,0.90,3897,457.00,17.70,252.00
"2025-04-03 23:30:00",0.80,260.00,9.00,-0.05,9,274.00,0.21,3600,459.00,17.70,273.00,0.60,9,274.00,0.80,2623,351.00,17.20,272.00,0.60,9,274.00,0.60,4218,400.00,20.30,273.00
"2025-04-03 23:45:00",0.20,133.00,9.00,0.01,9,274.00,0.16,4143,436.00,19.30,273.00,0.00,9,274.00,0.70,2935,338.00,18.60,269.00,-0.20,9,274.00,0.70,4103,396.00,20.20,273.00
"2025-04-04 00:00:00",0.10,303.00,9.00,-0.04,9,274.00,0.17,4471,463.00,19.50,269.00,0.00,9,274.00,0.40,2621,310.00,18.10,269.00,0.10,9,274.00,0.40,5025,342.00,23.20,274.00
"2025-04-04 00:15:00",0.40,262.00,9.00,-0.06,9,276.00,0.13,4525,386.00,20.30,257.00,0.30,9,276.00,0.30,3000,301.00,18.70,255.00,0.30,9,276.00,0.40,4466,329.00,21.30,257.00
"2025-04-04 00:30:00",0.50,272.00,9.00,-0.02,9,274.00,0.14,3858,424.00,19.00,274.00,0.30,9,274.00,0.40,2698,279.00,19.40,274.00,0.40,9,274.00,0.40,4096,357.00,21.00,274.00
"2025-04-04 00:45:00",1.00,232.00,9.00,-0.10,9,275.00,0.12,4846,354.00,22.60,275.00,0.90,9,275.00,0.40,2809,307.00,18.90,275.00,0.20,9,275.00,0.70,3214,402.00,17.60,275.00
"2025-04-04 01:00:00",0.10,280.00,9.00,0.03,9,273.00,0.15,4225,366.00,21.00,273.00,0.10,9,273.00,0.50,2441,290.00,18.30,273.00,0.10,9,273.00,0.60,4295,379.00,20.90,273.00
"2025-04-04 01:15:00",0.50,84.00,9.00,0.08,9,276.00,0.14,4446,351.00,20.70,256.00,-0.40,9,276.00,0.60,2222,278.00,16.80,256.00,-0.40,9,276.00,0.50,4767,316.00,22.30,256.00
"2025-04-04 01:30:00",0.30,198.00,9.00,0.01,9,274.00,0.12,4666,356.00,22.30,274.00,0.20,9,274.00,0.60,3167,338.00,19.10,273.00,-0.10,9,274.00,0.60,4108,425.00,19.60,274.00
"2025-04-04 01:45:00",0.30,256.00,9.00,-0.02,9,273.00,0.13,4538,381.00,21.50,272.00,0.20,9,273.00,0.50,2851,335.00,18.30,272.00,0.20,9,273.00,0.50,4174,427.00,19.60,273.00
"2025-04-04 02:00:00",0.20,246.00,9.00,-0.01,9,274.00,0.16,5030,386.00,22.10,273.00,0.20,9,274.00,0.70,3162,369.00,18.30,274.00,0.10,9,274.00,0.60,4628,398.00,21.20,274.00
"2025-04-04 02:15:00",0.40,217.00,9.00,-0.07,9,275.00,0.15,4025,377.00,19.40,256.00,0.40,9,275.00,0.60,2908,332.00,17.70,254.00,0.00,9,275.00,0.70,4379,425.00,19.20,256.00
"2025-04-04 02:30:00",0.30,214.00,9.00,-0.06,9,274.00,0.18,4457,422.00,20.30,273.00,0.30,9,274.00,0.60,3291,354.00,19.00,274.00,0.00,9,274.00,0.60,5165,446.00,21.50,270.00
"2025-04-04 02:45:00",0.60,238.00,9.00,-0.06,9,273.00,0.16,4921,406.00,21.60,273.00,0.60,9,273.00,0.60,2774,322.00,18.40,271.00,0.20,9,273.00,0.50,5219,365.00,23.00,273.00
"2025-04-04 03:00:00",0.50,236.00,9.00,-0.06,9,274.00,0.14,4583,448.00,20.00,273.00,0.50,9,274.00,0.70,2481,367.00,16.50,273.00,0.20,9,274.00,0.40,5244,386.00,22.70,272.00
"2025-04-04 03:15:00",0.40,267.00,9.00,-0.03,9,275.00,0.15,4689,335.00,21.60,256.00,0.30,9,275.00,0.60,2790,309.00,17.90,256.00,0.30,9,275.00,0.30,5525,325.00,23.40,254.00
"2025-04-04 03:30:00",0.30,287.00,9.00,-0.09,9,274.00,0.14,5442,367.00,23.40,274.00,0.10,9,274.00,0.60,2851,350.00,18.00,274.00,0.30,9,274.00,0.40,5419,375.00,23.20,272.00
"2025-04-04 03:45:00",0.70,275.00,9.00,-0.07,9,273.00,0.13,5167,367.00,23.00,272.00,0.40,9,273.00,0.60,3300,364.00,18.90,273.00,0.60,9,273.00,0.30,5584,421.00,22.50,272.00
"2025-04-04 04:00:00",1.10,269.00,9.00,-0.12,9,274.00,0.11,4964,318.00,23.90,274.00,0.70,9,274.00,0.50,3120,314.00,19.70,274.00,0.80,9,274.00,0.50,5440,392.00,22.70,273.00
"2025-04-04 04:15:00",0.80,289.00,9.00,-0.04,9,275.00,0.10,4569,306.00,22.30,256.00,0.30,9,275.00,0.40,2230,295.00,16.70,254.00,0.70,9,275.00,0.40,4612,357.00,20.90,256.00
"2025-04-04 04:30:00",1.40,275.00,9.00,-0.10,9,274.00,0.14,5334,336.00,24.00,274.00,0.70,9,274.00,0.50,2589,296.00,18.50,274.00,1.10,9,274.00,0.30,4970,365.00,22.60,274.00
"2025-04-04 04:45:00",0.50,291.00,9.00,0.00,9,273.00,0.14,4991,362.00,22.70,273.00,0.20,9,273.00,0.30,2777,302.00,19.10,271.00,0.50,9,273.00,0.50,4586,364.00,21.70,273.00
"2025-04-04 05:00:00",0.90,282.00,9.00,-0.05,9,273.00,0.16,5144,374.00,22.80,273.00,0.40,9,273.00,0.40,2861,309.00,19.00,268.00,0.80,9,273.00,0.40,4924,351.00,22.90,273.00
"2025-04-04 05:15:00",0.50,280.00,9.00,-0.03,9,276.00,0.13,4621,388.00,20.40,252.00,0.20,9,276.00,0.70,3106,345.00,17.80,252.00,0.40,9,276.00,0.70,4458,434.00,19.40,251.00
"2025-04-04 05:30:00",0.20,248.00,9.00,0.03,9,273.00,0.13,4975,419.00,21.40,271.00,0.20,9,273.00,0.80,3284,387.00,18.30,270.00,0.10,9,273.00,0.80,4422,479.00,19.50,268.00
"2025-04-04 05:45:00",0.60,263.00,9.00,0.01,9,274.00,0.14,4651,444.00,20.40,273.00,0.40,9,274.00,0.80,3255,408.00,17.90,273.00,0.40,9,274.00,0.70,4170,471.00,19.10,269.00
"2025-04-04 06:00:00",0.60,148.00,9.00,0.07,9,273.00,0.21,4836,531.00,19.30,269.00,0.20,9,273.00,1.30,3673,526.00,16.90,270.00,-0.50,9,273.00,1.30,4619,641.00,17.70,268.00
"2025-04-04 06:15:00",0.50,177.00,9.00,0.08,9,275.00,0.20,4136,446.00,18.30,250.00,0.40,9,275.00,1.20,3238,453.00,16.20,255.00,-0.30,9,275.00,0.90,4300,523.00,17.50,249.00
"2025-04-04 06:30:00",0.30,237.00,9.00,-0.01,9,274.00,0.16,4523,416.00,20.60,270.00,0.30,9,274.00,0.80,2896,365.00,17.90,272.00,0.10,9,274.00,0.70,3997,450.00,18.90,271.00
"2025-04-04 06:45:00",0.10,258.00,9.00,-0.04,9,273.00,0.13,4469,387.00,21.10,268.00,0.10,9,273.00,0.80,2730,364.00,17.30,271.00,0.10,9,273.00,0.70,4336,443.00,19.80,273.00
"2025-04-04 07:00:00",0.20,208.00,9.00,-0.04,9,274.00,0.20,3749,416.00,18.80,274.00,0.20,9,274.00,0.90,2605,376.00,16.70,271.00,0.00,9,274.00,1.10,4027,561.00,17.40,269.00
"2025-04-04 07:15:00",0.20,261.00,9.00,-0.01,9,275.00,0.18,3645,379.00,18.60,253.00,0.20,9,275.00,1.00,2464,335.00,16.30,256.00,0.20,9,275.00,0.70,4003,437.00,18.30,251.00
"2025-04-04 07:30:00",0.20,247.00,9.00,-0.05,9,273.00,0.18,3600,403.00,18.90,273.00,0.20,9,273.00,0.80,2738,331.00,18.10,270.00,0.10,9,273.00,0.80,4346,456.00,19.80,268.00
"2025-04-04 07:45:00",0.60,201.00,9.00,-0.04,9,274.00,0.19,3732,435.00,18.60,273.00,0.50,9,274.00,1.00,2870,349.00,18.10,274.00,-0.20,9,274.00,0.80,4412,418.00,20.40,271.00
"2025-04-04 08:00:00",0.40,180.00,9.00,-0.05,9,273.00,0.20,3835,436.00,18.70,270.00,0.30,9,273.00,0.90,3175,369.00,18.50,273.00,-0.30,9,273.00,0.90,4332,463.00,19.50,273.00
"2025-04-04 08:15:00",0.30,188.00,9.00,-0.01,9,277.00,0.22,3270,416.00,16.90,253.00,0.20,9,277.00,1.10,2696,347.00,16.80,257.00,-0.10,9,277.00,0.80,3860,433.00,18.00,254.00
"2025-04-04 08:30:00",0.50,186.00,9.00,0.00,9,274.00,0.26,3418,482.00,17.00,271.00,0.40,9,274.00,1.20,2942,395.00,17.30,273.00,-0.20,9,274.00,0.80,4266,478.00,19.10,269.00
"2025-04-04 08:45:00",0.70,172.00,9.00,0.02,9,274.00,0.38,3691,537.00,16.70,273.00,0.50,9,274.00,1.50,3297,457.00,17.10,271.00,-0.50,9,274.00,1.10,4262,565.00,17.70,269.00
"2025-04-04 09:00:00",0.60,180.00,9.00,-0.01,9,274.00,0.29,3502,488.00,17.10,269.00,0.50,9,274.00,1.60,3106,457.00,16.60,271.00,-0.40,9,274.00,0.80,4272,547.00,17.90,270.00
"2025-04-04 09:15:00",0.60,150.00,9.00,0.03,9,276.00,0.29,3214,477.00,15.80,252.00,0.20,9,276.00,1.50,2811,419.00,15.60,255.00,-0.60,9,276.00,1.20,3793,536.00,16.20,251.00
"2025-04-04 09:30:00",0.80,169.00,9.00,0.02,9,274.00,0.31,3660,518.00,16.90,271.00,0.50,9,274.00,1.80,3143,465.00,16.70,273.00,-0.60,9,274.00,0.90,4035,562.00,17.30,269.00
"2025-04-04 09:45:00",0.90,159.00,9.00,0.11,9,274.00,0.32,3878,528.00,17.30,271.00,0.50,9,274.00,1.60,3286,483.00,16.90,269.00,-0.70,9,274.00,1.10,3973,546.00,17.40,270.00
"2025-04-04 10:00:00",0.80,139.00,9.00,0.24,2,276.00,0.41,3934,544.00,17.30,274.00,0.20,2,276.00,1.30,3676,465.00,17.90,276.00,-0.80,2,276.00,1.10,4030,491.00,18.20,276.00
"2025-04-04 10:15:00",0.60,134.00,9.00,0.00,2,278.00,0.31,3613,444.00,17.30,256.00,0.10,2,278.00,1.30,3304,417.00,17.10,254.00,-0.60,2,278.00,1.40,3456,515.00,15.80,253.00
"2025-04-04 10:30:00",0.80,111.00,9.00,0.07,2,276.00,0.31,3905,502.00,17.90,273.00,-0.20,2,276.00,1.00,3498,405.00,18.90,275.00,-0.80,2,276.00,1.10,3838,515.00,17.60,271.00
"2025-04-04 10:45:00",0.90,117.00,9.00,0.14,2,276.00,0.38,4015,557.00,17.30,271.00,-0.20,2,276.00,1.40,3692,460.00,18.20,274.00,-0.90,2,276.00,1.30,3886,566.00,16.90,271.00
"2025-04-04 11:00:00",1.00,93.00,9.00,0.07,2,277.00,0.24,3761,426.00,19.00,276.00,-0.60,2,277.00,0.80,3196,355.00,18.90,272.00,-0.80,2,277.00,1.00,3707,455.00,18.20,273.00
"2025-04-04 11:15:00",0.80,130.00,9.00,0.12,2,279.00,0.36,3755,530.00,16.40,256.00,0.00,2,279.00,1.30,3497,461.00,16.80,254.00,-0.80,2,279.00,1.50,3655,529.00,16.10,258.00
"2025-04-04 11:30:00",0.60,98.00,9.00,0.07,2,276.00,0.33,3729,462.00,18.40,271.00,-0.30,2,276.00,1.20,3181,390.00,18.20,271.00,-0.50,2,276.00,1.30,3570,448.00,18.10,275.00
