"2025-04-01 00:00:00",1.30,121.00,9.00,0.11,9,274.00,0.25,242,96.00,7.70,184.00,-0.20,9,274.00,1.30,160,86.00,5.20,67.00,-1.30,9,274.00,1.40,163,67.00,7.50,161.00
"2025-04-01 00:15:00",1.70,118.00,9.00,0.08,9,277.00,0.22,298,123.00,7.70,174.00,-0.30,9,277.00,1.40,198,101.00,5.40,65.00,-1.70,9,277.00,1.90,197,88.00,6.90,149.00
"2025-04-01 00:30:00",1.30,133.00,9.00,0.03,9,274.00,0.20,256,99.00,8.00,199.00,0.10,9,274.00,1.30,180,89.00,5.90,94.00,-1.30,9,274.00,1.40,167,68.00,7.70,189.00
"2025-04-01 00:45:00",1.80,124.00,9.00,0.05,9,274.00,0.21,278,101.00,8.50,206.00,-0.10,9,274.00,1.20,185,91.00,5.80,101.00,-1.80,9,274.00,1.70,177,72.00,7.60,178.00
"2025-04-01 01:00:00",2.00,116.00,9.00,0.14,9,275.00,0.22,290,112.00,8.00,192.00,-0.40,9,275.00,1.20,198,102.00,5.50,78.00,-2.00,9,275.00,1.70,194,81.00,7.40,172.00
"2025-04-01 01:15:00",2.10,120.00,9.00,0.09,9,276.00,0.27,290,132.00,6.50,138.00,-0.30,9,276.00,1.20,223,128.00,4.70,45.00,-2.10,2,276.00,2.10,190,100.00,5.40,83.00
"2025-04-01 01:30:00",1.80,118.00,0.00,0.04,9,274.00,0.24,318,145.00,6.70,142.00,-0.30,0,274.00,1.60,231,133.00,4.60,30.00,-1.80,9,274.00,2.30,207,108.00,5.60,79.00
"2025-04-01 01:45:00",0.70,137.00,0.00,0.05,9,275.00,0.27,282,127.00,6.70,149.00,0.10,0,275.00,2.30,193,118.00,4.20,19.00,-0.60,9,275.00,1.80,171,93.00,5.20,74.00
"2025-04-01 02:00:00",0.70,127.00,0.00,0.04,9,274.00,0.20,300,127.00,7.20,165.00,0.00,0,274.00,1.00,198,119.00,4.30,23.00,-0.70,9,274.00,1.50,170,95.00,4.90,54.00
"2025-04-01 02:15:00",0.90,156.00,0.00,0.05,9,277.00,0.20,285,126.00,6.80,150.00,0.40,0,277.00,1.30,195,119.00,4.20,19.00,-0.80,9,277.00,1.20,175,94.00,5.30,71.00
"2025-04-01 02:30:00",2.60,216.00,0.00,0.03,2,274.00,0.21,304,133.00,7.00,160.00,2.60,0,274.00,4.90,205,128.00,4.00,12.00,-0.10,2,274.00,0.90,184,102.00,5.00,50.00
"2025-04-01 02:45:00",0.50,84.00,0.00,0.04,9,274.00,0.22,278,128.00,6.60,135.00,-0.40,0,274.00,1.10,199,126.00,3.90,6.00,-0.40,9,274.00,0.70,180,98.00,5.40,75.00
"2025-04-01 03:00:00",0.40,161.00,0.00,0.06,9,275.00,0.26,285,121.00,7.50,180.00,0.20,0,275.00,1.90,171,98.00,4.60,35.00,-0.30,9,275.00,0.90,190,86.00,6.90,166.00
"2025-04-01 03:15:00",0.30,99.00,0.00,0.04,9,276.00,0.23,248,93.00,8.20,198.00,-0.10,0,276.00,1.30,141,82.00,4.60,35.00,-0.20,9,276.00,0.80,142,60.00,7.20,169.00
"2025-04-01 03:30:00",0.40,94.00,0.00,0.09,9,274.00,0.21,244,92.00,8.10,194.00,-0.20,0,274.00,0.70,136,79.00,4.60,26.00,-0.30,9,274.00,0.80,140,58.00,7.50,178.00
"2025-04-01 03:45:00",1.00,63.00,0.00,0.08,9,275.00,0.24,255,97.00,8.10,196.00,-0.90,0,275.00,1.50,142,84.00,4.40,21.00,-0.40,9,275.00,0.80,141,64.00,6.70,131.00
"2025-04-01 04:00:00",0.90,25.00,0.00,0.05,9,274.00,0.21,242,98.00,7.60,175.00,-0.90,0,274.00,0.70,144,86.00,4.40,18.00,0.20,9,274.00,0.70,141,66.00,6.50,130.00
"2025-04-01 04:15:00",0.30,205.00,9.00,-0.01,9,277.00,0.19,264,110.00,7.50,171.00,0.30,9,277.00,2.70,167,91.00,4.80,45.00,-0.10,9,277.00,1.00,155,80.00,5.60,85.00
"2025-04-01 04:30:00",1.00,246.00,0.00,-0.03,9,273.00,0.22,240,101.00,7.30,166.00,0.90,0,273.00,2.70,168,103.00,4.20,16.00,0.50,9,273.00,0.90,126,65.00,5.60,93.00
"2025-04-01 04:45:00",0.60,237.00,9.00,-0.06,9,273.00,0.14,304,92.00,10.10,230.00,0.50,9,273.00,0.90,147,83.00,4.80,45.00,0.20,9,273.00,0.80,128,63.00,6.00,98.00
"2025-04-01 05:00:00",0.30,257.00,0.00,-0.09,9,274.00,0.14,327,93.00,10.80,250.00,0.20,0,274.00,1.30,141,81.00,4.60,39.00,0.20,9,274.00,0.90,123,65.00,5.50,78.00
"2025-04-01 05:15:00",0.30,246.00,0.00,-0.08,9,275.00,0.19,272,99.00,8.50,195.00,0.30,0,275.00,0.90,154,87.00,4.80,29.00,0.20,9,275.00,0.80,169,70.00,6.80,122.00
"2025-04-01 05:30:00",2.60,223.00,9.00,-0.04,9,274.00,0.22,275,109.00,8.20,191.00,2.60,9,274.00,5.50,184,91.00,5.50,64.00,0.20,9,274.00,1.10,188,87.00,6.40,113.00
"2025-04-01 05:45:00",0.60,13.00,9.00,-0.01,9,273.00,0.22,285,114.00,7.90,171.00,-0.60,9,273.00,1.90,178,94.00,5.00,44.00,0.30,9,273.00,1.10,152,78.00,5.50,60.00
"2025-04-01 06:00:00",0.30,279.00,9.00,0.00,9,274.00,0.17,275,91.00,9.50,245.00,0.10,9,274.00,1.10,137,75.00,5.10,50.00,0.20,9,274.00,0.70,144,62.00,7.20,171.00
"2025-04-01 06:15:00",0.40,259.00,9.00,-0.05,9,275.00,0.19,268,93.00,8.90,215.00,0.30,9,275.00,1.10,153,83.00,4.90,51.00,0.20,9,275.00,1.00,134,63.00,6.40,134.00
"2025-04-01 06:30:00",0.00,112.00,9.00,0.01,9,273.00,0.20,251,90.00,8.60,211.00,0.00,9,273.00,1.10,139,74.00,5.30,66.00,0.00,9,273.00,0.80,145,58.00,7.80,192.00
"2025-04-01 06:45:00",0.40,52.00,9.00,0.04,9,274.00,0.19,334,114.00,9.80,235.00,-0.30,9,274.00,1.10,159,86.00,5.10,62.00,-0.10,9,274.00,0.70,185,78.00,7.70,190.00
"2025-04-01 07:00:00",1.10,69.00,9.00,0.17,9,273.00,0.54,380,137.00,9.00,213.00,-0.90,9,273.00,1.10,197,105.00,5.20,60.00,-0.60,9,273.00,1.70,220,94.00,7.40,177.00
"2025-04-01 07:15:00",0.80,79.00,0.00,0.06,9,276.00,0.18,331,95.00,10.20,226.00,-0.60,0,276.00,1.20,168,97.00,4.70,37.00,-0.50,9,276.00,0.90,144,60.00,7.20,165.00
"2025-04-01 07:30:00",0.70,253.00,9.00,0.09,9,274.00,0.23,319,100.00,9.70,224.00,0.50,9,274.00,1.50,182,101.00,5.00,53.00,0.40,9,274.00,1.20,161,63.00,8.00,189.00
"2025-04-01 07:45:00",0.10,353.00,9.00,0.00,9,274.00,0.22,269,97.00,8.50,198.00,-0.10,9,274.00,1.40,201,93.00,6.30,109.00,0.10,9,274.00,1.10,153,60.00,7.90,192.00
"2025-04-01 08:00:00",0.70,297.00,9.00,0.11,9,274.00,0.32,313,101.00,9.50,224.00,0.10,9,274.00,1.60,254,94.00,7.90,174.00,0.60,9,274.00,1.20,216,63.00,10.20,227.00
"2025-04-01 08:15:00",0.20,297.00,9.00,0.08,9,277.00,0.45,366,169.00,7.00,155.00,0.00,9,277.00,1.50,276,141.00,5.70,89.00,0.20,9,277.00,1.20,229,111.00,6.70,140.00
"2025-04-01 08:30:00",0.40,1.00,9.00,0.04,9,274.00,0.35,353,108.00,9.90,240.00,-0.30,9,274.00,1.80,305,110.00,8.40,199.00,0.20,9,274.00,1.40,268,71.00,10.90,243.00
"2025-04-01 08:45:00",0.80,333.00,9.00,0.30,9,274.00,0.41,327,119.00,8.30,205.00,-0.30,9,274.00,1.70,295,115.00,7.70,175.00,0.70,9,274.00,2.10,242,76.00,9.70,235.00
"2025-04-01 09:00:00",1.20,5.00,9.00,-0.09,9,274.00,0.27,295,108.00,8.50,212.00,-1.00,9,274.00,1.50,265,109.00,7.40,160.00,0.60,9,274.00,1.40,221,67.00,10.00,246.00
"2025-04-01 09:15:00",1.10,8.00,9.00,-0.08,9,277.00,0.26,315,115.00,8.20,177.00,-1.00,9,277.00,1.30,267,115.00,6.70,124.00,0.60,9,277.00,1.20,249,82.00,9.00,189.00
"2025-04-01 09:30:00",1.40,334.00,9.00,-0.01,9,273.00,0.50,455,167.00,8.90,197.00,-0.60,9,273.00,1.80,407,143.00,8.60,190.00,1.20,9,273.00,2.00,352,122.00,9.60,212.00
"2025-04-01 09:45:00",2.00,326.00,9.00,-0.06,9,274.00,0.49,350,113.00,9.40,220.00,-0.60,9,274.00,2.00,281,97.00,8.60,188.00,1.90,9,274.00,2.00,286,81.00,10.00,214.00
"2025-04-01 10:00:00",1.60,343.00,9.00,-0.02,2,274.00,0.41,313,106.00,9.10,223.00,-0.90,2,274.00,1.60,237,97.00,7.10,148.00,1.30,2,274.00,1.80,205,72.00,8.60,203.00
"2025-04-01 10:15:00",3.20,327.00,9.00,0.23,2,276.00,0.45,262,101.00,7.90,169.00,-1.10,2,276.00,3.10,186,88.00,6.10,93.00,3.00,2,276.00,4.00,171,70.00,7.20,151.00
"2025-04-01 10:30:00",2.80,271.00,9.00,-0.07,2,275.00,0.54,261,92.00,8.70,205.00,1.70,2,275.00,3.20,192,81.00,7.10,134.00,2.30,2,275.00,2.60,169,63.00,8.10,183.00
"2025-04-01 10:45:00",2.80,280.00,9.00,0.14,2,276.00,0.58,313,129.00,8.20,188.00,1.30,2,276.00,3.70,255,112.00,7.10,146.00,2.50,2,276.00,3.30,220,95.00,7.80,179.00
"2025-04-01 11:00:00",2.50,283.00,9.00,0.10,2,275.00,0.70,308,125.00,7.80,173.00,1.10,2,275.00,3.10,236,102.00,6.80,105.00,2.30,2,275.00,3.60,210,87.00,7.50,156.00
"2025-04-01 11:15:00",3.10,276.00,9.00,0.14,2,278.00,0.60,277,101.00,8.50,202.00,1.60,2,278.00,3.30,208,86.00,7.10,146.00,2.60,2,278.00,3.30,194,72.00,8.20,192.00
"2025-04-01 11:30:00",2.80,285.00,9.00,0.05,2,276.00,0.67,270,90.00,9.00,217.00,1.10,2,276.00,3.30,219,75.00,8.50,192.00,2.60,2,276.00,2.80,211,66.00,9.50,219.00
"2025-04-01 11:45:00",3.10,306.00,9.00,0.08,2,276.00,0.64,288,99.00,8.80,205.00,0.10,2,276.00,3.60,245,84.00,8.50,182.00,3.10,2,276.00,2.80,230,68.00,9.90,236.00
"2025-04-01 12:00:00",3.90,299.00,9.00,0.09,2,276.00,0.73,245,92.00,8.20,199.00,0.60,2,276.00,3.70,195,73.00,7.80,169.00,3.90,2,276.00,4.60,167,64.00,7.80,174.00
"2025-04-01 12:15:00",2.80,294.00,9.00,-0.07,2,278.00,0.49,279,129.00,6.70,141.00,0.70,2,278.00,3.90,214,104.00,6.20,118.00,2.70,2,278.00,3.90,205,100.00,6.10,126.00
"2025-04-01 12:30:00",2.30,279.00,9.00,-0.10,2,275.00,0.48,224,95.00,7.30,178.00,1.10,2,275.00,3.50,157,75.00,5.90,98.00,2.00,2,275.00,2.90,152,65.00,7.30,176.00
"2025-04-01 12:45:00",3.10,284.00,9.00,-0.04,2,276.00,0.43,239,106.00,7.10,162.00,1.30,2,276.00,3.00,190,98.00,5.80,108.00,2.80,2,276.00,3.50,190,88.00,6.90,162.00
"2025-04-01 13:00:00",1.70,261.00,9.00,0.04,2,276.00,0.37,248,105.00,7.50,180.00,1.20,2,276.00,2.70,177,88.00,6.20,119.00,1.10,2,276.00,2.10,161,67.00,7.70,198.00
"2025-04-01 13:15:00",2.20,288.00,9.00,0.03,2,278.00,0.48,234,101.00,7.10,154.00,0.70,2,278.00,3.80,174,82.00,6.30,127.00,2.00,2,278.00,3.00,158,69.00,7.10,145.00
"2025-04-01 13:30:00",3.00,288.00,9.00,-0.18,2,276.00,0.50,291,120.00,7.60,169.00,1.00,2,276.00,3.60,211,95.00,6.50,125.00,2.80,2,276.00,3.50,203,92.00,6.90,140.00
"2025-04-01 13:45:00",1.60,313.00,9.00,-0.14,2,275.00,0.36,226,90.00,7.90,194.00,-0.10,2,275.00,2.20,152,70.00,6.30,120.00,1.60,2,275.00,1.80,163,71.00,7.20,149.00
"2025-04-01 14:00:00",1.60,290.00,9.00,0.08,2,276.00,0.48,249,90.00,8.60,213.00,0.50,2,276.00,2.90,180,75.00,7.30,159.00,1.60,2,276.00,2.70,161,62.00,8.00,201.00
"2025-04-01 14:15:00",1.30,296.00,9.00,-0.06,2,278.00,0.36,222,96.00,7.10,145.00,0.30,2,278.00,3.00,167,78.00,6.20,102.00,1.20,2,278.00,2.10,159,67.00,7.40,153.00
"2025-04-01 14:30:00",2.70,287.00,9.00,0.09,2,276.00,0.35,203,86.00,7.20,159.00,1.00,2,276.00,3.40,152,74.00,5.90,101.00,2.50,2,276.00,4.10,136,61.00,6.90,129.00
"2025-04-01 14:45:00",3.00,281.00,9.00,-0.10,2,276.00,0.39,223,104.00,6.70,133.00,1.30,2,276.00,3.40,162,79.00,6.00,89.00,2.70,2,276.00,4.60,157,71.00,6.90,136.00
"2025-04-01 15:00:00",4.90,282.00,9.00,-0.12,2,276.00,0.73,231,98.00,7.30,154.00,2.10,2,276.00,4.50,186,82.00,6.80,121.00,4.40,2,276.00,4.90,168,69.00,7.40,147.00
"2025-04-01 15:15:00",3.70,282.00,9.00,-0.08,2,279.00,0.63,205,82.00,7.60,176.00,1.60,2,279.00,3.70,163,71.00,6.80,142.00,3.30,2,279.00,4.10,148,60.00,7.60,190.00
"2025-04-01 15:30:00",3.30,294.00,9.00,-0.10,2,276.00,0.63,212,86.00,7.60,174.00,0.80,2,276.00,3.70,178,78.00,6.90,138.00,3.20,2,276.00,4.00,148,62.00,7.40,165.00
"2025-04-01 15:45:00",3.20,292.00,9.00,-0.09,2,277.00,0.54,212,87.00,7.50,181.00,0.90,2,277.00,3.10,173,79.00,6.60,138.00,3.10,2,277.00,3.60,140,58.00,7.50,177.00
"2025-04-01 16:00:00",2.10,274.00,9.00,-0.03,2,276.00,0.38,205,90.00,7.00,153.00,1.20,2,276.00,3.20,152,84.00,5.10,61.00,1.70,2,276.00,3.70,136,64.00,6.50,130.00
"2025-04-01 16:15:00",1.80,292.00,9.00,-0.05,2,277.00,0.31,238,113.00,6.30,115.00,0.50,2,277.00,3.00,156,88.00,4.90,48.00,1.80,2,277.00,2.60,165,81.00,6.20,111.00
"2025-04-01 16:30:00",1.90,272.00,9.00,-0.01,2,276.00,0.30,207,87.00,7.10,160.00,1.10,2,276.00,3.60,138,72.00,5.50,83.00,1.60,2,276.00,2.80,127,62.00,6.10,106.00
"2025-04-01 16:45:00",1.30,303.00,9.00,-0.01,2,276.00,0.29,199,85.00,7.20,160.00,0.10,2,276.00,2.40,137,72.00,5.20,60.00,1.30,2,276.00,2.60,134,62.00,6.60,135.00
"2025-04-01 17:00:00",1.10,291.00,9.00,-0.02,2,276.00,0.25,223,93.00,7.50,168.00,0.30,2,276.00,2.10,158,79.00,5.40,72.00,1.10,2,276.00,2.10,140,65.00,6.50,125.00
"2025-04-01 17:15:00",1.10,274.00,9.00,0.00,2,277.00,0.32,215,98.00,6.70,141.00,0.60,2,277.00,3.50,159,86.00,4.90,45.00,0.90,2,277.00,2.60,142,70.00,6.00,104.00
"2025-04-01 17:30:00",1.10,272.00,9.00,-0.05,2,276.00,0.29,220,87.00,7.80,187.00,0.70,2,276.00,1.70,129,71.00,5.00,57.00,0.90,2,276.00,1.50,126,58.00,6.50,127.00
"2025-04-01 17:45:00",1.30,242.00,9.00,0.00,2,276.00,0.27,253,108.00,7.50,165.00,1.20,2,276.00,2.10,168,92.00,5.10,56.00,0.50,2,276.00,1.70,163,78.00,6.40,123.00
"2025-04-01 18:00:00",0.80,244.00,9.00,-0.01,9,276.00,0.25,225,91.00,7.60,173.00,0.70,9,276.00,1.40,138,77.00,4.80,43.00,0.30,9,276.00,1.30,160,73.00,6.70,147.00
"2025-04-01 18:15:00",0.80,242.00,9.00,0.04,9,277.00,0.23,227,87.00,8.00,189.00,0.70,9,277.00,1.50,141,77.00,5.00,46.00,0.30,9,277.00,1.00,135,59.00,7.00,136.00
"2025-04-01 18:30:00",1.00,247.00,9.00,0.03,9,274.00,0.25,287,120.00,8.10,185.00,0.80,9,274.00,1.90,174,96.00,5.00,48.00,0.50,9,274.00,1.40,192,91.00,7.00,141.00
"2025-04-01 18:45:00",0.40,311.00,0.00,0.03,9,274.00,0.24,234,93.00,7.70,180.00,0.00,0,274.00,1.40,142,82.00,4.60,36.00,0.40,9,274.00,1.10,138,62.00,6.80,139.00
"2025-04-01 19:00:00",0.60,326.00,0.00,0.02,9,274.00,0.25,239,91.00,8.10,194.00,-0.20,0,274.00,1.80,147,86.00,4.60,22.00,0.60,9,274.00,1.10,136,59.00,7.20,156.00
"2025-04-01 19:15:00",1.00,225.00,9.00,0.03,9,276.00,0.27,265,117.00,7.00,148.00,1.00,9,276.00,1.70,173,97.00,4.70,43.00,0.10,9,276.00,1.20,179,87.00,6.20,129.00
"2025-04-01 19:30:00",1.30,235.00,0.00,0.03,9,274.00,0.22,262,102.00,7.90,194.00,1.20,0,274.00,1.80,160,93.00,4.60,39.00,0.40,9,274.00,1.20,153,68.00,7.00,159.00
"2025-04-01 19:45:00",1.10,250.00,9.00,0.02,9,274.00,0.26,250,87.00,8.80,219.00,0.90,9,274.00,1.30,151,83.00,5.10,58.00,0.60,9,274.00,1.10,138,55.00,7.80,194.00
"2025-04-01 20:00:00",0.80,260.00,9.00,-0.01,9,274.00,0.23,249,92.00,8.40,205.00,0.60,9,274.00,2.00,160,89.00,5.00,68.00,0.50,9,274.00,1.20,146,58.00,7.80,198.00
"2025-04-01 20:15:00",0.80,245.00,0.00,0.03,9,276.00,0.29,243,93.00,8.00,194.00,0.70,0,276.00,2.00,160,93.00,4.60,39.00,0.40,9,276.00,1.00,139,59.00,7.20,160.00
"2025-04-01 20:30:00",0.20,292.00,0.00,0.07,9,274.00,0.25,243,98.00,7.70,185.00,0.00,0,274.00,1.80,158,91.00,4.70,41.00,0.20,9,274.00,1.10,150,63.00,7.30,171.00
"2025-04-01 20:45:00",0.20,277.00,9.00,0.07,9,274.00,0.28,352,150.00,7.90,177.00,0.10,9,274.00,1.40,225,120.00,5.20,59.00,0.20,9,274.00,1.00,234,113.00,6.70,141.00
"2025-04-01 21:00:00",0.70,297.00,9.00,0.00,9,273.00,0.25,245,93.00,8.30,195.00,0.10,9,273.00,2.30,156,79.00,5.90,106.00,0.70,9,273.00,1.80,162,76.00,6.70,132.00
"2025-04-01 21:15:00",1.40,257.00,9.00,0.01,9,277.00,0.28,242,94.00,7.90,187.00,1.10,9,277.00,1.80,155,82.00,5.40,83.00,0.90,9,277.00,1.70,170,84.00,6.20,115.00
"2025-04-01 21:30:00",3.40,278.00,9.00,-0.02,9,274.00,0.34,298,115.00,8.60,207.00,1.70,9,274.00,2.10,209,100.00,6.70,136.00,3.00,2,274.00,3.00,210,102.00,6.70,144.00
"2025-04-01 21:45:00",3.40,273.00,9.00,-0.02,9,274.00,0.32,268,91.00,9.10,229.00,1.90,9,274.00,2.70,179,75.00,7.20,165.00,2.80,2,274.00,3.10,170,69.00,7.60,188.00
"2025-04-01 22:00:00",2.30,276.00,9.00,0.04,9,273.00,0.29,313,116.00,9.10,220.00,1.20,9,273.00,2.60,198,88.00,7.00,148.00,2.00,9,273.00,2.50,200,86.00,7.60,187.00
"2025-04-01 22:15:00",2.70,274.00,9.00,0.03,9,277.00,0.23,322,140.00,7.30,130.00,1.50,9,277.00,2.80,217,108.00,5.90,71.00,2.20,9,277.00,2.70,214,101.00,6.60,91.00
"2025-04-01 22:30:00",1.80,270.00,9.00,-0.01,9,273.00,0.25,280,98.00,8.80,185.00,1.10,9,273.00,2.10,185,95.00,5.60,53.00,1.40,9,273.00,1.60,170,66.00,7.90,149.00
"2025-04-01 22:45:00",1.80,270.00,9.00,0.02,9,275.00,0.27,286,95.00,9.20,195.00,1.10,9,275.00,2.20,192,88.00,6.40,88.00,1.40,9,275.00,1.70,177,64.00,8.60,189.00
"2025-04-01 23:00:00",2.50,266.00,9.00,-0.06,9,274.00,0.29,293,102.00,8.80,195.00,1.70,9,274.00,2.20,216,106.00,5.90,66.00,1.90,9,274.00,1.60,176,64.00,8.40,170.00
"2025-04-01 23:15:00",1.30,284.00,9.00,-0.04,9,276.00,0.29,263,99.00,8.10,196.00,0.50,9,276.00,2.30,181,97.00,5.20,66.00,1.20,9,276.00,1.50,157,62.00,7.80,181.00
"2025-04-01 23:30:00",1.90,292.00,9.00,-0.04,9,273.00,0.34,361,155.00,7.80,174.00,0.50,9,273.00,2.50,249,128.00,5.60,81.00,1.80,9,273.00,2.00,249,110.00,7.70,175.00
"2025-04-01 23:45:00",0.90,293.00,9.00,0.01,9,274.00,0.32,260,94.00,8.50,212.00,0.20,9,274.00,2.30,165,83.00,5.70,94.00,0.90,9,274.00,1.80,155,61.00,7.90,197.00
"2025-04-02 00:00:00",1.00,262.00,9.00,0.00,9,274.00,0.30,333,145.00,7.70,171.00,0.80,9,274.00,2.80,197,105.00,5.30,67.00,0.70,9,274.00,1.90,214,103.00,6.60,134.00
"2025-04-02 00:15:00",1.70,269.00,9.00,-0.03,9,277.00,0.26,246,91.00,8.20,208.00,1.10,9,277.00,1.60,153,80.00,5.40,85.00,1.30,9,277.00,1.90,145,62.00,7.20,169.00
"2025-04-02 00:30:00",1.90,268.00,9.00,-0.03,9,274.00,0.29,257,89.00,8.90,225.00,1.20,9,274.00,1.70,157,78.00,5.90,112.00,1.40,9,274.00,1.60,147,58.00,7.80,191.00
"2025-04-02 00:45:00",1.80,243.00,9.00,0.02,9,274.00,0.30,312,132.00,7.70,176.00,1.60,9,274.00,2.50,186,99.00,5.30,76.00,0.80,9,274.00,1.60,205,97.00,6.70,146.00
"2025-04-02 01:00:00",1.20,268.00,9.00,-0.02,9,275.00,0.25,240,87.00,8.60,216.00,0.80,9,275.00,1.60,140,69.00,6.00,111.00,0.90,9,275.00,1.30,150,63.00,7.40,170.00
"2025-04-02 01:15:00",1.20,284.00,0.00,-0.02,9,276.00,0.27,544,321.00,5.70,90.00,0.50,0,276.00,1.70,472,301.00,4.40,35.00,1.10,9,276.00,1.20,560,353.00,4.80,47.00
"2025-04-02 01:30:00",0.40,292.00,0.00,-0.07,9,274.00,0.27,403,218.00,6.00,97.00,0.10,0,274.00,2.80,331,204.00,4.40,37.00,0.40,9,274.00,1.20,388,237.00,4.80,48.00
"2025-04-02 01:45:00",2.60,281.00,9.00,-0.06,9,274.00,0.31,443,241.00,6.20,110.00,1.20,9,274.00,1.60,386,233.00,4.80,47.00,2.30,9,274.00,2.60,439,274.00,4.70,48.00
"2025-04-02 02:00:00",1.20,249.00,9.00,-0.01,9,274.00,0.44,318,122.00,8.60,202.00,1.00,9,274.00,1.50,187,95.00,6.00,106.00,0.60,9,274.00,1.30,204,93.00,7.00,154.00
"2025-04-02 02:15:00",3.20,246.00,9.00,-0.02,9,277.00,0.30,282,92.00,9.40,231.00,2.90,2,277.00,2.40,189,75.00,7.60,178.00,1.50,9,277.00,2.00,179,69.00,8.10,191.00
"2025-04-02 02:30:00",3.30,261.00,9.00,-0.08,9,274.00,0.37,314,102.00,9.80,242.00,2.40,9,274.00,2.50,220,88.00,7.90,188.00,2.30,9,274.00,2.30,235,93.00,8.60,214.00
"2025-04-02 02:45:00",2.50,256.00,9.00,-0.04,9,274.00,0.32,398,186.00,8.10,162.00,1.90,9,274.00,2.10,328,174.00,6.60,126.00,1.50,9,274.00,1.90,373,198.00,7.20,143.00
"2025-04-02 03:00:00",3.00,260.00,0.00,0.00,9,275.00,0.39,538,317.00,4.90,54.00,2.20,0,275.00,3.70,484,308.00,3.90,11.00,2.00,0,275.00,3.70,547,347.00,4.00,14.00
"2025-04-02 03:15:00",2.50,264.00,9.00,-0.04,9,277.00,0.28,407,205.00,6.70,137.00,1.80,9,277.00,1.60,326,196.00,4.80,53.00,1.80,9,277.00,1.80,379,224.00,5.10,60.00
"2025-04-02 03:30:00",1.90,270.00,9.00,-0.08,9,274.00,0.28,342,143.00,8.00,180.00,1.20,9,274.00,1.50,257,132.00,6.10,104.00,1.50,9,274.00,1.80,265,140.00,6.20,116.00
"2025-04-02 03:45:00",1.50,233.00,9.00,-0.06,9,275.00,0.26,333,95.00,10.70,253.00,1.50,9,275.00,1.50,220,80.00,8.40,208.00,0.40,9,275.00,1.20,197,71.00,8.80,217.00
"2025-04-02 04:00:00",1.80,239.00,9.00,0.01,9,274.00,0.32,326,99.00,10.00,250.00,1.70,9,274.00,1.70,241,85.00,8.60,209.00,0.70,9,274.00,1.40,228,68.00,10.10,252.00
"2025-04-02 04:15:00",2.30,259.00,9.00,-0.01,9,276.00,0.29,314,94.00,10.00,234.00,1.80,9,276.00,1.60,211,85.00,7.40,164.00,1.60,9,276.00,1.50,204,67.00,9.10,226.00
"2025-04-02 04:30:00",2.80,240.00,9.00,0.05,9,274.00,0.24,366,109.00,10.20,250.00,2.60,2,274.00,2.10,256,102.00,7.50,172.00,1.00,9,274.00,1.30,238,79.00,9.20,226.00
"2025-04-02 04:45:00",2.30,241.00,9.00,0.15,9,274.00,0.25,421,132.00,9.90,240.00,2.10,9,274.00,1.60,284,123.00,6.80,133.00,0.90,9,274.00,1.50,316,98.00,9.90,239.00
"2025-04-02 05:00:00",2.20,243.00,9.00,0.17,9,273.00,0.30,377,120.00,9.60,246.00,2.00,9,273.00,1.60,305,122.00,7.50,165.00,0.90,9,273.00,1.30,298,88.00,10.10,240.00
"2025-04-02 05:15:00",2.30,250.00,9.00,0.11,9,276.00,0.26,337,114.00,8.90,210.00,2.00,9,276.00,1.60,246,119.00,5.90,95.00,1.20,9,276.00,1.70,226,84.00,8.30,195.00
"2025-04-02 05:30:00",0.70,264.00,9.00,0.14,9,273.00,0.30,340,120.00,8.70,206.00,0.50,9,273.00,1.00,278,125.00,6.30,105.00,0.50,9,273.00,1.30,263,90.00,8.80,201.00
"2025-04-02 05:45:00",0.20,292.00,9.00,0.11,9,274.00,0.27,327,124.00,8.00,168.00,0.10,9,274.00,1.20,240,125.00,5.30,63.00,0.20,9,274.00,1.10,226,93.00,7.60,166.00
"2025-04-02 06:00:00",2.20,246.00,9.00,0.14,9,273.00,0.27,339,130.00,8.30,196.00,2.00,9,273.00,1.80,299,136.00,6.50,116.00,1.10,9,273.00,1.10,250,98.00,8.00,188.00
"2025-04-02 06:15:00",2.20,253.00,9.00,0.19,9,276.00,0.29,375,122.00,9.30,211.00,1.80,9,276.00,1.20,299,109.00,8.10,168.00,1.30,9,276.00,1.30,259,90.00,8.60,191.00
"2025-04-02 06:30:00",2.50,247.00,9.00,0.18,9,273.00,0.31,450,123.00,10.80,250.00,2.20,9,273.00,1.50,377,123.00,9.10,203.00,1.20,9,273.00,1.40,379,95.00,11.40,251.00
"2025-04-02 06:45:00",0.90,284.00,9.00,0.14,9,273.00,0.31,435,124.00,10.60,247.00,0.40,9,273.00,1.80,324,119.00,8.30,194.00,0.80,9,273.00,1.40,364,95.00,11.30,247.00
"2025-04-02 07:00:00",1.10,13.00,9.00,0.15,9,274.00,0.36,413,128.00,9.90,232.00,-1.00,9,274.00,1.60,377,124.00,9.30,217.00,0.50,9,274.00,1.60,318,103.00,9.70,216.00
"2025-04-02 07:15:00",1.20,359.00,9.00,0.08,9,275.00,0.29,315,108.00,9.00,204.00,-0.90,9,275.00,1.60,258,95.00,8.30,187.00,0.80,9,275.00,1.40,274,84.00,9.80,218.00
"2025-04-02 07:30:00",1.20,308.00,0.00,-0.02,9,274.00,0.24,415,231.00,5.40,73.00,0.00,0,274.00,1.00,342,210.00,4.40,23.00,1.20,0,274.00,2.10,397,241.00,4.50,28.00
"2025-04-02 07:45:00",0.70,243.00,9.00,0.01,9,275.00,0.23,307,102.00,9.40,226.00,0.70,9,275.00,1.10,191,88.00,6.60,129.00,0.30,9,275.00,0.90,205,81.00,8.00,181.00
"2025-04-02 08:00:00",0.10,234.00,9.00,0.01,9,274.00,0.21,278,102.00,8.60,207.00,0.10,9,274.00,0.90,193,93.00,6.00,81.00,0.00,9,274.00,0.80,188,72.00,8.30,178.00
"2025-04-02 08:15:00",0.50,218.00,9.00,-0.03,9,275.00,0.22,352,115.00,9.40,211.00,0.50,9,275.00,1.10,247,99.00,7.60,162.00,0.00,9,275.00,1.10,264,80.00,9.90,210.00
"2025-04-02 08:30:00",0.40,264.00,9.00,0.08,9,275.00,0.28,340,103.00,9.90,236.00,0.30,9,275.00,1.20,246,86.00,8.30,177.00,0.30,9,275.00,1.10,257,73.00,10.70,238.00
"2025-04-02 08:45:00",0.70,139.00,9.00,0.03,9,274.00,0.32,430,183.00,7.90,153.00,0.10,9,274.00,1.30,314,126.00,7.30,119.00,-0.70,9,274.00,1.20,300,117.00,8.60,187.00
"2025-04-02 09:00:00",0.10,139.00,9.00,-0.07,9,274.00,0.38,406,132.00,9.50,217.00,0.00,9,274.00,1.60,364,113.00,9.60,205.00,-0.10,9,274.00,1.60,329,102.00,10.30,221.00
"2025-04-02 09:15:00",0.80,31.00,9.00,-0.07,9,276.00,0.41,385,197.00,6.20,100.00,-0.80,9,276.00,3.00,299,174.00,5.10,53.00,0.10,9,276.00,1.10,334,189.00,5.60,69.00
"2025-04-02 09:30:00",3.00,254.00,0.00,-0.03,0,274.00,0.24,524,318.00,4.60,26.00,2.40,0,274.00,3.20,500,319.00,3.90,2.00,1.70,0,274.00,0.00,571,369.00,3.80,1.00
"2025-04-02 09:45:00",4.60,245.00,9.00,-0.14,9,274.00,0.33,306,136.00,7.70,166.00,4.10,2,274.00,2.60,251,125.00,6.30,93.00,2.10,9,274.00,2.00,254,120.00,7.50,155.00
"2025-04-02 10:00:00",2.50,238.00,9.00,-0.07,2,274.00,0.27,297,128.00,7.60,158.00,2.30,2,274.00,2.90,207,108.00,5.70,83.00,0.80,2,274.00,1.40,199,91.00,7.40,146.00
"2025-04-02 10:15:00",0.20,185.00,0.00,0.03,9,276.00,0.25,272,126.00,6.70,98.00,0.20,0,276.00,1.60,174,102.00,4.50,16.00,-0.10,9,276.00,0.80,172,81.00,6.60,89.00
"2025-04-02 10:30:00",0.60,263.00,0.00,-0.05,2,274.00,0.24,231,89.00,8.10,169.00,0.40,0,274.00,1.30,154,80.00,5.10,35.00,0.40,2,274.00,0.90,155,61.00,7.90,162.00
"2025-04-02 10:45:00",0.30,345.00,0.00,-0.03,9,275.00,0.24,220,90.00,7.70,155.00,-0.20,0,275.00,1.40,141,78.00,5.00,28.00,0.30,9,275.00,1.10,150,62.00,7.60,153.00
"2025-04-02 11:00:00",1.80,252.00,0.00,0.04,2,274.00,0.25,224,94.00,7.30,126.00,1.50,0,274.00,2.70,148,79.00,5.20,40.00,1.00,2,274.00,2.30,146,64.00,7.10,122.00
"2025-04-02 11:15:00",1.60,256.00,0.00,0.20,2,276.00,0.63,233,115.00,6.00,109.00,1.30,0,276.00,4.40,220,127.00,4.70,41.00,1.00,2,276.00,4.10,175,88.00,5.90,105.00
"2025-04-02 11:30:00",1.30,341.00,0.00,-0.01,2,274.00,0.43,316,159.00,5.90,101.00,-0.70,0,274.00,6.90,244,147.00,4.30,19.00,1.10,2,274.00,2.50,235,125.00,5.40,71.00
"2025-04-02 11:45:00",1.60,269.00,9.00,0.20,2,275.00,0.53,243,109.00,6.70,140.00,1.00,2,275.00,3.30,203,110.00,5.10,55.00,1.30,2,275.00,2.40,177,81.00,6.50,133.00
"2025-04-02 12:00:00",2.60,275.00,9.00,0.66,2,275.00,0.84,255,97.00,8.00,200.00,1.40,2,275.00,3.40,245,94.00,7.70,170.00,2.20,2,275.00,3.90,187,70.00,8.10,195.00
"2025-04-02 12:15:00",1.70,312.00,9.00,0.05,2,278.00,0.55,189,82.00,6.90,141.00,-0.10,2,278.00,2.50,128,65.00,5.60,83.00,1.70,2,278.00,3.30,129,54.00,7.10,155.00
"2025-04-02 12:30:00",1.30,291.00,9.00,0.06,2,276.00,0.31,238,116.00,6.90,159.00,0.40,2,276.00,2.20,199,105.00,5.70,75.00,1.20,2,276.00,2.10,216,113.00,6.80,132.00
"2025-04-02 12:45:00",1.40,275.00,9.00,0.03,2,276.00,0.33,345,159.00,7.40,152.00,0.80,2,276.00,1.80,212,110.00,5.50,73.00,1.20,2,276.00,1.80,224,107.00,6.80,134.00
"2025-04-02 13:00:00",1.50,304.00,9.00,-0.01,2,274.00,0.30,260,128.00,6.40,122.00,0.10,2,274.00,2.00,192,111.00,4.90,54.00,1.50,2,274.00,2.20,223,126.00,5.70,87.00
"2025-04-02 13:15:00",1.60,279.00,9.00,-0.01,2,276.00,0.26,211,88.00,7.00,151.00,0.80,2,276.00,2.10,138,70.00,5.20,59.00,1.40,2,276.00,2.30,139,64.00,6.60,140.00
"2025-04-02 13:30:00",2.30,280.00,9.00,0.11,2,276.00,0.52,258,119.00,7.10,154.00,1.10,2,276.00,3.80,230,114.00,6.40,107.00,2.10,2,276.00,3.10,222,114.00,6.50,133.00
"2025-04-02 13:45:00",2.00,247.00,9.00,-0.11,2,276.00,0.31,302,136.00,8.00,168.00,1.80,2,276.00,1.60,243,124.00,6.50,112.00,1.00,2,276.00,1.10,258,131.00,7.00,128.00
"2025-04-02 14:00:00",1.80,247.00,9.00,0.02,2,274.00,0.37,272,104.00,8.40,192.00,1.60,2,274.00,1.90,211,83.00,7.80,160.00,0.90,2,274.00,1.20,183,73.00,8.30,192.00
"2025-04-02 14:15:00",1.10,286.00,0.00,0.06,2,276.00,0.35,285,139.00,6.30,77.00,0.40,0,276.00,1.50,192,103.00,5.40,39.00,1.00,2,276.00,1.70,190,95.00,6.20,85.00
"2025-04-02 14:30:00",1.20,285.00,9.00,-0.09,2,276.00,0.27,213,102.00,6.30,94.00,0.50,2,276.00,1.60,149,79.00,5.30,47.00,1.10,2,276.00,1.80,137,62.00,6.60,102.00
"2025-04-02 14:45:00",1.10,280.00,0.00,0.01,0,276.00,0.36,235,134.00,5.00,31.00,0.50,0,276.00,2.90,148,85.00,4.70,17.00,0.90,2,276.00,1.40,150,78.00,5.70,52.00
"2025-04-02 15:00:00",3.00,285.00,0.00,0.00,0,275.00,0.30,271,151.00,4.90,25.00,1.20,2,275.00,2.90,209,107.00,5.60,59.00,2.70,2,275.00,3.40,181,84.00,6.30,77.00
"2025-04-02 15:15:00",2.80,290.00,9.00,-0.22,2,278.00,0.41,253,138.00,5.20,51.00,0.90,2,278.00,4.00,173,93.00,5.10,50.00,2.70,2,278.00,3.30,152,76.00,5.90,84.00
"2025-04-02 15:30:00",3.80,288.00,9.00,-0.04,2,276.00,0.95,239,117.00,6.10,97.00,1.30,2,276.00,3.80,179,90.00,5.60,69.00,3.60,2,276.00,4.30,186,91.00,6.20,103.00
"2025-04-02 15:45:00",2.60,288.00,9.00,0.03,2,276.00,0.37,197,86.00,7.00,145.00,0.90,2,276.00,3.90,139,69.00,5.90,85.00,2.40,2,276.00,4.20,133,59.00,7.00,152.00
"2025-04-02 16:00:00",3.10,261.00,9.00,-0.02,2,275.00,0.43,219,83.00,8.10,190.00,2.30,2,275.00,4.60,155,66.00,6.90,136.00,2.10,2,275.00,3.40,164,57.00,8.80,210.00
"2025-04-02 16:15:00",1.40,235.00,9.00,-0.06,2,278.00,0.32,192,74.00,8.00,187.00,1.40,2,278.00,2.30,134,60.00,6.50,128.00,0.40,2,278.00,1.50,122,49.00,7.80,185.00
"2025-04-02 16:30:00",1.80,260.00,9.00,0.04,2,276.00,0.35,212,82.00,8.00,186.00,1.30,2,276.00,2.50,138,65.00,6.20,99.00,1.20,2,276.00,2.70,130,54.00,7.30,162.00
"2025-04-02 16:45:00",1.30,303.00,9.00,-0.02,2,275.00,0.26,206,91.00,7.00,144.00,0.10,2,275.00,2.30,147,77.00,5.40,73.00,1.20,2,275.00,2.30,141,67.00,6.50,115.00
"2025-04-02 17:00:00",1.60,264.00,9.00,-0.03,2,276.00,0.45,190,80.00,7.30,161.00,1.10,2,276.00,3.80,127,63.00,5.80,90.00,1.10,2,276.00,2.00,132,55.00,7.30,155.00
"2025-04-02 17:15:00",0.80,262.00,9.00,0.05,2,278.00,0.25,196,83.00,7.20,152.00,0.60,2,278.00,1.70,125,68.00,5.10,63.00,0.50,2,278.00,1.50,117,54.00,6.60,141.00
"2025-04-02 17:30:00",0.70,249.00,0.00,0.02,9,274.00,0.25,186,79.00,7.20,154.00,0.60,0,274.00,2.20,128,69.00,4.80,40.00,0.40,9,274.00,1.10,114,55.00,6.20,108.00
"2025-04-02 17:45:00",0.60,282.00,9.00,0.07,9,274.00,0.23,207,80.00,8.00,190.00,0.30,9,274.00,1.70,123,69.00,4.80,45.00,0.60,9,274.00,1.20,123,55.00,6.70,135.00
"2025-04-02 18:00:00",0.50,230.00,0.00,0.09,9,274.00,0.24,201,78.00,7.80,182.00,0.50,0,274.00,1.60,122,72.00,4.40,24.00,0.10,9,274.00,1.00,115,51.00,6.80,143.00
"2025-04-02 18:15:00",0.60,46.00,0.00,0.12,9,276.00,0.26,225,102.00,6.70,130.00,-0.60,0,276.00,1.80,153,90.00,4.30,20.00,-0.10,9,276.00,1.10,142,73.00,5.90,90.00
"2025-04-02 18:30:00",0.10,253.00,0.00,0.09,9,274.00,0.21,215,87.00,7.50,162.00,0.10,0,274.00,0.90,134,83.00,4.10,14.00,0.00,9,274.00,0.80,125,56.00,6.80,140.00
"2025-04-02 18:45:00",1.10,228.00,0.00,0.07,9,274.00,0.24,278,137.00,6.70,121.00,1.10,0,274.00,1.70,220,137.00,4.40,26.00,0.20,9,274.00,1.00,241,139.00,5.70,88.00
"2025-04-02 19:00:00",1.30,234.00,9.00,0.06,9,274.00,0.29,251,88.00,8.80,217.00,1.30,9,274.00,1.50,143,76.00,5.40,72.00,0.40,9,274.00,1.10,144,57.00,7.80,182.00
"2025-04-02 19:15:00",1.10,233.00,9.00,0.08,9,276.00,0.25,254,82.00,9.30,217.00,1.00,9,276.00,1.40,141,76.00,5.40,82.00,0.30,9,276.00,1.00,141,55.00,7.80,190.00
"2025-04-02 19:30:00",1.50,243.00,9.00,-0.01,9,274.00,0.30,262,87.00,9.20,228.00,1.40,9,274.00,1.50,150,64.00,7.00,149.00,0.60,9,274.00,1.20,157,56.00,8.70,221.00
"2025-04-02 19:45:00",3.00,235.00,9.00,0.04,9,274.00,0.30,357,129.00,8.80,217.00,2.90,2,274.00,3.20,220,91.00,7.00,158.00,0.90,9,274.00,1.50,220,85.00,8.50,208.00
"2025-04-02 20:00:00",3.30,243.00,9.00,0.05,9,274.00,0.29,334,116.00,8.90,223.00,3.00,2,274.00,2.20,184,80.00,6.80,147.00,1.40,9,274.00,1.80,178,68.00,8.10,200.00
"2025-04-02 20:15:00",2.70,234.00,9.00,0.00,9,276.00,0.22,282,85.00,9.80,228.00,2.60,9,276.00,2.10,136,66.00,6.00,108.00,0.80,9,276.00,1.30,140,54.00,8.00,203.00
"2025-04-02 20:30:00",3.50,238.00,9.00,-0.05,9,274.00,0.29,367,178.00,7.30,143.00,3.30,2,274.00,2.20,283,162.00,5.50,80.00,1.20,9,274.00,1.50,323,182.00,6.10,104.00
"2025-04-02 20:45:00",3.40,242.00,9.00,0.01,9,273.00,0.26,297,92.00,9.80,237.00,3.10,2,273.00,1.80,199,73.00,8.20,190.00,1.40,9,273.00,1.50,190,61.00,9.40,236.00
"2025-04-02 21:00:00",3.10,248.00,9.00,0.01,9,275.00,0.26,299,93.00,9.70,240.00,2.70,2,275.00,1.90,187,73.00,7.50,168.00,1.60,9,275.00,1.70,176,61.00,8.80,218.00
"2025-04-02 21:15:00",3.20,238.00,9.00,0.00,9,276.00,0.30,308,100.00,9.50,227.00,3.00,2,276.00,2.50,207,80.00,7.70,161.00,1.10,9,276.00,1.70,195,70.00,8.50,204.00
"2025-04-02 21:30:00",3.30,239.00,9.00,0.02,9,274.00,0.36,349,140.00,7.80,203.00,3.10,2,274.00,2.30,235,110.00,6.30,130.00,1.20,9,274.00,1.90,214,93.00,7.20,158.00
"2025-04-02 21:45:00",3.00,245.00,9.00,0.10,9,274.00,0.25,341,106.00,9.80,242.00,2.70,2,274.00,1.80,196,92.00,6.20,123.00,1.40,9,274.00,1.70,183,66.00,8.60,221.00
"2025-04-02 22:00:00",3.10,245.00,9.00,0.08,9,274.00,0.22,376,103.00,10.70,246.00,2.70,2,274.00,1.90,216,98.00,6.50,131.00,1.40,9,274.00,1.50,214,70.00,9.30,231.00
"2025-04-02 22:15:00",2.40,253.00,9.00,0.02,9,276.00,0.24,332,89.00,10.80,245.00,2.00,9,276.00,1.50,172,77.00,6.70,140.00,1.40,9,276.00,1.40,169,62.00,8.30,208.00
"2025-04-02 22:30:00",1.40,249.00,9.00,0.06,9,273.00,0.23,324,103.00,9.50,230.00,1.20,9,273.00,1.40,184,91.00,5.90,102.00,0.70,9,273.00,1.10,188,75.00,7.90,190.00
"2025-04-02 22:45:00",1.70,267.00,0.00,0.03,9,274.00,0.29,413,216.00,6.20,101.00,1.10,9,274.00,1.70,333,194.00,4.90,46.00,1.30,0,274.00,1.90,377,231.00,4.60,35.00
"2025-04-02 23:00:00",8.20,190.00,0.00,-0.18,0,274.00,0.42,600,358.00,4.30,27.00,7.30,0,274.00,3.40,511,325.00,3.90,4.00,-3.80,0,274.00,8.00,597,379.00,3.90,6.00
"2025-04-02 23:15:00",2.50,248.00,9.00,-0.11,9,276.00,0.29,324,131.00,8.40,194.00,2.20,9,276.00,1.70,239,116.00,6.60,130.00,1.20,9,276.00,1.30,257,129.00,7.00,153.00
"2025-04-02 23:30:00",2.60,245.00,9.00,0.00,9,274.00,0.26,304,96.00,9.70,242.00,2.30,9,274.00,1.50,207,81.00,7.80,184.00,1.20,9,274.00,1.10,202,70.00,8.90,218.00
"2025-04-02 23:45:00",0.80,340.00,9.00,0.07,9,274.00,0.31,347,117.00,9.10,235.00,-0.40,9,274.00,1.80,236,104.00,6.70,143.00,0.60,9,274.00,1.20,212,77.00,8.40,198.00
"2025-04-03 00:00:00",1.00,65.00,9.00,0.02,9,274.00,0.31,336,109.00,9.60,248.00,-0.90,9,274.00,2.10,235,102.00,6.80,137.00,-0.50,9,274.00,1.40,207,70.00,9.20,243.00
"2025-04-03 00:15:00",1.10,218.00,9.00,0.07,9,276.00,0.20,347,108.00,9.80,229.00,1.10,9,276.00,2.00,213,100.00,5.90,88.00,0.00,9,276.00,1.10,180,71.00,7.70,175.00
"2025-04-03 00:30:00",0.50,223.00,9.00,-0.01,9,275.00,0.24,333,160.00,6.70,148.00,0.50,9,275.00,1.50,223,120.00,4.90,46.00,0.00,9,275.00,1.00,233,110.00,6.80,155.00
"2025-04-03 00:45:00",0.20,145.00,9.00,0.06,9,274.00,0.18,287,99.00,9.00,228.00,0.10,9,274.00,1.20,161,91.00,4.80,54.00,-0.20,9,274.00,0.80,163,66.00,7.70,182.00
"2025-04-03 01:00:00",0.30,165.00,0.00,0.04,9,274.00,0.17,292,96.00,9.50,244.00,0.20,0,274.00,1.10,146,87.00,4.40,29.00,-0.20,9,274.00,0.70,157,64.00,7.70,203.00
"2025-04-03 01:15:00",0.20,13.00,9.00,0.01,9,277.00,0.18,302,104.00,8.80,213.00,-0.20,9,277.00,1.20,194,99.00,5.60,82.00,0.10,9,277.00,0.80,155,70.00,6.80,146.00
"2025-04-03 01:30:00",0.70,335.00,9.00,0.07,9,274.00,0.22,365,110.00,10.20,242.00,-0.30,9,274.00,1.30,272,101.00,8.20,165.00,0.60,9,274.00,1.00,243,84.00,9.30,222.00
"2025-04-03 01:45:00",0.70,5.00,9.00,0.01,9,274.00,0.23,316,106.00,9.10,224.00,-0.50,9,274.00,1.40,210,101.00,6.00,102.00,0.40,9,274.00,0.90,187,71.00,8.20,193.00
"2025-04-03 02:00:00",0.60,350.00,9.00,0.09,9,275.00,0.26,405,163.00,8.50,193.00,-0.40,9,275.00,1.40,275,122.00,6.50,115.00,0.40,9,275.00,1.40,269,118.00,7.40,163.00
"2025-04-03 02:15:00",0.20,270.00,9.00,0.02,9,276.00,0.20,358,114.00,9.70,239.00,0.10,9,276.00,0.90,180,91.00,5.80,85.00,0.10,9,276.00,0.80,161,80.00,5.70,87.00
"2025-04-03 02:30:00",0.20,148.00,9.00,0.07,9,274.00,0.15,289,95.00,9.40,224.00,0.10,9,274.00,0.90,159,80.00,5.90,108.00,-0.20,9,274.00,0.60,192,63.00,9.50,241.00
"2025-04-03 02:45:00",0.60,88.00,0.00,0.13,9,274.00,0.33,370,152.00,8.40,195.00,-0.40,0,274.00,1.20,191,110.00,4.60,21.00,-0.50,9,274.00,0.90,222,105.00,6.90,144.00
"2025-04-03 03:00:00",0.30,55.00,9.00,0.05,9,275.00,0.20,290,110.00,8.20,204.00,-0.30,9,275.00,1.00,169,93.00,5.10,60.00,-0.10,9,275.00,0.70,177,73.00,7.60,178.00
"2025-04-03 03:15:00",1.10,86.00,9.00,0.18,9,276.00,0.20,282,98.00,8.80,221.00,-0.70,9,276.00,0.90,176,94.00,5.30,70.00,-0.80,9,276.00,0.90,168,68.00,7.60,181.00
"2025-04-03 03:30:00",0.30,41.00,9.00,0.08,9,274.00,0.19,278,99.00,8.70,229.00,-0.30,9,274.00,1.40,169,93.00,5.10,59.00,0.00,9,274.00,0.70,168,68.00,7.70,184.00
"2025-04-03 03:45:00",0.40,110.00,9.00,0.13,9,275.00,0.17,339,103.00,10.20,259.00,-0.10,9,275.00,1.00,197,93.00,6.20,119.00,-0.40,9,275.00,0.80,174,68.00,8.00,201.00
"2025-04-03 04:00:00",0.20,180.00,9.00,0.06,9,274.00,0.22,290,98.00,9.20,246.00,0.10,9,274.00,0.80,181,87.00,6.10,112.00,-0.10,9,274.00,0.80,155,62.00,7.70,182.00
"2025-04-03 04:15:00",3.90,212.00,0.00,0.07,9,277.00,0.32,343,155.00,7.00,152.00,3.90,0,277.00,5.20,194,111.00,4.50,37.00,-0.40,9,277.00,1.10,188,97.00,5.70,101.00
"2025-04-03 04:30:00",0.40,58.00,9.00,0.05,9,274.00,0.21,283,104.00,8.50,223.00,-0.40,9,274.00,0.70,161,90.00,5.00,66.00,-0.10,9,274.00,0.80,157,68.00,7.20,176.00
"2025-04-03 04:45:00",0.30,161.00,9.00,0.09,9,274.00,0.21,280,106.00,8.10,197.00,0.20,9,274.00,0.90,164,92.00,4.80,51.00,-0.30,9,274.00,0.70,160,69.00,7.10,162.00
"2025-04-03 05:00:00",0.30,197.00,9.00,0.03,9,273.00,0.19,303,106.00,9.10,236.00,0.30,9,273.00,1.30,169,93.00,5.00,58.00,-0.10,9,273.00,0.90,171,81.00,6.40,119.00
"2025-04-03 05:15:00",0.70,57.00,9.00,0.06,9,275.00,0.20,258,100.00,7.90,174.00,-0.60,9,275.00,0.90,179,91.00,5.50,54.00,-0.20,9,275.00,0.70,160,76.00,6.30,85.00
"2025-04-03 05:30:00",0.20,317.00,9.00,0.06,9,274.00,0.40,301,131.00,7.00,131.00,0.00,9,274.00,1.40,236,112.00,6.10,89.00,0.20,9,274.00,0.80,200,97.00,6.20,95.00
"2025-04-03 05:45:00",0.40,326.00,9.00,0.03,9,273.00,0.19,255,106.00,7.50,162.00,-0.10,9,273.00,0.80,204,97.00,6.20,90.00,0.40,9,273.00,1.00,196,83.00,7.20,142.00
"2025-04-03 06:00:00",0.10,287.00,9.00,0.02,9,273.00,0.19,298,98.00,9.40,213.00,0.00,9,273.00,1.20,210,89.00,7.10,134.00,0.10,9,273.00,0.90,195,72.00,8.20,173.00
"2025-04-03 06:15:00",0.20,85.00,9.00,0.04,9,276.00,0.17,280,95.00,9.20,221.00,-0.10,9,276.00,1.00,179,87.00,6.20,114.00,-0.10,9,276.00,0.80,156,68.00,7.00,156.00
"2025-04-03 06:30:00",0.50,283.00,9.00,-0.04,9,273.00,0.25,293,104.00,9.00,219.00,0.20,9,273.00,1.40,234,94.00,7.20,138.00,0.40,9,273.00,1.00,182,76.00,7.50,178.00
"2025-04-03 06:45:00",0.90,23.00,9.00,0.00,9,273.00,0.22,323,125.00,8.60,206.00,-0.90,9,273.00,1.70,228,103.00,6.70,130.00,0.20,9,273.00,0.80,221,87.00,8.20,183.00
"2025-04-03 07:00:00",0.30,156.00,9.00,0.06,9,274.00,0.21,297,111.00,8.40,200.00,0.10,9,274.00,1.00,176,88.00,5.80,92.00,-0.20,9,274.00,1.20,203,83.00,7.60,167.00
"2025-04-03 07:15:00",0.50,66.00,9.00,0.07,9,275.00,0.18,297,106.00,8.70,204.00,-0.40,9,275.00,0.80,151,84.00,5.00,46.00,-0.20,9,275.00,0.80,158,73.00,6.50,127.00
"2025-04-03 07:30:00",0.30,158.00,9.00,0.07,9,274.00,0.19,291,103.00,8.70,206.00,0.10,9,274.00,1.00,151,84.00,5.00,49.00,-0.20,9,274.00,0.80,143,68.00,6.30,119.00
"2025-04-03 07:45:00",0.20,182.00,9.00,0.05,9,274.00,0.17,343,102.00,10.30,241.00,0.10,9,274.00,1.00,163,88.00,5.10,54.00,-0.10,9,274.00,0.80,155,69.00,6.90,154.00
"2025-04-03 08:00:00",0.10,347.00,0.00,0.05,9,274.00,0.17,343,114.00,9.20,213.00,-0.10,0,274.00,1.20,174,100.00,4.70,35.00,0.10,9,274.00,0.80,154,72.00,6.50,117.00
"2025-04-03 08:15:00",0.80,219.00,0.00,0.04,9,276.00,0.22,326,129.00,7.90,171.00,0.80,0,276.00,1.20,185,107.00,4.50,22.00,0.00,9,276.00,1.00,177,84.00,6.40,123.00
"2025-04-03 08:30:00",0.60,238.00,0.00,0.07,9,275.00,0.22,326,115.00,8.80,210.00,0.60,0,275.00,1.30,187,105.00,4.80,34.00,0.20,9,275.00,0.90,166,72.00,7.10,157.00
"2025-04-03 08:45:00",1.10,248.00,0.00,0.04,9,274.00,0.21,314,115.00,8.60,200.00,0.90,0,274.00,1.20,175,101.00,4.50,28.00,0.50,9,274.00,1.00,184,72.00,7.90,177.00
"2025-04-03 09:00:00",0.50,60.00,9.00,-0.01,9,273.00,0.21,347,114.00,9.50,227.00,-0.50,9,273.00,1.10,186,99.00,5.20,54.00,-0.20,9,273.00,0.90,178,78.00,7.20,155.00
"2025-04-03 09:15:00",0.90,283.00,9.00,0.01,9,276.00,0.27,335,125.00,8.60,205.00,0.40,9,276.00,0.80,200,105.00,5.30,63.00,0.80,9,276.00,1.20,222,92.00,7.70,161.00
"2025-04-03 09:30:00",0.40,360.00,9.00,0.09,9,274.00,0.27,399,142.00,9.30,225.00,-0.30,9,274.00,0.90,377,117.00,9.70,214.00,0.20,9,274.00,1.00,286,102.00,9.30,212.00
"2025-04-03 09:45:00",0.80,34.00,9.00,-0.10,9,274.00,0.36,369,120.00,9.50,230.00,-0.80,9,274.00,1.30,331,109.00,9.10,200.00,0.10,9,274.00,1.50,317,88.00,10.70,241.00
"2025-04-03 10:00:00",0.90,47.00,9.00,-0.03,2,274.00,0.41,330,115.00,8.80,210.00,-0.80,2,274.00,1.60,269,105.00,7.70,163.00,-0.10,2,274.00,1.00,246,73.00,10.10,229.00
"2025-04-03 10:15:00",1.00,81.00,9.00,-0.09,2,276.00,0.36,260,117.00,6.70,132.00,-0.70,2,276.00,1.00,196,95.00,5.90,86.00,-0.70,2,276.00,1.20,181,74.00,7.50,167.00
"2025-04-03 10:30:00",1.30,42.00,9.00,-0.04,2,275.00,0.30,238,113.00,6.20,110.00,-1.30,2,275.00,1.40,174,94.00,5.10,58.00,-0.10,2,275.00,0.90,169,71.00,7.10,153.00
"2025-04-03 10:45:00",1.30,208.00,0.00,0.01,2,275.00,0.26,190,95.00,5.80,92.00,1.20,0,275.00,4.30,131,80.00,4.30,16.00,-0.20,2,275.00,1.10,126,60.00,6.20,114.00
"2025-04-03 11:00:00",1.30,82.00,0.00,0.18,2,276.00,0.35,229,119.00,5.20,59.00,-1.00,0,276.00,1.20,165,97.00,4.40,22.00,-0.90,2,276.00,2.30,159,82.00,5.20,66.00
"2025-04-03 11:15:00",1.00,197.00,0.00,0.03,2,278.00,0.33,188,99.00,5.40,72.00,1.00,0,278.00,1.60,134,77.00,4.50,30.00,-0.40,2,278.00,1.20,113,56.00,6.00,106.00
"2025-04-03 11:30:00",0.40,152.00,9.00,0.07,2,276.00,0.31,190,94.00,5.80,94.00,0.20,2,276.00,1.50,150,84.00,4.70,42.00,-0.40,2,276.00,1.00,121,57.00,6.30,124.00
"2025-04-03 11:45:00",0.60,174.00,0.00,0.06,2,276.00,0.26,192,96.00,5.80,90.00,0.40,0,276.00,1.80,150,91.00,4.10,21.00,-0.40,2,276.00,1.20,115,58.00,5.70,91.00
"2025-04-03 12:00:00",0.90,236.00,9.00,-0.03,2,276.00,0.29,175,87.00,5.80,90.00,0.80,2,276.00,1.50,142,80.00,4.70,43.00,0.30,2,276.00,1.20,111,53.00,6.20,115.00
"2025-04-03 12:15:00",0.90,31.00,9.00,0.13,2,278.00,0.59,300,149.00,6.20,110.00,-0.90,2,278.00,2.20,246,124.00,5.50,73.00,0.10,2,278.00,2.20,216,98.00,6.40,120.00
"2025-04-03 12:30:00",1.50,36.00,9.00,0.00,2,277.00,0.51,207,88.00,7.00,163.00,-1.50,2,277.00,2.70,188,82.00,6.70,125.00,0.00,2,277.00,2.70,149,59.00,7.50,156.00
"2025-04-03 12:45:00",1.20,84.00,9.00,0.14,2,276.00,0.43,181,85.00,6.30,119.00,-0.80,2,276.00,1.40,157,80.00,5.50,75.00,-0.90,2,276.00,1.60,128,54.00,6.70,133.00
"2025-04-03 13:00:00",1.30,86.00,9.00,0.07,2,276.00,0.36,196,96.00,6.00,104.00,-0.90,2,276.00,2.20,169,90.00,5.10,67.00,-1.00,2,276.00,1.80,136,58.00,7.00,143.00
"2025-04-03 13:15:00",1.80,61.00,0.00,-0.06,2,279.00,0.29,164,87.00,5.30,74.00,-1.70,0,279.00,1.60,129,79.00,4.10,11.00,-0.70,2,279.00,1.40,121,58.00,6.00,97.00
"2025-04-03 13:30:00",0.50,63.00,0.00,-0.07,9,277.00,0.27,221,118.00,5.70,78.00,-0.50,0,277.00,1.40,164,92.00,4.70,34.00,-0.20,9,277.00,1.70,166,78.00,6.50,132.00
"2025-04-03 13:45:00",0.80,81.00,0.00,0.06,2,276.00,0.28,212,109.00,5.70,90.00,-0.60,0,276.00,1.20,165,94.00,4.70,40.00,-0.50,2,276.00,1.60,148,69.00,6.20,98.00
"2025-04-03 14:00:00",0.90,74.00,9.00,0.25,2,277.00,0.58,174,81.00,6.30,127.00,-0.70,2,277.00,2.10,144,76.00,5.10,53.00,-0.50,2,277.00,1.60,123,51.00,7.00,139.00
"2025-04-03 14:15:00",0.90,61.00,9.00,-0.01,2,278.00,0.38,170,82.00,6.00,108.00,-0.80,2,278.00,2.10,150,81.00,5.00,53.00,-0.30,2,278.00,2.10,115,52.00,6.20,110.00
"2025-04-03 14:30:00",1.10,54.00,0.00,-0.06,2,277.00,0.31,169,81.00,6.10,114.00,-1.10,0,277.00,1.70,144,82.00,4.50,35.00,-0.30,2,277.00,1.30,118,52.00,6.50,126.00
"2025-04-03 14:45:00",0.90,177.00,0.00,0.09,2,277.00,0.30,162,79.00,6.00,112.00,0.70,0,277.00,2.00,138,80.00,4.50,39.00,-0.60,2,277.00,1.30,119,56.00,6.60,137.00
"2025-04-03 15:00:00",1.30,332.00,9.00,0.29,2,276.00,0.60,282,120.00,7.60,159.00,-0.50,2,276.00,3.40,248,109.00,7.00,140.00,1.20,2,276.00,3.10,211,91.00,7.70,170.00
"2025-04-03 15:15:00",2.10,19.00,9.00,-0.07,2,279.00,0.46,211,87.00,7.40,163.00,-2.00,2,279.00,2.20,197,86.00,6.60,118.00,0.70,2,279.00,2.00,157,54.00,8.60,197.00
"2025-04-03 15:30:00",1.80,7.00,9.00,0.16,2,276.00,0.50,209,81.00,7.80,177.00,-1.50,2,276.00,2.10,202,80.00,7.10,131.00,0.90,2,276.00,2.20,172,54.00,9.50,210.00
"2025-04-03 15:45:00",2.10,359.00,9.00,-0.02,2,277.00,0.31,203,74.00,8.20,186.00,-1.60,2,277.00,1.70,197,72.00,7.30,123.00,1.30,2,277.00,1.70,162,52.00,9.00,198.00
"2025-04-03 16:00:00",1.70,335.00,9.00,0.04,2,276.00,0.29,187,77.00,7.60,175.00,-0.80,2,276.00,1.70,146,63.00,6.40,99.00,1.50,2,276.00,1.80,145,52.00,7.80,178.00
"2025-04-03 16:15:00",2.70,287.00,9.00,0.28,2,279.00,0.66,297,127.00,7.60,172.00,0.90,2,279.00,3.20,232,100.00,7.10,134.00,2.50,2,279.00,3.10,222,100.00,7.50,167.00
"2025-04-03 16:30:00",4.00,272.00,9.00,0.15,2,276.00,0.49,276,87.00,9.60,232.00,2.40,2,276.00,3.30,184,72.00,7.60,169.00,3.30,2,276.00,3.10,196,63.00,9.30,223.00
"2025-04-03 16:45:00",3.50,260.00,9.00,0.10,2,277.00,0.41,229,84.00,8.40,199.00,2.60,2,277.00,3.50,157,76.00,6.00,103.00,2.40,2,277.00,3.10,155,58.00,8.10,200.00
"2025-04-03 17:00:00",1.80,272.00,9.00,0.04,2,276.00,0.28,218,80.00,8.40,203.00,1.10,2,276.00,2.40,144,74.00,5.50,78.00,1.50,2,276.00,2.10,135,56.00,7.50,179.00
"2025-04-03 17:15:00",2.50,246.00,9.00,0.07,2,279.00,0.28,222,81.00,8.30,195.00,2.20,2,279.00,2.80,136,75.00,5.00,57.00,1.20,2,279.00,2.10,131,58.00,6.90,148.00
"2025-04-03 17:30:00",0.60,274.00,0.00,0.04,9,276.00,0.24,242,100.00,7.60,176.00,0.40,0,276.00,1.20,144,84.00,4.60,33.00,0.50,9,276.00,1.00,145,71.00,6.40,130.00
"2025-04-03 17:45:00",1.00,260.00,0.00,0.07,2,276.00,0.27,263,115.00,7.20,158.00,0.80,0,276.00,1.90,164,94.00,4.60,41.00,0.70,2,276.00,1.70,166,82.00,6.10,105.00
"2025-04-03 18:00:00",1.80,225.00,9.00,0.07,9,276.00,0.23,237,88.00,8.40,198.00,1.80,9,276.00,2.30,138,77.00,4.90,55.00,0.20,9,276.00,1.00,133,60.00,6.80,146.00
"2025-04-03 18:15:00",1.90,242.00,9.00,0.07,9,277.00,0.23,239,93.00,7.90,181.00,1.70,9,277.00,2.10,140,78.00,5.00,52.00,0.80,9,277.00,1.30,137,66.00,6.20,114.00
"2025-04-03 18:30:00",2.40,264.00,9.00,0.04,9,276.00,0.24,273,100.00,8.50,200.00,1.70,9,276.00,2.00,166,85.00,5.50,77.00,1.70,9,276.00,2.20,159,73.00,6.70,142.00
"2025-04-03 18:45:00",3.60,252.00,9.00,0.07,9,276.00,0.21,278,99.00,8.60,206.00,3.00,2,276.00,2.40,168,81.00,6.10,108.00,2.00,9,276.00,2.40,158,68.00,7.20,162.00
"2025-04-03 19:00:00",3.00,260.00,9.00,0.02,9,276.00,0.29,332,125.00,8.60,204.00,2.20,2,276.00,2.20,220,97.00,6.90,143.00,2.00,9,276.00,2.10,204,91.00,7.20,161.00
"2025-04-03 19:15:00",3.90,258.00,9.00,0.04,9,277.00,0.27,317,99.00,9.60,219.00,3.00,2,277.00,2.10,217,83.00,7.70,163.00,2.50,2,277.00,2.10,197,71.00,8.60,202.00
"2025-04-03 19:30:00",3.50,264.00,9.00,0.00,9,274.00,0.33,280,91.00,9.40,231.00,2.40,2,274.00,2.10,192,76.00,7.70,172.00,2.50,2,274.00,2.20,183,64.00,8.80,220.00
"2025-04-03 19:45:00",3.90,270.00,9.00,-0.15,9,274.00,0.43,330,100.00,9.90,237.00,2.40,2,274.00,2.40,273,85.00,9.30,203.00,3.10,2,274.00,2.50,211,70.00,9.30,238.00
"2025-04-03 20:00:00",3.30,276.00,9.00,-0.34,9,274.00,0.49,335,97.00,10.40,253.00,1.80,9,274.00,2.30,274,81.00,9.80,218.00,2.80,2,274.00,1.80,240,66.00,10.70,251.00
"2025-04-03 20:15:00",4.10,278.00,9.00,-0.37,9,276.00,0.50,339,118.00,9.00,222.00,2.10,9,276.00,2.20,307,95.00,9.60,215.00,3.50,2,276.00,2.10,245,85.00,9.00,212.00
"2025-04-03 20:30:00",4.50,266.00,9.00,-0.19,9,274.00,0.44,299,95.00,9.70,237.00,3.00,2,274.00,2.20,221,80.00,8.20,190.00,3.30,2,274.00,2.00,205,67.00,9.40,235.00
"2025-04-03 20:45:00",4.80,267.00,9.00,-0.20,9,274.00,0.40,331,92.00,10.60,248.00,3.10,2,274.00,2.10,248,80.00,8.60,190.00,3.60,2,274.00,2.20,229,67.00,9.70,236.00
"2025-04-03 21:00:00",5.30,277.00,9.00,-0.26,9,274.00,0.46,365,97.00,11.00,255.00,2.70,2,274.00,1.90,315,85.00,10.20,224.00,4.50,2,274.00,2.00,288,72.00,11.30,256.00
"2025-04-03 21:15:00",5.10,273.00,9.00,-0.16,9,276.00,0.47,301,89.00,9.90,229.00,3.00,2,276.00,2.00,281,84.00,9.30,200.00,4.20,2,276.00,2.50,206,64.00,9.30,213.00
"2025-04-03 21:30:00",5.10,266.00,9.00,-0.17,9,274.00,0.38,320,97.00,10.00,241.00,3.40,2,274.00,2.40,274,88.00,9.00,206.00,3.80,2,274.00,2.00,218,68.00,9.50,226.00
"2025-04-03 21:45:00",5.70,269.00,9.00,-0.42,9,274.00,0.56,386,120.00,10.10,240.00,3.50,2,274.00,2.40,332,110.00,9.20,206.00,4.40,2,274.00,2.10,280,89.00,10.00,224.00
"2025-04-03 22:00:00",4.90,270.00,9.00,-0.18,9,274.00,0.48,373,110.00,10.00,238.00,3.00,2,274.00,2.40,308,110.00,8.20,187.00,3.80,2,274.00,2.60,267,74.00,10.40,242.00
"2025-04-03 22:15:00",5.20,267.00,9.00,-0.18,9,276.00,0.58,333,106.00,9.30,223.00,3.40,2,276.00,2.30,306,110.00,8.00,172.00,3.90,2,276.00,2.40,225,72.00,9.20,226.00
"2025-04-03 22:30:00",3.50,275.00,9.00,-0.08,9,273.00,0.32,328,100.00,9.80,239.00,1.90,9,273.00,1.90,280,105.00,8.00,175.00,2.90,2,273.00,1.90,194,66.00,9.10,239.00
"2025-04-03 22:45:00",3.70,264.00,9.00,-0.08,9,274.00,0.41,366,105.00,10.40,252.00,2.60,2,274.00,2.50,298,104.00,8.50,193.00,2.70,2,274.00,2.00,263,72.00,10.50,251.00
"2025-04-03 23:00:00",3.30,265.00,9.00,-0.13,9,274.00,0.54,423,125.00,10.50,243.00,2.30,2,274.00,2.50,362,123.00,8.80,204.00,2.40,2,274.00,2.70,295,94.00,10.00,228.00
"2025-04-03 23:15:00",2.40,275.00,9.00,0.03,9,276.00,0.27,347,105.00,9.80,220.00,1.30,9,276.00,2.70,222,107.00,5.80,93.00,2.00,9,276.00,2.10,201,71.00,8.30,194.00
"2025-04-03 23:30:00",3.00,264.00,9.00,0.06,9,274.00,0.26,415,114.00,10.90,257.00,2.10,9,274.00,1.80,301,116.00,7.50,155.00,2.10,9,274.00,2.20,272,80.00,9.60,224.00
"2025-04-03 23:45:00",1.70,221.00,9.00,0.11,9,274.00,0.29,433,127.00,10.30,259.00,1.70,9,274.00,1.70,384,131.00,8.50,181.00,0.10,9,274.00,1.40,304,84.00,10.50,245.00
"2025-04-04 00:00:00",0.40,314.00,9.00,0.00,9,274.00,0.20,353,104.00,10.20,252.00,0.00,9,274.00,0.90,218,100.00,6.40,114.00,0.40,9,274.00,1.00,186,72.00,8.10,202.00
"2025-04-04 00:15:00",0.60,360.00,9.00,0.01,9,276.00,0.22,335,121.00,8.70,194.00,-0.50,9,276.00,1.80,235,99.00,7.10,139.00,0.40,9,276.00,0.90,217,89.00,7.70,176.00
"2025-04-04 00:30:00",0.40,354.00,9.00,0.01,9,274.00,0.18,371,118.00,9.60,228.00,-0.30,9,274.00,1.00,247,100.00,7.30,147.00,0.30,9,274.00,1.00,215,80.00,8.30,199.00
"2025-04-04 00:45:00",0.30,63.00,9.00,0.05,9,275.00,0.18,364,102.00,10.60,234.00,-0.30,9,275.00,0.80,158,87.00,5.10,56.00,-0.10,9,275.00,0.70,153,69.00,6.70,131.00
"2025-04-04 01:00:00",0.40,144.00,0.00,0.07,9,273.00,0.16,374,105.00,10.80,256.00,0.10,0,273.00,0.70,156,90.00,4.60,29.00,-0.40,9,273.00,0.70,153,71.00,6.60,135.00
"2025-04-04 01:15:00",1.10,119.00,9.00,0.03,9,276.00,0.18,394,105.00,11.00,247.00,-0.20,9,276.00,0.80,174,91.00,5.40,67.00,-1.10,9,276.00,1.70,169,75.00,6.90,149.00
"2025-04-04 01:30:00",0.40,165.00,9.00,0.01,9,274.00,0.20,334,108.00,9.30,216.00,0.20,9,274.00,1.00,170,92.00,4.90,42.00,-0.30,9,274.00,1.00,155,75.00,6.20,122.00
"2025-04-04 01:45:00",1.70,220.00,9.00,0.02,9,273.00,0.20,392,151.00,8.80,199.00,1.70,9,273.00,6.20,245,125.00,4.80,44.00,0.00,9,273.00,2.10,221,114.00,5.70,84.00
"2025-04-04 02:00:00",0.90,122.00,9.00,0.03,9,274.00,0.19,399,106.00,10.90,251.00,-0.10,9,274.00,1.00,181,87.00,5.90,93.00,-0.90,9,274.00,1.20,183,70.00,7.80,178.00
"2025-04-04 02:15:00",0.70,136.00,9.00,0.01,9,275.00,0.18,336,104.00,9.60,225.00,0.10,9,275.00,0.90,160,87.00,5.10,58.00,-0.70,9,275.00,1.20,157,69.00,6.90,154.00
"2025-04-04 02:30:00",0.10,192.00,0.00,0.00,9,274.00,0.14,429,104.00,11.90,258.00,0.10,0,274.00,1.00,150,86.00,4.70,41.00,0.00,9,274.00,0.90,156,69.00,7.00,155.00
"2025-04-04 02:45:00",0.60,238.00,0.00,0.01,9,273.00,0.14,448,102.00,12.50,268.00,0.50,0,273.00,1.20,145,85.00,4.50,28.00,0.20,9,273.00,0.70,157,68.00,7.10,166.00
"2025-04-04 03:00:00",2.60,210.00,0.00,0.03,9,274.00,0.19,497,157.00,10.50,220.00,2.60,0,274.00,6.00,225,123.00,4.70,41.00,-0.30,9,274.00,1.80,234,117.00,6.20,103.00
"2025-04-04 03:15:00",0.50,104.00,0.00,0.01,9,275.00,0.14,435,101.00,12.10,253.00,-0.20,0,275.00,0.60,146,84.00,4.70,31.00,-0.50,9,275.00,0.90,150,68.00,6.80,146.00
"2025-04-04 03:30:00",0.50,170.00,9.00,0.00,9,274.00,0.15,400,107.00,10.90,242.00,0.30,9,274.00,0.90,163,89.00,5.00,54.00,-0.30,9,274.00,0.90,164,72.00,7.00,154.00
"2025-04-04 03:45:00",0.20,149.00,9.00,0.00,9,273.00,0.16,374,102.00,10.90,255.00,0.10,9,273.00,0.90,182,90.00,5.70,93.00,-0.20,9,273.00,0.80,170,70.00,7.40,159.00
"2025-04-04 04:00:00",0.30,329.00,9.00,-0.05,9,274.00,0.18,380,104.00,10.90,255.00,-0.10,9,274.00,0.80,164,94.00,4.70,43.00,0.30,9,274.00,0.80,173,72.00,7.30,155.00
"2025-04-04 04:15:00",1.30,223.00,9.00,0.03,9,275.00,0.29,347,135.00,8.60,191.00,1.30,9,275.00,4.90,202,101.00,5.40,83.00,0.10,9,275.00,1.60,194,98.00,6.00,95.00
"2025-04-04 04:30:00",0.40,105.00,0.00,0.03,9,274.00,0.19,399,111.00,10.80,255.00,-0.10,0,274.00,1.00,180,108.00,4.30,26.00,-0.30,9,274.00,0.90,172,76.00,6.90,152.00
"2025-04-04 04:45:00",0.30,217.00,0.00,0.02,9,273.00,0.18,380,108.00,10.60,256.00,0.30,0,273.00,1.80,157,97.00,4.20,20.00,0.00,9,273.00,0.70,162,71.00,7.00,162.00
"2025-04-04 05:00:00",1.20,218.00,0.00,-0.02,9,273.00,0.19,336,104.00,9.80,243.00,1.20,0,273.00,2.90,148,90.00,4.20,21.00,0.00,9,273.00,0.90,147,74.00,5.80,98.00
"2025-04-04 05:15:00",0.40,174.00,0.00,0.00,9,276.00,0.15,350,102.00,10.10,226.00,0.30,0,276.00,0.70,150,87.00,4.60,30.00,-0.30,9,276.00,1.10,149,70.00,6.20,102.00
"2025-04-04 05:30:00",1.20,127.00,9.00,0.03,9,273.00,0.18,363,103.00,10.50,239.00,0.00,9,273.00,1.10,160,88.00,5.00,43.00,-1.20,9,273.00,1.90,159,74.00,6.50,125.00
"2025-04-04 05:45:00",1.70,157.00,9.00,0.04,9,274.00,0.21,363,150.00,8.00,175.00,0.80,9,274.00,2.90,233,117.00,5.40,50.00,-1.50,9,274.00,2.80,244,121.00,6.10,94.00
"2025-04-04 06:00:00",3.10,143.00,9.00,0.09,9,273.00,0.25,348,108.00,9.80,225.00,0.80,9,273.00,1.00,218,92.00,6.90,121.00,-3.00,2,273.00,1.80,212,80.00,8.00,178.00
"2025-04-04 06:15:00",1.00,115.00,0.00,0.03,9,275.00,0.21,301,109.00,8.60,198.00,-0.20,0,275.00,0.90,160,92.00,4.70,30.00,-1.00,9,275.00,1.90,150,76.00,5.90,91.00
"2025-04-04 06:30:00",2.40,132.00,9.00,0.10,9,274.00,0.22,303,110.00,8.50,202.00,0.20,9,274.00,1.00,191,101.00,5.30,52.00,-2.40,9,274.00,1.80,177,77.00,7.00,153.00
"2025-04-04 06:45:00",4.10,126.00,9.00,0.17,9,273.00,0.24,316,110.00,8.90,210.00,-0.20,9,273.00,1.00,224,104.00,6.20,94.00,-4.10,2,273.00,2.30,218,82.00,8.00,177.00
"2025-04-04 07:00:00",3.90,134.00,9.00,0.17,9,274.00,0.27,401,149.00,8.60,185.00,0.40,9,274.00,1.20,362,128.00,8.60,162.00,-3.90,2,274.00,1.80,357,114.00,9.80,211.00
"2025-04-04 07:15:00",2.80,137.00,9.00,0.12,9,275.00,0.25,444,121.00,10.80,242.00,0.40,9,275.00,1.00,415,105.00,11.20,240.00,-2.80,2,275.00,1.00,407,86.00,12.80,254.00
"2025-04-04 07:30:00",3.80,136.00,9.00,0.11,9,273.00,0.30,539,119.00,12.10,250.00,0.50,9,273.00,1.00,443,105.00,10.90,210.00,-3.70,2,273.00,1.50,479,93.00,12.70,246.00
"2025-04-04 07:45:00",2.40,133.00,9.00,0.04,9,274.00,0.22,320,105.00,9.30,217.00,0.20,9,274.00,1.30,179,89.00,5.60,86.00,-2.40,9,274.00,2.10,218,75.00,8.30,171.00
"2025-04-04 08:00:00",3.40,128.00,9.00,-0.02,9,273.00,0.25,285,117.00,7.60,172.00,0.00,9,273.00,1.30,226,113.00,5.60,72.00,-3.40,2,273.00,3.10,200,83.00,7.10,145.00
"2025-04-04 08:15:00",4.00,137.00,9.00,-0.07,9,277.00,0.50,424,143.00,9.20,196.00,0.60,9,277.00,2.10,436,138.00,9.20,183.00,-4.00,2,277.00,2.60,373,115.00,9.80,211.00
"2025-04-04 08:30:00",4.00,132.00,9.00,-0.07,9,274.00,0.44,381,128.00,9.00,204.00,0.30,9,274.00,1.90,408,134.00,8.70,180.00,-4.00,2,274.00,2.60,331,96.00,10.20,225.00
"2025-04-04 08:45:00",4.50,124.00,9.00,0.05,9,274.00,0.53,506,139.00,10.60,242.00,-0.30,9,274.00,2.10,626,150.00,11.80,235.00,-4.50,2,274.00,2.50,461,109.00,11.90,251.00
"2025-04-04 09:00:00",4.60,126.00,9.00,0.03,9,274.00,0.57,398,129.00,9.30,216.00,-0.20,9,274.00,2.60,407,113.00,10.30,225.00,-4.60,2,274.00,3.30,358,99.00,10.60,237.00
"2025-04-04 09:15:00",4.40,119.00,9.00,-0.01,9,276.00,0.36,306,119.00,7.80,164.00,-0.70,9,276.00,2.00,258,101.00,7.80,166.00,-4.40,2,276.00,3.00,240,89.00,8.10,177.00
"2025-04-04 09:30:00",2.70,133.00,9.00,0.05,9,274.00,0.34,268,113.00,7.30,143.00,0.20,9,274.00,1.90,197,93.00,6.20,90.00,-2.70,2,274.00,2.40,191,80.00,7.30,150.00
"2025-04-04 09:45:00",2.20,147.00,9.00,0.30,9,274.00,0.62,310,133.00,7.20,144.00,0.70,9,274.00,3.00,236,102.00,6.80,122.00,-2.10,9,274.00,3.20,256,102.00,7.80,170.00
"2025-04-04 10:00:00",2.20,131.00,9.00,0.59,2,276.00,0.74,275,111.00,7.60,165.00,0.10,2,276.00,2.90,222,85.00,7.60,153.00,-2.20,2,276.00,2.60,204,74.00,8.50,202.00
"2025-04-04 10:15:00",2.20,131.00,9.00,0.06,2,278.00,0.49,266,112.00,7.20,141.00,0.10,2,278.00,2.50,187,83.00,6.40,110.00,-2.20,2,278.00,2.50,179,72.00,7.40,150.00
"2025-04-04 10:30:00",1.60,120.00,9.00,0.58,2,276.00,0.90,290,123.00,7.00,136.00,-0.20,2,276.00,3.50,215,89.00,7.10,138.00,-1.60,2,276.00,3.10,194,74.00,7.90,176.00
"2025-04-04 10:45:00",2.40,152.00,9.00,0.77,2,276.00,0.88,278,116.00,7.20,146.00,1.00,2,276.00,3.10,223,91.00,7.30,144.00,-2.20,2,276.00,2.70,210,72.00,8.70,200.00
"2025-04-04 11:00:00",2.50,102.00,9.00,0.78,2,277.00,0.91,299,118.00,7.60,169.00,-1.10,2,277.00,3.30,208,91.00,6.70,113.00,-2.30,2,277.00,3.10,240,78.00,9.20,220.00
"2025-04-04 11:15:00",3.50,153.00,9.00,0.56,2,279.00,0.96,281,121.00,6.90,155.00,1.50,2,279.00,3.20,231,97.00,7.00,144.00,-3.20,2,279.00,3.60,220,82.00,8.00,199.00
"2025-04-04 11:30:00",2.70,101.00,9.00,0.64,2,276.00,0.80,283,119.00,7.10,153.00,-1.20,2,276.00,2.90,223,95.00,6.90,140.00,-2.40,2,276.00,2.50,209,77.00,8.30,199.00
