"2025-04-01 00:00:00",0.60,119.00,9.00,0.06,9,274.00,0.16,1122,138.00,18.00,273.00,-0.10,9,274.00,1.00,604,118.00,13.70,271.00,-0.60,9,274.00,0.90,726,114.00,15.90,272.00
"2025-04-01 00:15:00",0.80,139.00,9.00,0.02,9,277.00,0.12,1283,163.00,17.40,249.00,0.10,9,277.00,1.20,594,132.00,12.50,249.00,-0.70,9,277.00,1.20,708,135.00,14.00,255.00
"2025-04-01 00:30:00",0.40,129.00,9.00,0.00,9,274.00,0.10,1412,141.00,19.70,273.00,0.00,9,274.00,0.90,596,122.00,13.40,272.00,-0.40,9,274.00,0.80,695,108.00,16.10,272.00
"2025-04-01 00:45:00",0.60,136.00,9.00,0.04,9,274.00,0.12,1279,149.00,18.40,274.00,0.10,9,274.00,0.90,585,124.00,13.10,273.00,-0.50,9,274.00,0.80,770,109.00,16.80,271.00
"2025-04-01 01:00:00",0.40,132.00,9.00,0.07,9,275.00,0.16,1087,154.00,16.70,275.00,0.00,9,275.00,0.90,565,129.00,12.50,269.00,-0.40,9,275.00,0.80,694,115.00,15.40,270.00
"2025-04-01 01:15:00",0.20,180.00,9.00,0.03,9,276.00,0.17,936,160.00,14.50,256.00,0.20,9,276.00,0.80,495,147.00,10.00,238.00,-0.10,9,276.00,0.60,654,121.00,13.80,251.00
"2025-04-01 01:30:00",0.40,169.00,9.00,0.02,9,274.00,0.17,965,168.00,15.10,271.00,0.30,9,274.00,0.80,540,151.00,10.90,254.00,-0.30,9,274.00,0.80,727,137.00,14.50,265.00
"2025-04-01 01:45:00",0.20,136.00,9.00,0.05,9,275.00,0.16,946,156.00,15.30,273.00,0.00,9,275.00,0.70,526,137.00,11.30,263.00,-0.20,9,275.00,0.70,705,122.00,15.00,270.00
"2025-04-01 02:00:00",0.20,133.00,9.00,0.03,9,274.00,0.14,1071,157.00,16.30,272.00,0.00,9,274.00,0.80,497,140.00,10.70,259.00,-0.20,9,274.00,0.60,724,122.00,15.10,270.00
"2025-04-01 02:15:00",0.30,135.00,9.00,0.02,9,277.00,0.11,1082,157.00,16.00,252.00,0.00,9,277.00,0.80,547,142.00,11.20,251.00,-0.30,9,277.00,0.50,763,119.00,15.40,255.00
"2025-04-01 02:30:00",0.50,71.00,9.00,0.03,9,274.00,0.10,1205,173.00,16.80,274.00,-0.40,9,274.00,0.70,540,148.00,11.10,267.00,-0.30,9,274.00,0.40,889,124.00,17.10,273.00
"2025-04-01 02:45:00",0.40,92.00,9.00,0.06,9,274.00,0.14,1137,174.00,16.10,272.00,-0.20,9,274.00,0.70,531,145.00,11.20,265.00,-0.30,9,274.00,0.50,761,120.00,16.00,274.00
"2025-04-01 03:00:00",0.20,227.00,9.00,0.04,9,275.00,0.15,1011,156.00,16.40,269.00,0.20,9,275.00,0.80,464,118.00,11.90,265.00,0.00,9,275.00,0.50,727,108.00,17.20,267.00
"2025-04-01 03:15:00",0.40,261.00,9.00,-0.01,9,276.00,0.18,965,128.00,16.60,257.00,0.30,9,276.00,0.80,454,101.00,12.30,253.00,0.30,9,276.00,0.50,672,86.00,16.80,255.00
"2025-04-01 03:30:00",0.20,160.00,9.00,0.06,9,274.00,0.15,1158,128.00,18.80,273.00,0.10,9,274.00,0.70,490,101.00,13.50,273.00,-0.20,9,274.00,0.60,618,87.00,16.70,274.00
"2025-04-01 03:45:00",0.30,133.00,9.00,0.02,9,275.00,0.15,929,129.00,16.70,274.00,0.00,9,275.00,0.60,499,105.00,13.30,272.00,-0.30,9,275.00,0.60,729,95.00,17.50,274.00
"2025-04-01 04:00:00",0.10,145.00,9.00,-0.02,9,274.00,0.12,1068,137.00,17.60,274.00,0.00,9,274.00,0.50,497,112.00,12.70,267.00,-0.10,9,274.00,0.60,771,91.00,18.30,274.00
"2025-04-01 04:15:00",0.40,85.00,9.00,0.11,9,277.00,0.17,827,147.00,14.70,251.00,-0.30,9,277.00,0.40,550,110.00,13.70,249.00,-0.30,9,277.00,0.50,626,98.00,15.70,256.00
"2025-04-01 04:30:00",0.60,144.00,9.00,0.05,9,273.00,0.17,923,146.00,15.70,271.00,0.20,9,273.00,0.70,618,123.00,13.60,272.00,-0.50,9,273.00,0.70,723,101.00,16.80,273.00
"2025-04-01 04:45:00",0.20,99.00,9.00,0.08,9,273.00,0.14,1193,136.00,18.60,273.00,-0.10,9,273.00,0.80,500,118.00,12.40,266.00,-0.20,9,273.00,0.70,810,96.00,18.00,270.00
"2025-04-01 05:00:00",0.30,122.00,9.00,0.06,9,274.00,0.13,975,131.00,17.20,273.00,0.00,9,274.00,0.70,544,101.00,14.40,272.00,-0.30,9,274.00,0.50,792,94.00,18.40,272.00
"2025-04-01 05:15:00",0.20,119.00,9.00,0.01,9,275.00,0.18,752,126.00,15.00,252.00,0.00,9,275.00,0.70,491,111.00,12.30,244.00,-0.20,9,275.00,0.50,642,95.00,15.90,252.00
"2025-04-01 05:30:00",0.40,71.00,9.00,0.05,9,274.00,0.14,916,143.00,16.30,270.00,-0.30,9,274.00,1.00,469,114.00,12.40,260.00,-0.20,9,274.00,0.50,667,109.00,16.00,263.00
"2025-04-01 05:45:00",0.10,152.00,9.00,-0.02,9,273.00,0.13,1053,143.00,17.30,270.00,0.00,9,273.00,0.80,481,115.00,12.30,263.00,-0.10,9,273.00,0.50,783,101.00,17.80,271.00
"2025-04-01 06:00:00",0.60,89.00,9.00,0.08,9,274.00,0.15,879,129.00,16.50,273.00,-0.30,9,274.00,0.60,541,100.00,14.40,271.00,-0.40,9,274.00,0.40,801,99.00,18.00,272.00
"2025-04-01 06:15:00",0.20,72.00,9.00,0.01,9,275.00,0.17,866,128.00,15.70,256.00,-0.20,9,275.00,0.80,608,104.00,14.70,255.00,-0.10,9,275.00,0.70,639,96.00,15.60,256.00
"2025-04-01 06:30:00",0.30,332.00,9.00,-0.02,9,273.00,0.13,1004,117.00,18.40,273.00,-0.10,9,273.00,0.60,540,97.00,14.80,272.00,0.20,9,273.00,0.50,674,90.00,17.20,273.00
"2025-04-01 06:45:00",0.40,302.00,9.00,-0.02,9,274.00,0.15,998,149.00,17.00,264.00,0.00,9,274.00,0.60,625,110.00,15.40,265.00,0.40,9,274.00,0.60,633,108.00,15.90,266.00
"2025-04-01 07:00:00",0.30,23.00,9.00,0.05,9,273.00,0.25,1080,183.00,16.20,262.00,-0.30,9,273.00,0.70,621,135.00,13.20,257.00,0.10,9,273.00,0.60,805,124.00,17.10,258.00
"2025-04-01 07:15:00",0.20,203.00,9.00,0.04,9,276.00,0.17,961,130.00,16.40,256.00,0.20,9,276.00,1.00,729,127.00,14.00,253.00,-0.10,9,276.00,0.60,810,90.00,17.90,255.00
"2025-04-01 07:30:00",0.40,208.00,9.00,0.07,9,274.00,0.18,966,145.00,16.20,269.00,0.40,9,274.00,1.20,744,138.00,14.10,271.00,-0.10,9,274.00,0.70,819,102.00,17.90,272.00
"2025-04-01 07:45:00",0.20,318.00,9.00,0.03,9,274.00,0.20,951,142.00,16.20,274.00,0.00,9,274.00,1.00,666,138.00,12.90,265.00,0.20,9,274.00,0.80,816,106.00,17.50,271.00
"2025-04-01 08:00:00",0.10,313.00,9.00,0.03,9,274.00,0.23,1034,150.00,16.50,273.00,0.00,9,274.00,1.20,786,140.00,14.30,271.00,0.10,9,274.00,0.90,844,106.00,17.80,272.00
"2025-04-01 08:15:00",0.40,268.00,9.00,0.03,9,277.00,0.20,994,210.00,13.80,234.00,0.30,9,277.00,1.10,733,173.00,12.00,241.00,0.30,9,277.00,0.90,857,152.00,14.90,245.00
"2025-04-01 08:30:00",0.40,180.00,9.00,-0.03,9,274.00,0.20,1073,155.00,16.40,269.00,0.30,9,274.00,1.40,773,143.00,14.10,272.00,-0.20,9,274.00,1.00,939,115.00,18.00,272.00
"2025-04-01 08:45:00",0.60,344.00,9.00,0.19,9,274.00,0.31,1085,181.00,15.30,268.00,-0.30,9,274.00,1.60,914,161.00,14.60,272.00,0.50,9,274.00,1.60,909,152.00,15.60,271.00
"2025-04-01 09:00:00",0.50,0.00,9.00,-0.01,9,274.00,0.19,945,151.00,15.70,272.00,-0.40,9,274.00,0.80,672,130.00,14.00,267.00,0.30,9,274.00,0.70,789,104.00,17.40,269.00
"2025-04-01 09:15:00",0.40,30.00,9.00,-0.05,9,277.00,0.19,899,146.00,15.00,252.00,-0.40,9,277.00,1.10,605,131.00,12.40,250.00,0.10,9,277.00,0.60,736,105.00,16.00,250.00
"2025-04-01 09:30:00",0.90,359.00,9.00,-0.02,9,273.00,0.25,1058,203.00,14.60,260.00,-0.70,9,273.00,1.20,878,175.00,13.90,263.00,0.60,9,273.00,0.90,935,160.00,15.80,262.00
"2025-04-01 09:45:00",0.80,4.00,9.00,-0.02,9,274.00,0.36,1090,171.00,15.90,273.00,-0.70,9,274.00,1.60,894,145.00,15.40,273.00,0.50,9,274.00,1.20,899,133.00,16.50,269.00
"2025-04-01 10:00:00",1.10,5.00,9.00,-0.05,2,274.00,0.28,1085,169.00,15.90,272.00,-0.90,2,274.00,1.60,822,151.00,14.20,273.00,0.60,2,274.00,1.00,906,128.00,16.80,268.00
"2025-04-01 10:15:00",0.70,321.00,9.00,0.11,2,276.00,0.33,947,168.00,14.40,250.00,-0.20,2,276.00,1.70,690,143.00,12.90,247.00,0.70,2,276.00,1.90,765,146.00,13.80,251.00
"2025-04-01 10:30:00",0.90,289.00,9.00,-0.03,2,275.00,0.32,879,158.00,14.80,270.00,0.30,2,275.00,2.10,689,139.00,13.70,267.00,0.90,2,275.00,1.60,712,132.00,14.80,270.00
"2025-04-01 10:45:00",0.60,270.00,9.00,0.08,9,276.00,0.34,963,199.00,14.30,254.00,0.40,9,276.00,2.60,711,165.00,12.90,253.00,0.50,9,276.00,1.50,770,156.00,14.50,259.00
"2025-04-01 11:00:00",0.80,267.00,9.00,0.04,9,275.00,0.35,955,190.00,14.30,266.00,0.50,9,275.00,2.40,781,166.00,13.40,255.00,0.60,9,275.00,1.60,741,152.00,14.20,266.00
"2025-04-01 11:15:00",1.40,280.00,9.00,0.04,2,278.00,0.43,950,175.00,13.90,252.00,0.60,2,278.00,2.10,716,143.00,13.20,253.00,1.20,2,278.00,2.20,734,153.00,13.20,253.00
"2025-04-01 11:30:00",1.40,288.00,9.00,-0.09,2,276.00,0.49,1009,179.00,14.90,271.00,0.50,2,276.00,2.40,858,148.00,14.80,276.00,1.40,2,276.00,2.40,883,155.00,15.30,274.00
"2025-04-01 11:45:00",1.60,330.00,9.00,0.11,2,276.00,0.51,1077,200.00,14.60,270.00,-0.60,2,276.00,2.50,806,150.00,14.20,275.00,1.50,2,276.00,2.80,869,169.00,14.40,272.00
"2025-04-01 12:00:00",1.40,280.00,9.00,0.13,2,276.00,0.45,988,184.00,14.60,269.00,0.60,2,276.00,2.90,849,159.00,14.20,273.00,1.20,2,276.00,2.70,771,162.00,13.80,272.00
"2025-04-01 12:15:00",1.30,267.00,9.00,-0.02,2,278.00,0.33,846,188.00,12.80,244.00,0.80,2,278.00,2.40,655,160.00,11.90,242.00,1.00,2,278.00,1.90,686,164.00,12.50,242.00
"2025-04-01 12:30:00",0.80,290.00,9.00,0.01,2,275.00,0.33,868,158.00,14.70,268.00,0.30,2,275.00,1.90,637,133.00,13.40,266.00,0.80,2,275.00,1.80,634,120.00,14.60,270.00
"2025-04-01 12:45:00",0.70,262.00,9.00,-0.02,2,276.00,0.31,848,178.00,13.70,266.00,0.50,2,276.00,1.90,593,142.00,12.60,265.00,0.50,2,276.00,1.20,717,148.00,14.00,268.00
"2025-04-01 13:00:00",0.60,237.00,9.00,0.02,2,276.00,0.22,845,153.00,15.00,268.00,0.60,2,276.00,1.90,565,124.00,13.40,263.00,0.20,2,276.00,0.80,673,117.00,15.30,270.00
"2025-04-01 13:15:00",0.90,270.00,9.00,-0.03,2,278.00,0.25,827,154.00,13.90,253.00,0.50,2,278.00,2.10,576,126.00,12.90,250.00,0.70,2,278.00,1.40,674,124.00,14.30,253.00
"2025-04-01 13:30:00",0.80,288.00,9.00,-0.02,2,276.00,0.37,927,207.00,13.50,257.00,0.30,2,276.00,2.40,683,161.00,12.70,260.00,0.80,2,276.00,1.70,743,171.00,13.40,259.00
"2025-04-01 13:45:00",0.40,294.00,9.00,0.00,9,275.00,0.22,789,147.00,14.50,270.00,0.10,9,275.00,1.40,521,114.00,13.20,269.00,0.30,9,275.00,0.80,682,117.00,15.30,268.00
"2025-04-01 14:00:00",0.50,285.00,9.00,0.02,9,276.00,0.33,874,152.00,15.10,271.00,0.20,9,276.00,2.00,620,131.00,13.50,270.00,0.50,9,276.00,1.30,764,129.00,15.70,271.00
"2025-04-01 14:15:00",0.70,293.00,9.00,-0.02,2,278.00,0.29,762,149.00,13.50,251.00,0.20,2,278.00,1.80,610,128.00,12.80,250.00,0.70,2,278.00,1.40,667,118.00,14.80,252.00
"2025-04-01 14:30:00",0.70,299.00,9.00,0.05,9,276.00,0.33,838,165.00,14.10,268.00,0.10,9,276.00,2.30,592,136.00,12.80,269.00,0.70,9,276.00,1.50,665,127.00,14.60,270.00
"2025-04-01 14:45:00",1.00,290.00,9.00,-0.06,9,276.00,0.39,777,173.00,13.40,262.00,0.30,9,276.00,2.50,557,134.00,12.30,259.00,1.00,9,276.00,1.90,621,141.00,13.50,255.00
"2025-04-01 15:00:00",2.40,291.00,9.00,-0.04,2,276.00,0.56,910,197.00,13.30,270.00,0.70,2,276.00,3.30,733,166.00,12.90,270.00,2.30,2,276.00,4.00,719,174.00,12.50,271.00
"2025-04-01 15:15:00",1.20,267.00,9.00,0.04,2,279.00,0.42,771,158.00,13.30,252.00,0.80,2,279.00,2.50,530,125.00,12.10,253.00,0.90,2,279.00,2.30,607,131.00,13.00,254.00
"2025-04-01 15:30:00",1.60,282.00,9.00,-0.06,2,276.00,0.49,817,169.00,13.60,270.00,0.70,2,276.00,3.30,629,143.00,12.70,269.00,1.50,2,276.00,2.70,690,149.00,13.40,269.00
"2025-04-01 15:45:00",0.70,286.00,9.00,0.00,9,277.00,0.28,766,149.00,14.20,272.00,0.30,9,277.00,2.00,545,123.00,12.70,270.00,0.70,9,277.00,2.30,647,137.00,14.00,267.00
"2025-04-01 16:00:00",0.60,252.00,9.00,0.02,2,276.00,0.25,752,144.00,14.20,273.00,0.50,2,276.00,1.80,510,121.00,12.50,265.00,0.30,2,276.00,1.40,621,120.00,14.30,267.00
"2025-04-01 16:15:00",0.30,261.00,9.00,0.01,2,277.00,0.23,723,158.00,13.00,241.00,0.20,2,277.00,1.70,475,124.00,11.50,238.00,0.20,2,277.00,0.90,596,127.00,13.40,244.00
"2025-04-01 16:30:00",0.40,254.00,9.00,0.00,2,276.00,0.21,724,137.00,14.30,270.00,0.30,2,276.00,1.30,471,108.00,12.80,267.00,0.20,2,276.00,0.80,588,115.00,14.30,268.00
"2025-04-01 16:45:00",0.30,254.00,9.00,0.01,2,276.00,0.21,730,135.00,14.50,269.00,0.20,2,276.00,1.60,458,109.00,12.50,267.00,0.20,2,276.00,0.70,605,110.00,14.70,269.00
"2025-04-01 17:00:00",0.30,274.00,9.00,0.02,2,276.00,0.18,723,130.00,14.80,270.00,0.20,2,276.00,1.00,466,109.00,12.80,265.00,0.30,2,276.00,0.70,591,102.00,15.10,268.00
"2025-04-01 17:15:00",0.30,233.00,9.00,0.03,9,277.00,0.22,707,133.00,13.90,254.00,0.30,9,277.00,1.20,440,115.00,11.40,243.00,0.10,9,277.00,0.70,567,114.00,13.40,251.00
"2025-04-01 17:30:00",0.30,251.00,9.00,0.04,9,276.00,0.20,743,127.00,15.10,273.00,0.20,9,276.00,1.20,452,105.00,12.60,269.00,0.20,9,276.00,0.70,609,99.00,15.60,274.00
"2025-04-01 17:45:00",0.30,274.00,9.00,0.04,9,276.00,0.21,740,142.00,14.60,268.00,0.20,9,276.00,0.90,472,115.00,12.50,257.00,0.20,9,276.00,0.70,623,111.00,15.30,266.00
"2025-04-01 18:00:00",0.20,265.00,9.00,0.06,9,276.00,0.18,753,127.00,15.20,268.00,0.10,9,276.00,0.90,470,99.00,13.30,265.00,0.10,9,276.00,0.70,590,99.00,15.50,272.00
"2025-04-01 18:15:00",0.20,253.00,9.00,0.07,9,277.00,0.20,717,119.00,14.80,258.00,0.10,9,277.00,0.80,450,97.00,12.80,251.00,0.10,9,277.00,0.70,631,90.00,16.00,256.00
"2025-04-01 18:30:00",0.20,216.00,9.00,0.09,9,274.00,0.21,786,160.00,14.40,260.00,0.20,9,274.00,0.80,483,121.00,12.40,251.00,0.00,9,274.00,0.70,664,123.00,15.30,260.00
"2025-04-01 18:45:00",0.30,245.00,9.00,0.05,9,274.00,0.18,749,123.00,15.40,272.00,0.30,9,274.00,0.80,452,99.00,12.90,265.00,0.10,9,274.00,0.70,656,93.00,16.70,272.00
"2025-04-01 19:00:00",0.20,261.00,9.00,0.06,9,274.00,0.19,770,126.00,15.50,273.00,0.10,9,274.00,0.90,464,103.00,12.80,265.00,0.10,9,274.00,0.50,685,92.00,17.20,272.00
"2025-04-01 19:15:00",0.30,242.00,9.00,0.03,9,276.00,0.20,760,147.00,13.80,249.00,0.20,9,276.00,0.90,456,120.00,11.20,241.00,0.10,9,276.00,0.60,612,110.00,14.50,251.00
"2025-04-01 19:30:00",0.50,252.00,9.00,-0.01,9,274.00,0.21,792,133.00,15.10,273.00,0.40,9,274.00,1.00,485,115.00,12.30,268.00,0.30,9,274.00,0.60,678,96.00,16.60,273.00
"2025-04-01 19:45:00",0.40,253.00,9.00,0.01,9,274.00,0.20,790,125.00,15.60,271.00,0.40,9,274.00,0.90,490,112.00,12.50,266.00,0.30,9,274.00,0.60,642,91.00,16.70,272.00
"2025-04-01 20:00:00",0.30,257.00,9.00,0.01,9,274.00,0.17,839,126.00,16.20,272.00,0.20,9,274.00,0.80,496,112.00,12.70,269.00,0.20,9,274.00,0.70,667,91.00,16.90,274.00
"2025-04-01 20:15:00",0.20,261.00,9.00,0.02,9,276.00,0.19,791,123.00,15.20,255.00,0.10,9,276.00,0.90,437,105.00,11.70,249.00,0.10,9,276.00,0.60,631,85.00,16.40,256.00
"2025-04-01 20:30:00",0.20,303.00,9.00,0.00,9,274.00,0.18,793,128.00,15.50,273.00,0.00,9,274.00,0.90,494,103.00,13.30,272.00,0.20,9,274.00,0.60,672,95.00,16.70,273.00
"2025-04-01 20:45:00",0.20,314.00,9.00,0.05,9,274.00,0.21,866,183.00,14.60,252.00,0.00,9,274.00,0.90,530,141.00,12.50,248.00,0.20,9,274.00,0.70,737,146.00,15.50,251.00
"2025-04-01 21:00:00",0.40,257.00,9.00,0.02,9,273.00,0.18,836,140.00,15.30,270.00,0.30,9,273.00,1.20,497,117.00,12.60,262.00,0.20,9,273.00,0.70,658,119.00,14.80,268.00
"2025-04-01 21:15:00",0.40,260.00,9.00,0.02,9,277.00,0.20,745,137.00,14.00,254.00,0.30,9,277.00,1.20,501,119.00,11.90,248.00,0.20,9,277.00,0.80,634,128.00,13.30,247.00
"2025-04-01 21:30:00",1.10,261.00,9.00,0.01,9,274.00,0.27,889,172.00,14.30,265.00,0.80,9,274.00,1.40,630,151.00,12.60,257.00,0.80,9,274.00,1.30,772,170.00,13.40,255.00
"2025-04-01 21:45:00",1.10,268.00,9.00,0.05,9,274.00,0.23,930,153.00,15.60,269.00,0.70,9,274.00,1.70,636,126.00,14.00,269.00,0.80,9,274.00,1.50,747,142.00,14.50,269.00
"2025-04-01 22:00:00",0.70,271.00,9.00,0.06,9,273.00,0.21,909,169.00,15.00,260.00,0.40,9,273.00,1.20,636,129.00,14.00,262.00,0.50,9,273.00,1.20,758,144.00,14.90,260.00
"2025-04-01 22:15:00",0.70,264.00,9.00,0.03,9,277.00,0.26,869,180.00,13.80,247.00,0.50,9,277.00,1.50,617,142.00,12.50,248.00,0.50,9,277.00,0.90,723,146.00,14.00,244.00
"2025-04-01 22:30:00",0.60,267.00,9.00,0.02,9,273.00,0.22,869,142.00,15.50,269.00,0.40,9,273.00,1.10,546,112.00,13.50,270.00,0.50,9,273.00,0.80,733,107.00,16.40,270.00
"2025-04-01 22:45:00",0.80,259.00,9.00,0.03,9,275.00,0.22,906,144.00,15.70,269.00,0.60,9,275.00,1.60,616,122.00,13.80,270.00,0.60,9,275.00,0.90,748,107.00,16.70,272.00
"2025-04-01 23:00:00",1.00,264.00,9.00,-0.05,9,274.00,0.27,884,153.00,15.10,272.00,0.70,9,274.00,1.40,630,125.00,13.60,265.00,0.70,9,274.00,1.10,688,117.00,15.40,268.00
"2025-04-01 23:15:00",0.70,261.00,9.00,-0.02,9,276.00,0.21,844,135.00,15.10,253.00,0.50,9,276.00,1.40,518,111.00,12.60,253.00,0.50,9,276.00,0.80,653,96.00,15.70,255.00
"2025-04-01 23:30:00",0.70,262.00,9.00,0.02,9,273.00,0.24,919,197.00,14.00,258.00,0.50,9,273.00,1.50,611,143.00,12.70,257.00,0.50,9,273.00,0.90,729,153.00,14.40,260.00
"2025-04-01 23:45:00",0.40,262.00,9.00,0.01,9,274.00,0.19,851,130.00,16.00,272.00,0.30,9,274.00,1.20,518,107.00,13.40,268.00,0.30,9,274.00,0.80,660,97.00,16.30,270.00
"2025-04-02 00:00:00",0.30,277.00,9.00,0.01,9,274.00,0.20,877,182.00,14.40,247.00,0.20,9,274.00,1.10,504,126.00,12.30,257.00,0.30,9,274.00,0.70,751,135.00,15.70,266.00
"2025-04-02 00:15:00",0.50,260.00,9.00,-0.04,9,277.00,0.19,806,135.00,14.70,255.00,0.40,9,277.00,1.20,471,109.00,12.10,249.00,0.40,9,277.00,0.70,616,99.00,15.10,253.00
"2025-04-02 00:30:00",0.50,261.00,9.00,-0.04,9,274.00,0.24,799,130.00,15.50,274.00,0.40,9,274.00,1.10,492,101.00,13.40,268.00,0.40,9,274.00,0.70,647,95.00,16.40,269.00
"2025-04-02 00:45:00",0.50,260.00,9.00,0.01,9,274.00,0.25,863,174.00,14.30,259.00,0.40,9,274.00,1.10,508,127.00,12.30,258.00,0.30,9,274.00,0.80,689,130.00,15.10,263.00
"2025-04-02 01:00:00",0.30,261.00,9.00,0.00,9,275.00,0.17,835,127.00,16.10,274.00,0.20,9,275.00,0.90,483,97.00,13.60,268.00,0.20,9,275.00,0.60,700,98.00,16.90,273.00
"2025-04-02 01:15:00",0.40,274.00,9.00,0.02,9,276.00,0.24,966,365.00,10.00,181.00,0.20,9,276.00,1.80,761,345.00,8.30,147.00,0.40,9,276.00,0.70,902,401.00,9.10,146.00
"2025-04-02 01:30:00",0.50,279.00,9.00,-0.03,9,274.00,0.21,963,277.00,11.60,236.00,0.20,9,274.00,1.10,669,263.00,9.10,182.00,0.40,9,274.00,0.90,853,291.00,10.70,202.00
"2025-04-02 01:45:00",1.10,276.00,9.00,-0.05,9,274.00,0.28,1047,313.00,11.30,229.00,0.60,9,274.00,1.60,788,299.00,9.20,181.00,1.00,9,274.00,1.80,924,338.00,10.10,195.00
"2025-04-02 02:00:00",0.90,242.00,9.00,0.01,9,274.00,0.21,969,171.00,15.40,267.00,0.80,9,274.00,1.40,619,144.00,12.80,255.00,0.30,9,274.00,0.90,775,139.00,15.50,264.00
"2025-04-02 02:15:00",1.70,237.00,9.00,-0.01,9,277.00,0.21,971,151.00,15.40,253.00,1.60,9,277.00,2.00,640,135.00,12.80,253.00,0.50,9,277.00,0.90,729,114.00,15.40,252.00
"2025-04-02 02:30:00",1.60,253.00,9.00,-0.04,9,274.00,0.29,1063,173.00,15.90,269.00,1.30,9,274.00,1.90,721,152.00,13.50,266.00,0.90,9,274.00,1.40,836,159.00,14.80,262.00
"2025-04-02 02:45:00",1.80,240.00,9.00,-0.01,9,274.00,0.23,1104,251.00,14.00,243.00,1.70,9,274.00,1.70,781,239.00,11.50,208.00,0.70,9,274.00,0.90,890,255.00,12.90,205.00
"2025-04-02 03:00:00",2.10,249.00,9.00,-0.02,9,275.00,0.28,1188,387.00,10.10,226.00,1.80,9,275.00,2.20,892,368.00,7.90,155.00,1.10,9,275.00,1.30,963,426.00,7.60,150.00
"2025-04-02 03:15:00",1.80,258.00,9.00,-0.05,9,277.00,0.26,1159,273.00,13.00,239.00,1.40,9,277.00,1.60,823,251.00,10.70,211.00,1.20,9,277.00,1.20,936,282.00,11.30,224.00
"2025-04-02 03:30:00",1.50,260.00,9.00,-0.05,9,274.00,0.23,1133,206.00,14.90,259.00,1.10,9,274.00,1.30,835,187.00,13.20,252.00,1.00,9,274.00,1.00,919,203.00,13.90,255.00
"2025-04-02 03:45:00",0.70,223.00,9.00,0.05,9,275.00,0.17,1245,156.00,17.80,273.00,0.70,9,275.00,1.00,767,126.00,15.40,271.00,0.10,9,275.00,0.70,986,125.00,17.80,274.00
"2025-04-02 04:00:00",1.40,240.00,9.00,0.03,9,274.00,0.22,1268,166.00,17.30,272.00,1.30,9,274.00,1.40,907,146.00,15.40,274.00,0.50,9,274.00,1.00,1001,134.00,17.40,272.00
"2025-04-02 04:15:00",1.40,247.00,9.00,0.00,9,276.00,0.18,1183,151.00,16.80,256.00,1.30,9,276.00,1.30,736,132.00,14.00,254.00,0.70,9,276.00,0.90,910,116.00,16.90,256.00
"2025-04-02 04:30:00",2.00,241.00,9.00,0.05,9,274.00,0.23,1425,179.00,17.70,274.00,1.90,9,274.00,1.70,1000,163.00,15.30,274.00,0.80,9,274.00,1.00,1069,149.00,17.10,271.00
"2025-04-02 04:45:00",0.60,236.00,9.00,0.02,9,274.00,0.20,1303,186.00,16.80,271.00,0.60,9,274.00,1.00,850,164.00,13.90,270.00,0.20,9,274.00,0.70,917,128.00,17.10,271.00
"2025-04-02 05:00:00",0.70,254.00,9.00,0.00,9,273.00,0.20,1398,169.00,18.00,273.00,0.60,9,273.00,1.00,815,152.00,14.10,271.00,0.40,9,273.00,0.70,972,122.00,17.70,271.00
"2025-04-02 05:15:00",0.80,264.00,9.00,0.07,9,276.00,0.19,1278,171.00,16.40,251.00,0.60,9,276.00,1.10,822,154.00,13.70,252.00,0.60,9,276.00,0.80,948,126.00,16.70,252.00
"2025-04-02 05:30:00",0.20,10.00,9.00,0.08,9,273.00,0.14,1383,158.00,18.60,273.00,-0.20,9,273.00,0.70,637,138.00,13.00,266.00,0.10,9,273.00,0.70,753,114.00,16.30,271.00
"2025-04-02 05:45:00",0.20,35.00,9.00,0.06,9,274.00,0.13,1200,161.00,17.20,271.00,-0.20,9,274.00,0.80,592,146.00,11.90,259.00,0.00,9,274.00,0.60,754,121.00,15.80,270.00
"2025-04-02 06:00:00",0.50,240.00,9.00,0.09,9,273.00,0.15,1351,176.00,17.80,271.00,0.50,9,273.00,1.00,761,160.00,12.80,263.00,0.20,9,273.00,0.60,967,135.00,16.90,271.00
"2025-04-02 06:15:00",0.80,255.00,9.00,0.01,9,276.00,0.20,1330,176.00,16.70,254.00,0.70,9,276.00,0.90,889,155.00,14.00,253.00,0.50,9,276.00,0.80,994,135.00,16.10,255.00
"2025-04-02 06:30:00",0.30,306.00,9.00,0.05,9,273.00,0.18,1357,173.00,17.60,271.00,0.00,9,273.00,0.90,911,156.00,14.80,269.00,0.30,9,273.00,0.80,1058,130.00,17.90,273.00
"2025-04-02 06:45:00",0.40,344.00,9.00,0.02,9,273.00,0.12,1381,167.00,18.00,268.00,-0.30,9,273.00,0.90,779,146.00,14.00,270.00,0.30,9,273.00,0.50,923,119.00,17.50,272.00
"2025-04-02 07:00:00",0.40,3.00,9.00,0.05,9,274.00,0.18,1248,171.00,17.00,273.00,-0.30,9,274.00,0.90,801,152.00,14.00,271.00,0.20,9,274.00,0.80,968,138.00,17.00,271.00
"2025-04-02 07:15:00",0.60,0.00,9.00,0.09,9,275.00,0.19,1183,159.00,16.40,253.00,-0.50,9,275.00,1.10,945,140.00,15.30,255.00,0.40,9,275.00,1.00,949,134.00,16.20,255.00
"2025-04-02 07:30:00",0.40,299.00,9.00,0.00,9,274.00,0.19,1188,289.00,12.50,252.00,0.10,9,274.00,0.80,959,279.00,10.70,214.00,0.40,9,274.00,0.80,945,286.00,11.30,234.00
"2025-04-02 07:45:00",0.10,272.00,9.00,0.02,9,275.00,0.17,1083,154.00,16.70,275.00,0.10,9,275.00,0.70,774,122.00,15.70,268.00,0.10,9,275.00,0.80,837,120.00,16.70,273.00
"2025-04-02 08:00:00",0.60,83.00,9.00,0.08,9,274.00,0.16,1052,155.00,16.40,274.00,-0.40,9,274.00,0.60,722,117.00,15.70,265.00,-0.40,9,274.00,0.40,895,109.00,18.10,271.00
"2025-04-02 08:15:00",0.20,229.00,9.00,-0.06,9,275.00,0.18,1175,152.00,17.00,256.00,0.20,9,275.00,0.70,754,132.00,14.40,250.00,0.00,9,275.00,0.70,852,116.00,16.50,254.00
"2025-04-02 08:30:00",0.10,105.00,9.00,0.02,9,275.00,0.19,1106,143.00,17.50,275.00,-0.10,9,275.00,0.70,665,115.00,14.90,272.00,-0.10,9,275.00,0.70,880,109.00,17.90,274.00
"2025-04-02 08:45:00",0.10,193.00,9.00,-0.04,9,274.00,0.20,996,212.00,15.00,251.00,0.10,9,274.00,0.80,587,146.00,12.90,242.00,0.00,9,274.00,0.70,798,145.00,16.10,255.00
"2025-04-02 09:00:00",0.30,80.00,9.00,-0.04,9,274.00,0.17,955,172.00,15.40,268.00,-0.20,9,274.00,0.80,641,131.00,13.70,262.00,-0.20,9,274.00,0.70,755,123.00,16.30,266.00
"2025-04-02 09:15:00",0.30,308.00,9.00,-0.09,9,276.00,0.27,927,247.00,12.00,224.00,0.00,9,276.00,1.70,639,224.00,9.80,179.00,0.30,9,276.00,0.90,757,231.00,11.40,198.00
"2025-04-02 09:30:00",1.00,234.00,9.00,-0.06,9,274.00,0.23,1033,378.00,9.20,191.00,0.90,9,274.00,1.70,729,372.00,6.10,91.00,0.30,9,274.00,0.80,896,437.00,6.70,118.00
"2025-04-02 09:45:00",1.70,233.00,9.00,-0.04,9,274.00,0.25,1003,192.00,14.60,263.00,1.60,9,274.00,1.80,647,177.00,11.70,242.00,0.40,9,274.00,0.80,795,172.00,14.20,244.00
"2025-04-02 10:00:00",0.70,233.00,9.00,0.00,2,274.00,0.23,897,177.00,14.70,256.00,0.60,2,274.00,1.10,605,143.00,12.80,251.00,0.20,2,274.00,0.80,730,138.00,15.40,255.00
"2025-04-02 10:15:00",0.40,231.00,9.00,-0.02,2,276.00,0.17,952,159.00,15.40,253.00,0.40,2,276.00,0.70,545,127.00,12.70,245.00,0.10,2,276.00,0.60,714,111.00,16.10,254.00
"2025-04-02 10:30:00",0.20,233.00,9.00,-0.01,9,274.00,0.18,912,131.00,16.70,270.00,0.20,9,274.00,0.80,504,101.00,13.80,264.00,0.10,9,274.00,0.60,714,92.00,17.60,271.00
"2025-04-02 10:45:00",0.10,222.00,9.00,-0.01,9,275.00,0.17,851,134.00,15.80,272.00,0.10,9,275.00,0.90,518,104.00,13.70,261.00,0.00,9,275.00,0.70,723,94.00,17.60,272.00
"2025-04-02 11:00:00",0.50,233.00,9.00,0.02,9,274.00,0.22,907,152.00,15.70,268.00,0.50,9,274.00,1.80,601,128.00,13.50,262.00,0.10,9,274.00,0.70,742,110.00,16.70,269.00
"2025-04-02 11:15:00",0.40,273.00,9.00,0.01,9,276.00,0.36,876,173.00,13.50,251.00,0.30,9,276.00,2.20,702,167.00,11.70,242.00,0.40,9,276.00,1.40,689,130.00,13.80,251.00
"2025-04-02 11:30:00",0.30,249.00,9.00,0.07,9,274.00,0.26,902,203.00,13.30,257.00,0.30,9,274.00,1.40,629,180.00,10.80,248.00,0.20,9,274.00,0.90,735,163.00,13.70,252.00
"2025-04-02 11:45:00",0.30,237.00,9.00,0.10,9,275.00,0.30,899,158.00,14.90,271.00,0.30,9,275.00,1.50,675,147.00,12.80,269.00,0.10,9,275.00,1.00,728,123.00,15.30,270.00
"2025-04-02 12:00:00",1.40,256.00,9.00,0.28,2,275.00,0.58,1086,190.00,15.00,274.00,1.10,2,275.00,3.20,930,182.00,13.70,275.00,0.90,2,275.00,2.30,836,155.00,14.40,271.00
"2025-04-02 12:15:00",0.70,333.00,9.00,0.13,9,278.00,0.33,857,147.00,14.70,253.00,-0.30,9,278.00,1.60,619,117.00,13.60,252.00,0.60,9,278.00,2.30,649,118.00,14.50,252.00
"2025-04-02 12:30:00",0.30,300.00,9.00,0.01,9,276.00,0.22,869,177.00,14.50,255.00,0.00,9,276.00,1.30,611,150.00,12.90,236.00,0.30,9,276.00,0.90,735,159.00,14.80,243.00
"2025-04-02 12:45:00",0.50,262.00,9.00,0.05,9,276.00,0.26,919,201.00,14.30,259.00,0.30,9,276.00,1.30,631,152.00,13.10,255.00,0.30,9,276.00,1.20,750,154.00,14.70,259.00
"2025-04-02 13:00:00",1.40,310.00,9.00,-0.03,2,274.00,0.30,972,203.00,13.90,259.00,0.00,2,274.00,1.60,726,175.00,12.60,246.00,1.40,2,274.00,1.90,807,198.00,12.80,250.00
"2025-04-02 13:15:00",0.90,305.00,9.00,0.04,2,276.00,0.28,875,151.00,14.70,248.00,0.00,2,276.00,1.00,568,108.00,13.80,250.00,0.90,2,276.00,1.70,695,126.00,14.60,247.00
"2025-04-02 13:30:00",1.20,252.00,9.00,0.08,2,276.00,0.33,890,196.00,13.50,258.00,1.00,2,276.00,2.60,629,169.00,11.80,244.00,0.70,2,276.00,1.50,700,191.00,12.20,241.00
"2025-04-02 13:45:00",1.10,238.00,9.00,-0.05,2,276.00,0.23,950,193.00,14.60,259.00,1.00,2,276.00,1.10,686,177.00,12.90,237.00,0.40,2,276.00,0.90,807,182.00,14.40,238.00
"2025-04-02 14:00:00",0.50,222.00,9.00,0.07,9,274.00,0.29,975,163.00,15.80,263.00,0.50,9,274.00,1.10,726,127.00,15.20,265.00,0.00,9,274.00,0.70,840,124.00,17.10,264.00
"2025-04-02 14:15:00",0.50,310.00,9.00,0.02,9,276.00,0.25,907,184.00,14.10,243.00,0.00,9,276.00,1.20,637,137.00,13.10,240.00,0.50,9,276.00,1.00,737,146.00,14.50,246.00
"2025-04-02 14:30:00",0.50,343.00,9.00,0.02,9,276.00,0.23,903,155.00,15.10,267.00,-0.30,9,276.00,1.20,562,113.00,13.60,268.00,0.40,9,276.00,1.30,729,117.00,15.90,271.00
"2025-04-02 14:45:00",0.60,279.00,9.00,0.02,9,276.00,0.26,838,179.00,13.30,272.00,0.30,9,276.00,1.80,560,130.00,12.50,263.00,0.50,9,276.00,1.60,679,137.00,14.10,269.00
"2025-04-02 15:00:00",0.90,288.00,9.00,0.03,9,275.00,0.27,873,196.00,12.70,263.00,0.30,9,275.00,1.70,675,149.00,12.80,261.00,0.80,9,275.00,2.10,689,142.00,13.70,265.00
"2025-04-02 15:15:00",1.30,247.00,9.00,-0.04,2,278.00,0.37,763,184.00,11.90,245.00,1.10,2,278.00,3.20,525,145.00,10.90,251.00,0.60,2,278.00,1.70,632,134.00,13.00,248.00
"2025-04-02 15:30:00",0.70,287.00,9.00,0.01,2,276.00,0.35,813,183.00,13.10,261.00,0.30,2,276.00,2.70,592,148.00,12.10,262.00,0.70,2,276.00,1.70,643,150.00,13.00,260.00
"2025-04-02 15:45:00",0.60,308.00,9.00,0.03,2,276.00,0.29,769,141.00,14.70,270.00,0.00,2,276.00,2.60,495,122.00,12.40,261.00,0.60,2,276.00,1.70,612,118.00,14.40,268.00
"2025-04-02 16:00:00",1.30,237.00,9.00,0.05,2,275.00,0.51,830,164.00,14.20,269.00,1.30,2,275.00,3.30,591,134.00,12.90,270.00,0.40,2,275.00,1.50,690,127.00,14.90,268.00
"2025-04-02 16:15:00",0.80,239.00,9.00,-0.02,2,278.00,0.31,722,128.00,14.50,253.00,0.80,2,278.00,1.80,478,103.00,12.90,253.00,0.30,2,278.00,0.80,579,92.00,15.40,253.00
"2025-04-02 16:30:00",0.60,230.00,9.00,0.06,2,276.00,0.28,765,140.00,14.80,269.00,0.60,2,276.00,1.90,543,113.00,13.40,270.00,0.10,2,276.00,1.20,658,107.00,15.80,270.00
"2025-04-02 16:45:00",0.50,345.00,9.00,0.01,9,275.00,0.21,763,137.00,15.00,269.00,-0.30,9,275.00,1.20,463,106.00,13.00,265.00,0.40,9,275.00,1.20,614,113.00,14.90,266.00
"2025-04-02 17:00:00",0.40,277.00,9.00,0.05,9,276.00,0.27,786,137.00,15.00,271.00,0.20,9,276.00,1.90,506,105.00,13.50,270.00,0.30,9,276.00,1.40,628,110.00,15.20,271.00
"2025-04-02 17:15:00",0.20,314.00,9.00,0.05,9,278.00,0.20,698,118.00,14.70,254.00,0.00,9,278.00,1.30,454,95.00,12.90,250.00,0.20,9,278.00,0.80,593,95.00,15.30,254.00
"2025-04-02 17:30:00",0.10,311.00,9.00,0.05,9,274.00,0.18,713,117.00,15.50,269.00,0.00,9,274.00,1.10,396,90.00,12.70,267.00,0.10,9,274.00,0.70,570,87.00,16.10,272.00
"2025-04-02 17:45:00",0.40,274.00,9.00,0.01,9,274.00,0.19,687,113.00,15.50,271.00,0.20,9,274.00,0.80,412,84.00,13.50,269.00,0.30,9,274.00,0.60,571,83.00,16.60,272.00
"2025-04-02 18:00:00",0.30,248.00,9.00,0.05,9,274.00,0.18,742,113.00,16.10,271.00,0.20,9,274.00,0.90,401,91.00,12.60,265.00,0.10,9,274.00,0.70,585,80.00,17.00,272.00
"2025-04-02 18:15:00",0.20,314.00,9.00,0.03,9,276.00,0.19,662,131.00,13.80,247.00,0.00,9,276.00,0.80,408,108.00,11.40,238.00,0.20,9,276.00,0.50,556,96.00,15.30,245.00
"2025-04-02 18:30:00",0.30,250.00,9.00,0.03,9,274.00,0.19,739,120.00,15.50,271.00,0.20,9,274.00,0.80,422,103.00,12.00,264.00,0.20,9,274.00,0.70,601,84.00,16.80,273.00
"2025-04-02 18:45:00",0.40,238.00,9.00,0.01,9,274.00,0.18,766,178.00,13.30,252.00,0.40,9,274.00,0.80,490,163.00,10.40,210.00,0.10,9,274.00,0.70,656,173.00,13.20,228.00
"2025-04-02 19:00:00",1.00,252.00,9.00,0.00,9,274.00,0.20,894,134.00,16.20,274.00,0.80,9,274.00,1.20,568,114.00,13.60,272.00,0.50,9,274.00,1.00,720,103.00,16.70,271.00
"2025-04-02 19:15:00",0.80,246.00,9.00,0.03,9,276.00,0.19,859,120.00,16.10,257.00,0.70,9,276.00,1.00,476,99.00,13.00,252.00,0.40,9,276.00,0.90,622,92.00,15.70,254.00
"2025-04-02 19:30:00",0.60,243.00,9.00,0.03,9,274.00,0.18,849,127.00,16.20,271.00,0.60,9,274.00,0.90,515,93.00,14.60,274.00,0.30,9,274.00,0.70,683,92.00,17.20,270.00
"2025-04-02 19:45:00",1.60,243.00,9.00,0.02,9,274.00,0.22,1087,182.00,15.60,267.00,1.50,9,274.00,1.40,712,139.00,14.00,264.00,0.70,9,274.00,0.90,803,134.00,15.80,262.00
"2025-04-02 20:00:00",1.40,242.00,9.00,0.01,9,274.00,0.21,1058,164.00,15.80,270.00,1.30,9,274.00,1.40,711,133.00,14.30,269.00,0.60,9,274.00,0.90,756,120.00,15.80,269.00
"2025-04-02 20:15:00",1.10,243.00,9.00,-0.02,9,276.00,0.17,869,125.00,15.90,253.00,1.00,9,276.00,1.20,493,103.00,12.90,251.00,0.40,9,276.00,0.80,620,89.00,16.00,254.00
"2025-04-02 20:30:00",1.10,239.00,9.00,0.02,9,274.00,0.20,925,226.00,13.00,243.00,1.10,9,274.00,1.50,604,217.00,9.90,198.00,0.40,9,274.00,0.90,736,243.00,11.30,196.00
"2025-04-02 20:45:00",1.90,239.00,9.00,-0.01,9,273.00,0.20,1061,143.00,17.10,268.00,1.70,9,273.00,1.80,662,127.00,13.80,271.00,0.70,9,273.00,0.80,795,109.00,17.00,273.00
"2025-04-02 21:00:00",1.60,246.00,9.00,0.02,9,275.00,0.24,989,145.00,16.30,273.00,1.40,9,275.00,1.50,657,124.00,14.20,274.00,0.80,9,275.00,0.90,755,112.00,16.40,270.00
"2025-04-02 21:15:00",1.50,243.00,9.00,-0.02,9,276.00,0.22,893,146.00,15.00,251.00,1.40,9,276.00,1.60,596,122.00,13.10,252.00,0.60,9,276.00,0.90,698,112.00,15.40,250.00
"2025-04-02 21:30:00",1.30,236.00,9.00,0.01,9,274.00,0.22,1004,182.00,14.80,265.00,1.20,9,274.00,1.30,681,146.00,13.20,267.00,0.40,9,274.00,0.80,810,128.00,16.00,271.00
"2025-04-02 21:45:00",1.60,244.00,9.00,0.04,9,274.00,0.21,1012,156.00,16.00,273.00,1.40,9,274.00,1.30,718,136.00,14.20,270.00,0.70,9,274.00,0.90,801,113.00,16.80,274.00
"2025-04-02 22:00:00",1.60,243.00,9.00,0.06,9,274.00,0.21,1132,154.00,17.00,272.00,1.40,9,274.00,1.30,827,145.00,14.60,273.00,0.60,9,274.00,0.90,878,123.00,16.90,271.00
"2025-04-02 22:15:00",1.20,258.00,9.00,0.06,9,276.00,0.20,1053,141.00,16.40,256.00,0.90,9,276.00,1.20,682,113.00,14.70,257.00,0.70,9,276.00,1.00,767,113.00,15.80,254.00
"2025-04-02 22:30:00",0.50,274.00,9.00,0.02,9,273.00,0.16,1081,146.00,17.10,271.00,0.30,9,273.00,0.80,592,114.00,13.90,272.00,0.40,9,273.00,0.60,815,110.00,17.30,270.00
"2025-04-02 22:45:00",1.00,270.00,9.00,-0.01,9,274.00,0.21,1049,265.00,12.80,246.00,0.60,9,274.00,1.30,734,237.00,10.60,214.00,0.80,9,274.00,1.00,844,283.00,10.60,212.00
"2025-04-02 23:00:00",1.30,255.00,9.00,0.00,9,274.00,0.23,1161,402.00,9.30,210.00,1.00,9,274.00,1.50,796,376.00,6.50,126.00,0.80,9,274.00,1.20,945,445.00,6.60,133.00
"2025-04-02 23:15:00",1.60,246.00,9.00,-0.03,9,276.00,0.20,1138,187.00,15.50,250.00,1.40,9,276.00,1.40,727,168.00,12.80,245.00,0.70,9,276.00,0.90,914,174.00,15.00,242.00
"2025-04-02 23:30:00",1.40,247.00,9.00,0.02,9,274.00,0.22,1186,155.00,17.40,273.00,1.20,9,274.00,1.20,875,142.00,15.60,273.00,0.70,9,274.00,0.80,917,121.00,17.40,273.00
"2025-04-02 23:45:00",0.10,52.00,9.00,0.10,9,274.00,0.22,1162,163.00,16.70,271.00,-0.10,9,274.00,1.00,761,135.00,14.50,269.00,0.00,9,274.00,0.80,806,117.00,16.40,273.00
"2025-04-03 00:00:00",0.30,34.00,9.00,0.01,9,274.00,0.21,1238,164.00,17.20,274.00,-0.30,9,274.00,1.10,952,142.00,16.20,274.00,0.00,9,274.00,0.80,934,118.00,17.80,271.00
"2025-04-03 00:15:00",0.60,82.00,9.00,0.08,9,276.00,0.20,1116,164.00,15.70,255.00,-0.40,9,276.00,0.60,657,119.00,13.90,252.00,-0.40,9,276.00,0.70,900,106.00,17.70,255.00
"2025-04-03 00:30:00",1.00,94.00,9.00,0.18,9,275.00,0.16,1130,207.00,15.40,265.00,-0.50,9,275.00,0.50,735,146.00,14.30,267.00,-0.80,9,275.00,0.60,869,138.00,16.30,273.00
"2025-04-03 00:45:00",0.90,83.00,9.00,0.06,9,274.00,0.12,1114,144.00,17.40,274.00,-0.60,9,274.00,0.30,727,104.00,16.80,274.00,-0.60,9,274.00,0.40,792,92.00,18.40,272.00
"2025-04-03 01:00:00",0.90,83.00,9.00,0.06,9,274.00,0.12,1176,140.00,18.30,273.00,-0.60,9,274.00,0.60,538,101.00,14.20,271.00,-0.60,9,274.00,0.30,809,84.00,19.60,274.00
"2025-04-03 01:15:00",1.40,69.00,9.00,0.16,9,277.00,0.12,893,141.00,15.30,253.00,-1.20,9,277.00,0.40,671,109.00,15.10,257.00,-0.70,9,277.00,0.30,870,89.00,18.90,255.00
"2025-04-03 01:30:00",0.80,47.00,9.00,0.10,9,274.00,0.20,1140,159.00,16.90,273.00,-0.80,9,274.00,0.60,847,124.00,16.20,273.00,-0.10,9,274.00,0.60,908,115.00,18.00,271.00
"2025-04-03 01:45:00",0.50,10.00,9.00,0.00,9,274.00,0.19,1006,148.00,16.30,273.00,-0.40,9,274.00,0.70,718,119.00,15.00,271.00,0.20,9,274.00,0.60,776,104.00,17.20,274.00
"2025-04-03 02:00:00",0.30,64.00,9.00,0.09,9,275.00,0.20,981,209.00,14.00,260.00,-0.30,9,275.00,0.60,815,144.00,14.90,265.00,-0.10,9,275.00,0.80,920,152.00,16.00,268.00
"2025-04-03 02:15:00",0.90,86.00,9.00,0.16,9,276.00,0.15,1005,156.00,15.40,255.00,-0.60,9,276.00,0.40,719,115.00,15.20,254.00,-0.70,9,276.00,0.70,686,113.00,15.20,255.00
"2025-04-03 02:30:00",0.60,124.00,9.00,0.04,9,274.00,0.11,1056,143.00,17.20,274.00,0.00,9,274.00,0.40,617,98.00,15.80,273.00,-0.60,9,274.00,0.30,715,92.00,17.70,274.00
"2025-04-03 02:45:00",0.40,187.00,9.00,0.00,9,274.00,0.14,971,191.00,15.00,250.00,0.30,9,274.00,0.40,784,137.00,15.60,272.00,-0.20,9,274.00,0.60,614,128.00,14.70,258.00
"2025-04-03 03:00:00",0.60,240.00,9.00,-0.07,9,275.00,0.11,1104,146.00,17.40,274.00,0.60,9,275.00,0.40,804,114.00,16.70,274.00,0.20,9,275.00,0.30,923,98.00,19.40,274.00
"2025-04-03 03:15:00",0.20,123.00,9.00,0.03,9,276.00,0.13,1087,139.00,16.90,257.00,0.00,9,276.00,0.40,672,109.00,15.00,253.00,-0.20,9,276.00,0.40,827,94.00,17.90,257.00
"2025-04-03 03:30:00",0.40,99.00,9.00,0.04,9,274.00,0.12,1030,142.00,16.90,274.00,-0.20,9,274.00,0.60,581,106.00,14.40,267.00,-0.30,9,274.00,0.40,995,94.00,20.50,274.00
"2025-04-03 03:45:00",0.50,129.00,9.00,0.02,9,275.00,0.16,1032,141.00,17.00,275.00,0.00,9,275.00,0.40,853,105.00,17.80,275.00,-0.50,9,275.00,0.30,973,96.00,19.90,275.00
"2025-04-03 04:00:00",1.10,98.00,9.00,0.14,9,274.00,0.13,1005,140.00,16.80,273.00,-0.50,9,274.00,0.80,552,103.00,14.20,273.00,-0.90,9,274.00,0.20,901,87.00,20.20,272.00
"2025-04-03 04:15:00",0.40,261.00,9.00,0.02,9,277.00,0.14,947,191.00,14.00,234.00,0.30,9,277.00,0.50,602,134.00,12.70,246.00,0.30,9,277.00,0.60,662,116.00,15.00,256.00
"2025-04-03 04:30:00",0.40,177.00,9.00,0.07,9,274.00,0.14,999,143.00,16.50,273.00,0.30,9,274.00,0.70,533,116.00,12.90,265.00,-0.30,9,274.00,0.60,649,103.00,15.80,272.00
"2025-04-03 04:45:00",0.20,89.00,9.00,0.12,9,274.00,0.16,1085,149.00,16.80,274.00,-0.20,9,274.00,0.70,748,117.00,15.80,274.00,-0.20,9,274.00,0.60,716,98.00,17.00,274.00
"2025-04-03 05:00:00",0.50,94.00,9.00,0.15,9,273.00,0.16,919,150.00,15.70,270.00,-0.30,9,273.00,0.60,687,125.00,14.80,268.00,-0.40,9,273.00,0.40,808,111.00,17.20,273.00
"2025-04-03 05:15:00",0.20,160.00,9.00,0.08,9,275.00,0.12,1007,128.00,17.20,256.00,0.10,9,275.00,0.40,623,114.00,14.30,251.00,-0.10,9,275.00,0.50,646,101.00,15.50,252.00
"2025-04-03 05:30:00",0.40,182.00,9.00,0.10,9,274.00,0.13,1123,165.00,17.50,259.00,0.30,9,274.00,1.10,502,131.00,11.90,253.00,-0.20,9,274.00,0.50,635,120.00,14.80,251.00
"2025-04-03 05:45:00",0.20,146.00,9.00,0.09,9,273.00,0.16,778,139.00,14.80,270.00,0.10,9,273.00,0.70,490,119.00,12.30,263.00,-0.20,9,273.00,0.50,661,106.00,15.60,267.00
"2025-04-03 06:00:00",0.40,25.00,9.00,0.02,9,273.00,0.14,1000,136.00,17.20,272.00,-0.40,9,273.00,0.60,519,106.00,13.70,268.00,0.10,9,273.00,0.40,833,89.00,19.20,272.00
"2025-04-03 06:15:00",0.20,193.00,9.00,0.08,9,276.00,0.14,1096,135.00,17.30,255.00,0.20,9,276.00,0.60,617,110.00,14.30,251.00,-0.10,9,276.00,0.50,752,92.00,17.40,255.00
"2025-04-03 06:30:00",0.60,258.00,9.00,0.01,9,273.00,0.20,884,144.00,15.70,271.00,0.50,9,273.00,0.50,794,120.00,16.40,268.00,0.40,9,273.00,0.60,782,109.00,17.00,272.00
"2025-04-03 06:45:00",0.40,264.00,9.00,0.02,9,273.00,0.16,979,161.00,15.80,264.00,0.30,9,273.00,0.60,608,121.00,14.30,258.00,0.30,9,273.00,0.60,821,115.00,17.50,269.00
"2025-04-03 07:00:00",0.50,226.00,9.00,-0.02,9,274.00,0.17,888,150.00,15.30,271.00,0.50,9,274.00,0.40,840,115.00,17.00,272.00,0.10,9,274.00,0.50,946,104.00,19.20,272.00
"2025-04-03 07:15:00",0.10,151.00,9.00,0.09,9,275.00,0.16,989,150.00,15.70,256.00,0.00,9,275.00,0.50,628,114.00,14.10,251.00,-0.10,9,275.00,0.40,956,96.00,19.10,256.00
"2025-04-03 07:30:00",0.50,233.00,9.00,0.02,9,274.00,0.15,1013,142.00,16.90,273.00,0.50,9,274.00,0.50,644,115.00,14.60,271.00,0.10,9,274.00,0.60,770,97.00,17.60,273.00
"2025-04-03 07:45:00",0.20,206.00,9.00,0.06,9,274.00,0.17,987,140.00,16.60,273.00,0.20,9,274.00,0.60,608,116.00,14.10,273.00,0.00,9,274.00,0.60,888,99.00,18.90,274.00
"2025-04-03 08:00:00",0.20,244.00,9.00,0.04,9,274.00,0.16,1048,153.00,16.50,272.00,0.20,9,274.00,0.60,649,122.00,14.20,269.00,0.10,9,274.00,0.60,788,105.00,17.20,272.00
"2025-04-03 08:15:00",0.30,203.00,9.00,0.03,9,276.00,0.16,904,166.00,14.40,243.00,0.20,9,276.00,0.70,585,129.00,12.70,247.00,-0.10,9,276.00,0.60,760,114.00,16.00,254.00
"2025-04-03 08:30:00",0.80,229.00,9.00,0.02,9,275.00,0.15,1021,151.00,16.40,274.00,0.80,9,275.00,1.00,671,131.00,14.00,271.00,0.20,9,275.00,0.70,886,108.00,17.90,274.00
"2025-04-03 08:45:00",0.30,241.00,9.00,0.02,9,274.00,0.19,968,153.00,15.70,272.00,0.30,9,274.00,0.80,602,118.00,13.80,271.00,0.10,9,274.00,0.60,815,103.00,17.70,273.00
"2025-04-03 09:00:00",0.30,76.00,9.00,0.02,9,273.00,0.18,971,149.00,16.10,269.00,-0.20,9,273.00,0.80,537,114.00,13.20,265.00,-0.20,9,273.00,0.50,791,109.00,17.00,268.00
"2025-04-03 09:15:00",0.50,241.00,9.00,-0.03,9,276.00,0.20,997,165.00,15.20,250.00,0.40,9,276.00,1.00,628,133.00,12.90,245.00,0.20,9,276.00,0.70,801,124.00,15.70,252.00
"2025-04-03 09:30:00",0.10,100.00,9.00,-0.04,9,274.00,0.16,1068,175.00,16.00,267.00,0.00,9,274.00,0.80,738,145.00,14.10,261.00,-0.10,9,274.00,0.70,938,140.00,17.00,267.00
"2025-04-03 09:45:00",0.30,76.00,9.00,-0.06,9,274.00,0.18,1014,157.00,15.90,271.00,-0.20,9,274.00,1.00,716,133.00,14.30,269.00,-0.20,9,274.00,0.80,878,121.00,17.10,270.00
"2025-04-03 10:00:00",0.50,108.00,9.00,0.18,2,274.00,0.34,1221,187.00,16.00,270.00,-0.20,2,274.00,1.60,1053,153.00,16.20,274.00,-0.50,2,274.00,0.70,933,119.00,17.60,273.00
"2025-04-03 10:15:00",0.40,52.00,9.00,-0.02,2,276.00,0.19,926,158.00,14.60,251.00,-0.40,2,276.00,1.00,623,129.00,12.80,249.00,-0.10,2,276.00,0.70,787,112.00,16.10,253.00
"2025-04-03 10:30:00",1.00,54.00,9.00,-0.05,2,275.00,0.23,991,158.00,15.70,274.00,-0.90,2,275.00,1.00,794,133.00,15.10,274.00,-0.30,2,275.00,0.80,808,111.00,16.90,275.00
"2025-04-03 10:45:00",0.50,78.00,9.00,0.00,2,275.00,0.21,836,136.00,15.50,270.00,-0.40,2,275.00,1.00,566,105.00,14.00,270.00,-0.30,2,275.00,0.70,736,95.00,17.40,273.00
"2025-04-03 11:00:00",0.60,77.00,9.00,0.04,2,276.00,0.31,881,165.00,14.50,268.00,-0.50,2,276.00,1.20,620,130.00,13.00,262.00,-0.40,2,276.00,0.90,755,124.00,15.90,266.00
"2025-04-03 11:15:00",0.50,89.00,9.00,0.01,2,278.00,0.20,702,119.00,14.80,256.00,-0.30,2,278.00,1.30,507,96.00,13.50,256.00,-0.40,2,278.00,0.80,570,81.00,16.20,257.00
"2025-04-03 11:30:00",0.60,86.00,9.00,0.03,2,276.00,0.24,749,128.00,15.10,269.00,-0.40,2,276.00,1.20,528,103.00,13.60,268.00,-0.50,2,276.00,0.90,666,90.00,17.20,271.00
"2025-04-03 11:45:00",0.50,104.00,9.00,-0.01,2,276.00,0.19,748,127.00,15.00,271.00,-0.20,2,276.00,1.00,500,109.00,12.70,265.00,-0.50,2,276.00,0.80,650,86.00,17.20,275.00
"2025-04-03 12:00:00",0.50,110.00,9.00,0.02,2,276.00,0.23,821,130.00,15.70,271.00,-0.20,2,276.00,1.00,556,112.00,13.20,269.00,-0.50,2,276.00,1.10,645,91.00,16.70,272.00
"2025-04-03 12:15:00",1.00,54.00,9.00,0.07,2,278.00,0.34,836,185.00,13.60,237.00,-0.90,2,278.00,1.50,693,164.00,12.40,240.00,-0.30,2,278.00,1.10,679,133.00,14.60,248.00
"2025-04-03 12:30:00",0.80,71.00,9.00,-0.01,2,277.00,0.27,816,131.00,15.70,272.00,-0.70,2,277.00,1.50,622,114.00,14.00,274.00,-0.40,2,277.00,1.50,659,103.00,16.20,271.00
"2025-04-03 12:45:00",0.90,72.00,9.00,0.04,2,276.00,0.27,764,127.00,15.30,272.00,-0.80,2,276.00,1.20,596,110.00,14.10,270.00,-0.50,2,276.00,0.90,653,90.00,17.00,275.00
"2025-04-03 13:00:00",1.10,92.00,9.00,0.03,2,276.00,0.28,876,144.00,15.40,272.00,-0.70,2,276.00,1.40,674,125.00,13.80,271.00,-0.90,2,276.00,1.20,709,109.00,16.10,273.00
"2025-04-03 13:15:00",0.70,89.00,9.00,-0.02,2,279.00,0.20,703,120.00,14.60,252.00,-0.50,2,279.00,1.00,465,105.00,12.00,249.00,-0.60,2,279.00,0.90,577,87.00,15.40,257.00
"2025-04-03 13:30:00",1.00,90.00,9.00,0.01,2,277.00,0.26,893,168.00,15.10,260.00,-0.60,2,277.00,1.20,713,141.00,14.00,259.00,-0.80,2,277.00,1.00,708,123.00,15.60,265.00
"2025-04-03 13:45:00",0.80,83.00,9.00,0.00,2,276.00,0.23,827,148.00,15.00,270.00,-0.60,2,276.00,1.10,596,122.00,13.10,265.00,-0.60,2,276.00,1.10,684,111.00,15.80,274.00
"2025-04-03 14:00:00",0.90,93.00,9.00,0.08,2,277.00,0.30,856,131.00,15.90,275.00,-0.50,2,277.00,1.50,643,112.00,14.50,276.00,-0.70,2,277.00,1.10,689,101.00,16.50,273.00
"2025-04-03 14:15:00",0.90,72.00,9.00,0.01,2,278.00,0.31,785,126.00,14.90,257.00,-0.70,2,278.00,1.50,645,119.00,13.50,256.00,-0.50,2,278.00,1.10,601,90.00,15.50,254.00
"2025-04-03 14:30:00",0.40,77.00,9.00,0.01,2,277.00,0.20,689,112.00,15.40,276.00,-0.30,2,277.00,0.90,496,101.00,13.30,274.00,-0.30,2,277.00,0.80,524,79.00,16.50,272.00
"2025-04-03 14:45:00",0.40,106.00,9.00,0.02,9,277.00,0.19,679,105.00,15.90,276.00,-0.20,9,277.00,1.00,469,96.00,13.30,270.00,-0.40,9,277.00,0.60,557,74.00,17.20,274.00
"2025-04-03 15:00:00",0.80,354.00,9.00,0.22,2,276.00,0.41,917,176.00,14.40,271.00,-0.60,2,276.00,2.00,851,158.00,14.30,272.00,0.60,2,276.00,1.70,817,152.00,15.10,266.00
"2025-04-03 15:15:00",1.70,28.00,9.00,-0.09,2,279.00,0.39,855,136.00,15.00,258.00,-1.60,2,279.00,2.20,717,135.00,13.60,258.00,0.30,2,279.00,1.30,674,95.00,16.10,258.00
"2025-04-03 15:30:00",1.30,14.00,9.00,-0.02,2,276.00,0.36,890,132.00,16.40,272.00,-1.20,2,276.00,1.80,740,126.00,14.80,271.00,0.50,2,276.00,1.30,699,98.00,16.90,272.00
"2025-04-03 15:45:00",1.60,8.00,9.00,-0.07,2,277.00,0.31,885,133.00,16.40,272.00,-1.30,2,277.00,1.80,782,131.00,15.00,275.00,0.80,2,277.00,1.20,747,106.00,17.10,270.00
"2025-04-03 16:00:00",0.90,359.00,9.00,0.03,9,276.00,0.23,781,106.00,17.00,275.00,-0.70,9,276.00,1.30,540,96.00,14.40,274.00,0.60,9,276.00,1.00,651,93.00,17.10,269.00
"2025-04-03 16:15:00",1.20,289.00,9.00,0.10,2,279.00,0.43,964,193.00,13.90,247.00,0.40,2,279.00,2.40,738,161.00,12.70,243.00,1.10,2,279.00,2.00,751,170.00,13.10,243.00
"2025-04-03 16:30:00",2.00,264.00,9.00,0.13,2,276.00,0.40,1013,168.00,15.50,271.00,1.40,2,276.00,2.60,759,147.00,14.00,275.00,1.40,2,276.00,2.30,835,170.00,13.90,274.00
"2025-04-03 16:45:00",1.30,251.00,9.00,0.11,2,277.00,0.27,867,139.00,15.80,272.00,1.10,2,277.00,2.40,631,129.00,13.60,273.00,0.70,2,277.00,1.50,711,125.00,15.30,272.00
"2025-04-03 17:00:00",0.90,289.00,9.00,0.02,9,276.00,0.30,820,140.00,15.30,271.00,0.30,9,276.00,1.30,569,115.00,13.60,270.00,0.80,9,276.00,1.40,695,119.00,15.40,271.00
"2025-04-03 17:15:00",0.50,246.00,9.00,0.07,9,279.00,0.21,751,126.00,14.90,253.00,0.40,9,279.00,1.20,491,107.00,12.70,251.00,0.20,9,279.00,0.80,642,99.00,15.50,254.00
"2025-04-03 17:30:00",0.30,236.00,9.00,0.07,9,276.00,0.19,785,140.00,15.10,266.00,0.30,9,276.00,0.90,469,116.00,12.20,263.00,0.10,9,276.00,0.70,638,115.00,15.40,260.00
"2025-04-03 17:45:00",0.40,220.00,9.00,0.12,2,276.00,0.22,799,152.00,14.60,268.00,0.40,2,276.00,1.20,466,122.00,11.70,263.00,0.00,2,276.00,0.80,661,120.00,15.20,268.00
"2025-04-03 18:00:00",0.30,215.00,9.00,0.09,9,276.00,0.21,795,125.00,15.80,275.00,0.30,9,276.00,1.00,464,107.00,12.70,268.00,0.00,9,276.00,0.70,660,97.00,16.50,272.00
"2025-04-03 18:15:00",0.30,256.00,9.00,0.04,9,277.00,0.20,802,128.00,15.00,257.00,0.20,9,277.00,0.90,428,101.00,12.00,253.00,0.20,9,277.00,0.60,649,97.00,15.70,257.00
"2025-04-03 18:30:00",0.60,245.00,9.00,0.03,9,276.00,0.20,793,141.00,14.80,272.00,0.50,9,276.00,1.20,506,111.00,13.10,267.00,0.30,9,276.00,0.70,687,109.00,15.90,273.00
"2025-04-03 18:45:00",0.60,237.00,9.00,0.07,9,276.00,0.20,804,137.00,15.10,274.00,0.60,9,276.00,1.10,500,107.00,13.10,270.00,0.20,9,276.00,0.70,720,107.00,16.40,273.00
"2025-04-03 19:00:00",0.80,245.00,9.00,0.06,9,276.00,0.21,890,163.00,15.00,269.00,0.70,9,276.00,1.30,541,128.00,12.60,264.00,0.40,9,276.00,0.90,754,126.00,15.90,267.00
"2025-04-03 19:15:00",1.80,240.00,9.00,0.05,9,277.00,0.25,849,145.00,14.60,256.00,1.70,9,277.00,1.90,626,127.00,13.10,258.00,0.70,9,277.00,1.00,749,117.00,15.40,254.00
"2025-04-03 19:30:00",0.70,249.00,9.00,0.02,9,274.00,0.24,865,145.00,15.30,271.00,0.60,9,274.00,1.50,560,115.00,13.60,269.00,0.30,9,274.00,0.80,717,110.00,16.10,269.00
"2025-04-03 19:45:00",0.40,276.00,9.00,-0.01,9,274.00,0.23,842,140.00,15.30,272.00,0.20,9,274.00,1.50,587,122.00,13.30,272.00,0.40,9,274.00,0.80,660,106.00,15.70,268.00
"2025-04-03 20:00:00",1.20,267.00,9.00,-0.18,9,274.00,0.36,919,166.00,14.90,269.00,0.80,9,274.00,1.70,728,133.00,14.40,273.00,0.90,9,274.00,1.10,788,118.00,16.30,271.00
"2025-04-03 20:15:00",0.90,277.00,9.00,-0.06,9,276.00,0.28,819,162.00,13.70,243.00,0.40,9,276.00,2.00,634,137.00,12.80,247.00,0.70,9,276.00,1.00,697,129.00,14.40,248.00
"2025-04-03 20:30:00",1.30,255.00,9.00,-0.02,9,274.00,0.27,845,153.00,14.70,272.00,1.00,9,274.00,1.60,591,123.00,13.30,271.00,0.80,9,274.00,1.10,711,116.00,15.60,274.00
"2025-04-03 20:45:00",1.70,256.00,9.00,-0.06,9,274.00,0.28,866,150.00,15.10,270.00,1.30,9,274.00,1.60,656,129.00,13.80,269.00,1.10,9,274.00,1.00,717,119.00,15.50,270.00
"2025-04-03 21:00:00",1.80,254.00,9.00,-0.12,9,274.00,0.33,884,156.00,15.00,269.00,1.50,9,274.00,1.50,776,139.00,14.40,269.00,1.10,9,274.00,0.90,737,114.00,16.10,269.00
"2025-04-03 21:15:00",1.90,244.00,9.00,-0.01,9,276.00,0.31,801,139.00,14.40,251.00,1.70,9,276.00,2.10,525,122.00,12.00,254.00,0.90,9,276.00,1.10,660,112.00,14.70,251.00
"2025-04-03 21:30:00",1.70,249.00,9.00,0.01,9,274.00,0.27,841,148.00,14.90,273.00,1.50,9,274.00,2.00,575,133.00,12.40,271.00,0.90,9,274.00,1.00,660,117.00,14.90,269.00
"2025-04-03 21:45:00",1.60,256.00,9.00,-0.05,9,274.00,0.32,857,176.00,13.80,259.00,1.30,9,274.00,1.80,648,164.00,11.70,258.00,1.00,9,274.00,1.00,723,137.00,14.80,262.00
"2025-04-03 22:00:00",1.70,265.00,9.00,-0.14,9,274.00,0.40,934,174.00,14.30,269.00,1.20,9,274.00,1.70,819,166.00,13.20,270.00,1.30,9,274.00,1.10,780,129.00,15.40,269.00
"2025-04-03 22:15:00",1.50,251.00,9.00,-0.07,9,276.00,0.27,825,148.00,14.20,252.00,1.30,9,276.00,1.70,583,138.00,11.80,250.00,0.80,9,276.00,1.00,669,116.00,14.50,252.00
"2025-04-03 22:30:00",1.30,255.00,9.00,-0.06,9,273.00,0.25,860,148.00,14.90,270.00,1.10,9,273.00,1.40,650,138.00,13.10,269.00,0.80,9,273.00,0.80,713,107.00,16.30,272.00
"2025-04-03 22:45:00",1.60,259.00,9.00,-0.16,9,274.00,0.41,965,177.00,14.50,269.00,1.20,9,274.00,1.70,830,154.00,14.10,270.00,1.00,9,274.00,1.40,837,126.00,16.20,272.00
"2025-04-03 23:00:00",2.00,257.00,9.00,-0.11,9,274.00,0.49,1142,207.00,14.90,271.00,1.60,9,274.00,2.50,922,173.00,13.90,270.00,1.30,9,274.00,1.70,986,167.00,15.60,269.00
"2025-04-03 23:15:00",2.30,276.00,9.00,-0.18,9,276.00,0.40,1041,178.00,14.50,254.00,1.20,9,276.00,2.10,1031,167.00,14.60,256.00,1.90,9,276.00,1.60,910,147.00,15.00,252.00
"2025-04-03 23:30:00",1.20,256.00,9.00,0.01,9,274.00,0.27,1024,167.00,15.40,270.00,1.00,9,274.00,1.30,826,151.00,14.10,268.00,0.70,9,274.00,1.10,884,128.00,16.60,269.00
"2025-04-03 23:45:00",0.30,139.00,9.00,0.05,9,274.00,0.23,1118,170.00,15.80,273.00,0.10,9,274.00,1.20,926,155.00,14.90,274.00,-0.30,9,274.00,1.00,982,131.00,17.00,272.00
"2025-04-04 00:00:00",0.20,329.00,9.00,0.02,9,274.00,0.15,1039,150.00,16.50,274.00,-0.10,9,274.00,0.70,689,135.00,13.50,271.00,0.20,9,274.00,0.60,728,102.00,16.70,274.00
"2025-04-04 00:15:00",0.40,262.00,9.00,-0.02,9,276.00,0.15,998,155.00,15.60,254.00,0.30,9,276.00,1.00,554,124.00,12.40,242.00,0.30,9,276.00,0.50,738,118.00,15.60,254.00
"2025-04-04 00:30:00",0.10,216.00,9.00,0.08,9,274.00,0.14,1140,148.00,17.50,274.00,0.10,9,274.00,0.60,698,121.00,14.90,270.00,0.00,9,274.00,0.60,783,107.00,17.00,273.00
"2025-04-04 00:45:00",0.50,287.00,9.00,-0.05,9,275.00,0.18,848,137.00,15.40,275.00,0.20,9,275.00,0.70,477,105.00,12.70,268.00,0.50,9,275.00,0.60,666,97.00,16.40,273.00
"2025-04-04 01:00:00",0.20,38.00,9.00,0.05,9,273.00,0.17,973,132.00,17.00,272.00,-0.20,9,273.00,0.70,505,109.00,13.00,268.00,0.00,9,273.00,0.70,599,94.00,15.80,273.00
"2025-04-04 01:15:00",0.30,309.00,9.00,0.01,9,276.00,0.15,842,133.00,15.30,254.00,0.00,9,276.00,0.60,563,107.00,13.80,255.00,0.30,9,276.00,0.50,754,102.00,16.50,256.00
"2025-04-04 01:30:00",0.00,179.00,9.00,0.02,9,274.00,0.15,1107,143.00,17.40,274.00,0.00,9,274.00,0.70,579,114.00,13.60,271.00,0.00,9,274.00,0.90,652,105.00,15.40,273.00
"2025-04-04 01:45:00",1.10,126.00,9.00,0.10,9,273.00,0.15,1298,194.00,17.20,256.00,0.00,9,273.00,0.80,921,167.00,14.70,259.00,-1.10,9,273.00,0.90,964,177.00,15.40,255.00
"2025-04-04 02:00:00",0.70,144.00,9.00,-0.04,9,274.00,0.23,1226,160.00,17.20,274.00,0.20,9,274.00,1.00,994,142.00,16.30,274.00,-0.70,9,274.00,1.00,998,132.00,17.10,273.00
"2025-04-04 02:15:00",1.90,127.00,9.00,-0.01,9,275.00,0.16,1142,150.00,16.70,256.00,0.00,9,275.00,0.80,842,129.00,15.10,255.00,-1.90,9,275.00,1.80,849,157.00,13.80,256.00
"2025-04-04 02:30:00",1.20,120.00,9.00,-0.01,9,274.00,0.16,1095,149.00,16.90,271.00,-0.20,9,274.00,0.70,735,124.00,14.80,271.00,-1.20,9,274.00,1.50,896,150.00,15.30,274.00
"2025-04-04 02:45:00",1.40,126.00,9.00,0.03,9,273.00,0.17,1049,142.00,17.10,272.00,-0.10,9,273.00,0.80,716,119.00,15.00,272.00,-1.40,9,273.00,1.00,869,126.00,16.60,273.00
"2025-04-04 03:00:00",0.90,121.00,9.00,0.05,9,274.00,0.19,1011,198.00,14.60,266.00,-0.10,9,274.00,0.70,793,164.00,13.70,262.00,-0.90,9,274.00,1.00,819,167.00,14.30,265.00
"2025-04-04 03:15:00",0.20,146.00,9.00,0.02,9,275.00,0.12,1129,132.00,17.50,254.00,0.10,9,275.00,0.60,587,105.00,14.30,255.00,-0.20,9,275.00,0.70,684,96.00,16.30,256.00
"2025-04-04 03:30:00",0.30,47.00,9.00,0.04,9,274.00,0.16,1063,141.00,17.20,274.00,-0.30,9,274.00,0.60,669,117.00,14.50,272.00,0.00,9,274.00,0.50,751,105.00,16.60,272.00
"2025-04-04 03:45:00",0.20,338.00,9.00,0.04,9,273.00,0.14,1103,138.00,17.70,273.00,-0.10,9,273.00,0.60,645,117.00,14.40,271.00,0.20,9,273.00,0.60,727,102.00,16.70,273.00
"2025-04-04 04:00:00",0.10,49.00,9.00,0.04,9,274.00,0.10,1119,138.00,17.90,274.00,-0.10,9,274.00,0.50,659,125.00,14.00,274.00,0.00,9,274.00,0.60,716,104.00,16.30,271.00
"2025-04-04 04:15:00",0.30,7.00,9.00,0.05,9,275.00,0.11,987,171.00,15.20,247.00,-0.30,9,275.00,0.40,681,123.00,14.50,240.00,0.20,9,275.00,0.80,492,125.00,12.10,235.00
"2025-04-04 04:30:00",0.30,68.00,9.00,0.11,9,274.00,0.13,845,132.00,15.60,272.00,-0.30,9,274.00,0.50,564,120.00,13.00,271.00,-0.20,9,274.00,0.50,788,101.00,17.60,273.00
"2025-04-04 04:45:00",0.30,64.00,9.00,0.08,9,273.00,0.14,969,136.00,16.70,271.00,-0.30,9,273.00,0.50,554,122.00,12.80,268.00,-0.10,9,273.00,0.70,610,97.00,15.70,272.00
"2025-04-04 05:00:00",0.10,142.00,9.00,0.04,9,273.00,0.16,882,135.00,16.10,273.00,0.00,9,273.00,0.50,633,111.00,14.80,269.00,-0.10,9,273.00,0.60,625,99.00,15.60,270.00
"2025-04-04 05:15:00",0.50,114.00,9.00,0.01,9,276.00,0.16,879,132.00,15.60,255.00,-0.10,9,276.00,0.70,624,109.00,14.30,255.00,-0.50,9,276.00,0.80,681,105.00,15.40,254.00
"2025-04-04 05:30:00",2.80,131.00,9.00,0.07,9,273.00,0.26,1386,193.00,16.70,273.00,0.10,9,273.00,1.20,1054,163.00,15.40,271.00,-2.80,2,273.00,2.20,1139,208.00,14.20,273.00
"2025-04-04 05:45:00",4.30,133.00,9.00,0.14,9,274.00,0.29,1426,233.00,15.80,269.00,0.40,9,274.00,1.40,1379,218.00,15.80,269.00,-4.30,2,274.00,2.00,1277,258.00,13.80,264.00
"2025-04-04 06:00:00",4.20,131.00,9.00,0.20,9,273.00,0.39,1526,249.00,15.40,269.00,0.30,9,273.00,1.50,1427,229.00,15.00,267.00,-4.20,2,273.00,2.80,1470,264.00,14.50,273.00
"2025-04-04 06:15:00",5.20,128.00,9.00,0.14,9,275.00,0.37,1420,223.00,15.20,253.00,0.00,9,275.00,1.40,1521,215.00,15.80,252.00,-5.20,2,275.00,2.50,1346,274.00,12.90,254.00
"2025-04-04 06:30:00",3.90,132.00,9.00,0.13,9,274.00,0.28,1272,188.00,16.30,271.00,0.20,9,274.00,1.20,1159,181.00,15.70,273.00,-3.90,2,274.00,2.50,1139,237.00,13.60,274.00
"2025-04-04 06:45:00",4.50,126.00,9.00,0.12,9,273.00,0.31,1244,192.00,16.00,272.00,-0.20,9,273.00,1.40,1089,184.00,14.90,271.00,-4.50,2,273.00,3.10,1111,244.00,13.10,273.00
"2025-04-04 07:00:00",3.70,128.00,9.00,0.11,9,274.00,0.32,1186,212.00,14.90,268.00,0.00,9,274.00,1.30,1012,188.00,14.30,265.00,-3.70,2,274.00,2.60,1063,230.00,13.20,266.00
"2025-04-04 07:15:00",3.10,124.00,9.00,0.11,9,275.00,0.26,1085,171.00,15.10,254.00,-0.20,9,275.00,1.10,954,149.00,14.90,256.00,-3.10,2,275.00,2.10,974,185.00,13.80,256.00
"2025-04-04 07:30:00",3.60,129.00,9.00,0.01,9,273.00,0.33,1429,193.00,17.00,272.00,0.00,9,273.00,1.50,1258,179.00,16.40,273.00,-3.60,2,273.00,2.20,1316,237.00,14.70,272.00
"2025-04-04 07:45:00",2.60,138.00,9.00,-0.05,9,274.00,0.30,1781,220.00,17.50,274.00,0.50,9,274.00,1.20,1938,228.00,17.80,273.00,-2.60,9,274.00,1.80,1648,247.00,16.10,273.00
"2025-04-04 08:00:00",2.30,136.00,9.00,0.01,9,273.00,0.25,1380,213.00,15.90,270.00,0.30,9,273.00,1.10,1401,198.00,15.90,266.00,-2.30,2,273.00,1.60,1255,203.00,15.40,270.00
"2025-04-04 08:15:00",1.20,145.00,9.00,0.00,9,277.00,0.30,928,183.00,13.70,243.00,0.40,9,277.00,1.60,863,167.00,13.60,248.00,-1.20,9,277.00,2.00,843,162.00,14.10,246.00
"2025-04-04 08:30:00",0.90,175.00,9.00,0.00,9,274.00,0.29,937,175.00,14.30,268.00,0.60,9,274.00,1.80,720,154.00,12.90,267.00,-0.60,9,274.00,1.50,776,147.00,14.40,266.00
"2025-04-04 08:45:00",1.60,128.00,9.00,0.12,9,274.00,0.47,1099,203.00,14.40,273.00,0.00,9,274.00,2.10,953,187.00,13.60,267.00,-1.60,9,274.00,2.00,977,173.00,15.10,269.00
"2025-04-04 09:00:00",1.60,153.00,9.00,0.06,9,274.00,0.41,983,190.00,14.00,268.00,0.70,9,274.00,2.30,861,173.00,13.40,266.00,-1.50,9,274.00,2.40,941,173.00,14.70,272.00
"2025-04-04 09:15:00",0.80,136.00,9.00,0.03,9,276.00,0.25,853,163.00,13.70,254.00,0.10,9,276.00,1.90,581,135.00,12.10,246.00,-0.80,9,276.00,1.40,721,150.00,13.30,245.00
"2025-04-04 09:30:00",0.90,151.00,9.00,-0.02,9,274.00,0.25,907,166.00,14.60,266.00,0.40,9,274.00,1.40,639,131.00,13.30,269.00,-0.90,9,274.00,1.80,771,156.00,14.00,267.00
"2025-04-04 09:45:00",0.90,162.00,9.00,0.14,9,274.00,0.46,1010,200.00,14.10,260.00,0.50,9,274.00,2.00,734,152.00,13.40,266.00,-0.80,9,274.00,1.40,933,169.00,15.00,261.00
"2025-04-04 10:00:00",1.10,139.00,9.00,0.40,2,276.00,0.56,1228,217.00,15.00,273.00,0.20,2,276.00,2.10,977,162.00,15.30,275.00,-1.00,2,276.00,2.10,1060,170.00,15.80,275.00
"2025-04-04 10:15:00",0.90,150.00,9.00,-0.03,2,278.00,0.28,934,159.00,14.40,253.00,0.30,2,278.00,1.90,714,130.00,13.80,254.00,-0.80,2,278.00,1.70,752,134.00,14.30,253.00
"2025-04-04 10:30:00",0.80,115.00,9.00,0.17,2,276.00,0.39,934,173.00,14.50,269.00,-0.20,2,276.00,1.50,632,122.00,13.90,270.00,-0.80,2,276.00,1.50,759,129.00,15.30,269.00
"2025-04-04 10:45:00",1.30,130.00,9.00,0.33,2,276.00,0.50,1120,203.00,14.90,273.00,0.00,2,276.00,2.10,809,150.00,14.40,274.00,-1.30,2,276.00,1.80,866,144.00,15.50,271.00
"2025-04-04 11:00:00",1.90,91.00,9.00,0.38,2,277.00,0.58,1032,193.00,14.40,276.00,-1.10,2,277.00,1.50,707,132.00,14.10,273.00,-1.50,2,277.00,1.70,862,147.00,15.20,271.00
"2025-04-04 11:15:00",1.40,150.00,9.00,0.33,2,279.00,0.61,981,200.00,13.20,256.00,0.50,2,279.00,2.10,773,154.00,13.00,257.00,-1.30,2,279.00,2.10,811,149.00,14.00,256.00
"2025-04-04 11:30:00",1.70,95.00,9.00,0.33,2,276.00,0.62,1047,186.00,15.00,274.00,-1.00,2,276.00,1.40,723,136.00,14.10,270.00,-1.50,2,276.00,1.50,769,130.00,15.10,270.00
