"2025-04-01 00:00:00",1.10,133.00,9.00,0.18,9,274.00,0.10,6834,533.00,22.30,274.00,0.10,9,274.00,0.60,5355,693.00,17.80,271.00,-1.10,9,274.00,0.50,4864,515.00,19.50,270.00
"2025-04-01 00:15:00",1.20,125.00,9.00,0.20,9,277.00,0.12,6269,516.00,20.70,257.00,-0.10,9,277.00,0.50,5007,630.00,17.10,254.00,-1.20,9,277.00,0.50,4594,468.00,18.80,254.00
"2025-04-01 00:30:00",0.90,123.00,9.00,0.23,9,274.00,0.11,6816,575.00,21.60,274.00,-0.10,9,274.00,0.60,4958,698.00,17.00,273.00,-0.90,9,274.00,0.20,5753,417.00,22.90,269.00
"2025-04-01 00:45:00",1.00,131.00,9.00,0.22,9,274.00,0.10,6845,579.00,21.60,274.00,0.00,9,274.00,0.60,4996,689.00,17.20,273.00,-1.00,9,274.00,0.20,5469,415.00,22.40,270.00
"2025-04-01 01:00:00",0.80,118.00,9.00,0.16,9,275.00,0.13,6592,655.00,20.20,275.00,-0.10,9,275.00,0.70,5006,685.00,17.30,274.00,-0.80,9,275.00,0.30,4910,448.00,20.90,273.00
"2025-04-01 01:15:00",0.70,104.00,9.00,0.16,9,276.00,0.16,5875,553.00,19.70,257.00,-0.30,9,276.00,0.60,4508,583.00,16.80,257.00,-0.70,9,276.00,0.30,4145,415.00,18.80,254.00
"2025-04-01 01:30:00",1.00,106.00,9.00,0.23,9,274.00,0.10,6209,517.00,21.70,273.00,-0.40,9,274.00,0.50,4573,627.00,17.30,274.00,-0.90,9,274.00,0.30,4405,449.00,19.80,271.00
"2025-04-01 01:45:00",1.00,114.00,9.00,0.24,9,275.00,0.10,6414,511.00,22.10,274.00,-0.20,9,275.00,0.60,4552,633.00,17.10,275.00,-1.00,9,275.00,0.20,4856,436.00,20.90,272.00
"2025-04-01 02:00:00",1.00,117.00,9.00,0.25,9,274.00,0.09,6608,527.00,22.00,274.00,-0.20,9,274.00,0.50,4556,655.00,16.80,274.00,-1.00,9,274.00,0.20,5230,426.00,21.80,271.00
"2025-04-01 02:15:00",1.00,126.00,9.00,0.27,9,277.00,0.08,6292,464.00,21.50,255.00,0.00,9,277.00,0.50,4139,632.00,15.50,257.00,-1.00,9,277.00,0.10,5151,389.00,21.30,257.00
"2025-04-01 02:30:00",1.10,109.00,9.00,0.25,9,274.00,0.09,6711,549.00,21.90,274.00,-0.40,9,274.00,0.50,4829,677.00,17.00,274.00,-1.00,9,274.00,0.10,5578,427.00,22.40,272.00
"2025-04-01 02:45:00",1.10,106.00,9.00,0.22,9,274.00,0.12,6827,576.00,21.50,272.00,-0.40,9,274.00,0.50,5094,685.00,17.40,274.00,-1.00,9,274.00,0.10,5136,428.00,21.60,272.00
"2025-04-01 03:00:00",1.10,124.00,9.00,0.22,9,275.00,0.09,6858,546.00,22.10,275.00,-0.10,9,275.00,0.60,4837,672.00,17.00,273.00,-1.10,9,275.00,0.20,5300,430.00,21.90,272.00
"2025-04-01 03:15:00",0.70,129.00,9.00,0.09,9,276.00,0.18,6038,558.00,19.90,257.00,0.00,9,276.00,0.60,5035,608.00,17.50,257.00,-0.70,9,276.00,0.30,4602,397.00,20.10,255.00
"2025-04-01 03:30:00",1.00,134.00,9.00,0.16,9,274.00,0.14,6558,547.00,21.70,274.00,0.10,9,274.00,0.50,5471,689.00,18.10,273.00,-1.00,9,274.00,0.30,5295,466.00,21.10,269.00
"2025-04-01 03:45:00",0.40,182.00,9.00,-0.01,9,275.00,0.17,5968,667.00,19.40,274.00,0.30,9,275.00,0.60,4580,583.00,17.90,275.00,-0.20,9,275.00,0.60,4028,583.00,16.70,274.00
"2025-04-01 04:00:00",0.30,279.00,9.00,0.00,9,274.00,0.17,5102,860.00,15.50,273.00,0.20,9,274.00,0.70,3893,649.00,15.40,274.00,0.30,9,274.00,0.40,4351,598.00,17.20,274.00
"2025-04-01 04:15:00",0.10,295.00,9.00,-0.01,9,277.00,0.07,5617,480.00,20.30,257.00,0.00,9,277.00,0.60,4516,567.00,17.00,257.00,0.10,9,277.00,0.40,4909,441.00,19.80,257.00
"2025-04-01 04:30:00",0.80,57.00,9.00,0.12,9,273.00,0.08,6180,619.00,20.10,268.00,-0.70,9,273.00,0.40,5433,525.00,20.40,271.00,-0.20,9,273.00,0.60,5124,500.00,20.30,273.00
"2025-04-01 04:45:00",1.40,85.00,9.00,0.21,9,273.00,0.13,6031,631.00,19.70,272.00,-1.00,9,273.00,0.40,4838,503.00,19.50,271.00,-1.00,9,273.00,0.60,4443,502.00,18.90,273.00
"2025-04-01 05:00:00",1.20,82.00,9.00,0.24,9,274.00,0.13,6006,735.00,18.30,273.00,-0.90,9,274.00,0.30,5400,500.00,20.70,272.00,-0.90,9,274.00,0.40,4628,490.00,19.50,274.00
"2025-04-01 05:15:00",1.50,77.00,9.00,0.30,9,275.00,0.09,5930,588.00,19.30,251.00,-1.10,9,275.00,0.50,4842,527.00,18.30,254.00,-0.90,9,275.00,0.40,4366,432.00,18.90,255.00
"2025-04-01 05:30:00",1.30,76.00,9.00,0.29,9,274.00,0.14,6247,729.00,18.80,274.00,-1.00,9,274.00,0.50,5439,607.00,19.20,271.00,-0.80,9,274.00,0.50,5046,512.00,19.90,273.00
"2025-04-01 05:45:00",1.60,74.00,9.00,0.36,9,273.00,0.14,5897,856.00,16.80,273.00,-1.30,9,273.00,0.40,5139,625.00,18.30,272.00,-0.90,9,273.00,0.40,4689,455.00,20.20,272.00
"2025-04-01 06:00:00",0.70,85.00,9.00,0.18,9,274.00,0.13,6202,669.00,19.40,274.00,-0.50,9,274.00,0.40,5147,526.00,19.90,273.00,-0.50,9,274.00,0.40,5035,444.00,21.00,273.00
"2025-04-01 06:15:00",0.40,67.00,9.00,0.10,9,275.00,0.16,5694,632.00,18.30,256.00,-0.30,9,275.00,0.40,4576,475.00,18.70,256.00,-0.20,9,275.00,0.40,4539,438.00,19.20,255.00
"2025-04-01 06:30:00",1.10,80.00,9.00,0.33,9,273.00,0.07,6367,495.00,22.30,272.00,-0.80,9,273.00,0.30,4789,525.00,19.20,273.00,-0.70,9,273.00,0.30,4927,402.00,21.70,273.00
"2025-04-01 06:45:00",0.70,87.00,9.00,0.12,9,274.00,0.15,6104,524.00,21.40,274.00,-0.40,9,274.00,0.40,4741,460.00,20.20,274.00,-0.50,9,274.00,0.60,4106,409.00,20.00,274.00
"2025-04-01 07:00:00",0.70,68.00,9.00,0.09,9,273.00,0.14,6227,580.00,20.90,273.00,-0.60,9,273.00,0.50,4813,530.00,19.20,273.00,-0.30,9,273.00,0.70,3896,475.00,18.30,270.00
"2025-04-01 07:15:00",0.70,273.00,9.00,-0.10,9,276.00,0.16,5746,630.00,18.40,255.00,0.40,9,276.00,0.70,4555,522.00,17.70,256.00,0.60,9,276.00,0.50,4212,380.00,19.60,256.00
"2025-04-01 07:30:00",0.10,244.00,9.00,-0.02,9,274.00,0.15,6286,633.00,20.20,274.00,0.10,9,274.00,0.70,4721,539.00,18.90,273.00,0.10,9,274.00,0.60,4220,471.00,18.90,273.00
"2025-04-01 07:45:00",0.90,307.00,9.00,0.03,9,274.00,0.18,6417,648.00,20.30,272.00,0.00,9,274.00,1.10,5543,669.00,18.50,274.00,0.90,9,274.00,1.30,5029,657.00,17.80,274.00
"2025-04-01 08:00:00",0.30,350.00,9.00,-0.02,9,274.00,0.16,6343,637.00,20.30,274.00,-0.20,9,274.00,1.00,5329,612.00,19.00,273.00,0.20,9,274.00,0.80,4443,533.00,18.30,273.00
"2025-04-01 08:15:00",0.40,287.00,9.00,-0.02,9,277.00,0.17,5944,605.00,19.10,257.00,0.10,9,277.00,1.20,5001,603.00,17.50,255.00,0.30,9,277.00,1.10,4380,584.00,16.70,253.00
"2025-04-01 08:30:00",0.10,348.00,9.00,-0.06,9,274.00,0.15,6264,601.00,20.70,270.00,0.00,9,274.00,0.70,4910,548.00,19.10,270.00,0.10,9,274.00,0.80,3876,507.00,17.60,269.00
"2025-04-01 08:45:00",0.50,324.00,9.00,-0.04,9,274.00,0.17,6399,674.00,20.00,272.00,-0.10,9,274.00,1.30,5325,690.00,17.90,274.00,0.50,9,274.00,1.20,4808,676.00,17.10,270.00
"2025-04-01 09:00:00",0.90,330.00,9.00,0.02,9,274.00,0.19,6329,669.00,19.90,272.00,-0.40,9,274.00,1.00,5496,678.00,18.40,274.00,0.90,9,274.00,1.30,4929,657.00,17.60,274.00
"2025-04-01 09:15:00",0.60,322.00,9.00,-0.05,9,277.00,0.17,5910,586.00,19.40,254.00,-0.10,9,277.00,0.90,4728,586.00,17.20,257.00,0.60,9,277.00,0.90,4350,557.00,16.90,255.00
"2025-04-01 09:30:00",0.80,312.00,9.00,0.05,9,273.00,0.27,6364,787.00,18.50,271.00,-0.10,9,273.00,1.40,5681,751.00,17.70,273.00,0.80,9,273.00,1.30,5305,738.00,17.30,273.00
"2025-04-01 09:45:00",1.10,302.00,9.00,-0.09,9,274.00,0.20,6345,705.00,19.50,271.00,0.10,9,274.00,1.10,5222,646.00,18.30,271.00,1.10,9,274.00,1.20,4953,678.00,17.30,274.00
"2025-04-01 10:00:00",0.80,329.00,9.00,-0.03,2,274.00,0.20,6375,694.00,19.60,273.00,-0.30,2,274.00,1.10,5162,688.00,17.70,269.00,0.80,2,274.00,1.20,4943,645.00,17.80,273.00
"2025-04-01 10:15:00",0.80,295.00,9.00,-0.05,2,276.00,0.19,5839,666.00,18.20,254.00,0.20,2,276.00,1.40,4795,687.00,16.20,254.00,0.80,2,276.00,1.40,4379,672.00,15.60,251.00
"2025-04-01 10:30:00",0.80,286.00,9.00,-0.05,2,275.00,0.19,6028,742.00,18.50,273.00,0.30,2,275.00,1.30,4853,724.00,16.90,270.00,0.80,2,275.00,1.30,4641,694.00,16.70,273.00
"2025-04-01 10:45:00",0.70,258.00,9.00,-0.07,9,276.00,0.18,6103,695.00,19.20,275.00,0.60,9,276.00,1.10,4591,617.00,17.60,275.00,0.50,9,276.00,1.00,4461,654.00,17.00,271.00
"2025-04-01 11:00:00",0.90,275.00,9.00,-0.07,9,275.00,0.19,6049,719.00,18.80,272.00,0.50,9,275.00,1.10,4829,651.00,17.60,275.00,0.80,9,275.00,1.10,4481,652.00,16.90,271.00
"2025-04-01 11:15:00",1.00,278.00,9.00,-0.07,2,278.00,0.22,5708,694.00,17.60,257.00,0.50,2,278.00,1.60,4630,643.00,16.50,253.00,0.90,2,278.00,1.20,4296,681.00,15.40,254.00
"2025-04-01 11:30:00",1.20,297.00,9.00,-0.17,2,276.00,0.29,5764,824.00,17.20,271.00,0.20,2,276.00,1.60,5068,729.00,17.10,271.00,1.20,2,276.00,1.40,5039,711.00,17.20,271.00
"2025-04-01 11:45:00",1.20,308.00,9.00,-0.09,2,276.00,0.26,5878,804.00,17.60,271.00,0.00,2,276.00,2.00,4967,755.00,16.50,275.00,1.20,2,276.00,1.20,5214,753.00,17.20,274.00
"2025-04-01 12:00:00",1.40,278.00,9.00,-0.09,2,276.00,0.21,5997,746.00,18.50,271.00,0.70,2,276.00,1.50,4810,675.00,17.40,271.00,1.20,2,276.00,1.10,4900,693.00,17.30,273.00
"2025-04-01 12:15:00",0.90,271.00,9.00,-0.04,2,278.00,0.20,5707,667.00,17.90,255.00,0.60,2,278.00,1.40,4455,650.00,16.30,254.00,0.70,2,278.00,0.90,4219,621.00,15.90,255.00
"2025-04-01 12:30:00",0.80,285.00,9.00,-0.05,2,275.00,0.20,6042,672.00,19.40,272.00,0.30,2,275.00,1.10,4564,650.00,17.20,269.00,0.80,2,275.00,1.00,4373,630.00,17.00,270.00
"2025-04-01 12:45:00",0.80,290.00,9.00,-0.05,2,276.00,0.20,5945,682.00,19.10,276.00,0.30,2,276.00,0.90,4542,608.00,17.70,271.00,0.80,2,276.00,1.20,4163,668.00,16.10,271.00
"2025-04-01 13:00:00",0.80,270.00,9.00,-0.05,2,276.00,0.18,6040,659.00,19.50,276.00,0.50,2,276.00,0.90,4642,562.00,18.50,271.00,0.70,2,276.00,1.00,4186,613.00,16.70,274.00
"2025-04-01 13:15:00",0.90,286.00,9.00,-0.06,2,278.00,0.18,5441,626.00,18.00,255.00,0.40,2,278.00,1.00,4250,580.00,16.60,253.00,0.90,2,278.00,1.10,3905,607.00,15.50,253.00
"2025-04-01 13:30:00",1.20,273.00,9.00,-0.06,2,276.00,0.21,5867,735.00,18.30,271.00,0.70,2,276.00,1.20,4778,642.00,17.70,271.00,1.00,2,276.00,1.10,4484,692.00,16.60,271.00
"2025-04-01 13:45:00",0.70,279.00,9.00,-0.05,2,275.00,0.16,5890,638.00,19.50,275.00,0.40,2,275.00,0.90,4561,575.00,18.20,270.00,0.60,2,275.00,0.70,4046,597.00,16.70,270.00
"2025-04-01 14:00:00",0.80,285.00,9.00,-0.04,2,276.00,0.17,5898,680.00,19.00,272.00,0.30,2,276.00,0.90,4706,573.00,18.60,271.00,0.70,2,276.00,0.90,4376,616.00,17.10,274.00
"2025-04-01 14:15:00",0.80,286.00,9.00,-0.05,2,278.00,0.18,5474,618.00,18.20,254.00,0.30,2,278.00,1.20,4259,596.00,16.40,252.00,0.70,2,278.00,0.90,4063,594.00,16.10,254.00
"2025-04-01 14:30:00",1.50,285.00,9.00,-0.08,2,276.00,0.25,5670,782.00,17.50,271.00,0.60,2,276.00,1.50,4507,698.00,16.40,271.00,1.30,2,276.00,1.40,4676,749.00,16.10,271.00
"2025-04-01 14:45:00",1.40,279.00,9.00,-0.14,2,276.00,0.23,5500,799.00,17.00,273.00,0.70,2,276.00,1.70,4441,733.00,16.00,270.00,1.20,2,276.00,1.00,4729,713.00,16.70,271.00
"2025-04-01 15:00:00",1.10,283.00,9.00,-0.10,2,276.00,0.35,5339,893.00,15.80,271.00,0.50,2,276.00,2.10,4788,833.00,15.50,271.00,1.00,2,276.00,1.00,5023,784.00,16.50,271.00
"2025-04-01 15:15:00",1.30,275.00,9.00,-0.11,2,279.00,0.26,5122,752.00,16.10,254.00,0.70,2,279.00,1.60,4310,679.00,15.60,254.00,1.10,2,279.00,1.10,4598,710.00,15.70,254.00
"2025-04-01 15:30:00",1.30,290.00,9.00,-0.13,2,276.00,0.29,5381,851.00,16.30,271.00,0.40,2,276.00,2.20,4468,776.00,15.50,271.00,1.30,2,276.00,1.50,4845,744.00,16.70,271.00
"2025-04-01 15:45:00",1.10,279.00,9.00,-0.14,2,277.00,0.20,5583,726.00,18.00,272.00,0.50,2,277.00,1.10,4321,620.00,17.20,272.00,0.90,2,277.00,0.80,4529,644.00,17.10,272.00
"2025-04-01 16:00:00",1.10,282.00,9.00,-0.14,2,276.00,0.18,5795,681.00,18.80,273.00,0.50,2,276.00,0.90,4393,604.00,17.40,273.00,1.00,2,276.00,1.00,4143,625.00,16.50,272.00
"2025-04-01 16:15:00",0.70,280.00,9.00,-0.09,2,277.00,0.18,5134,607.00,17.70,255.00,0.30,2,277.00,0.80,3810,534.00,16.20,252.00,0.60,2,277.00,0.80,3675,539.00,15.90,252.00
"2025-04-01 16:30:00",0.70,269.00,9.00,-0.09,2,276.00,0.17,5546,651.00,18.80,275.00,0.40,2,276.00,0.70,4155,584.00,17.20,271.00,0.50,2,276.00,0.80,4038,582.00,16.90,274.00
"2025-04-01 16:45:00",0.60,285.00,9.00,-0.05,2,276.00,0.17,5694,602.00,19.70,276.00,0.20,2,276.00,0.60,4350,525.00,18.50,272.00,0.50,2,276.00,0.70,3890,537.00,17.20,271.00
"2025-04-01 17:00:00",0.60,298.00,9.00,-0.03,2,276.00,0.16,5704,615.00,19.50,271.00,0.10,2,276.00,0.60,4389,520.00,18.50,274.00,0.60,2,276.00,0.70,3946,521.00,17.60,274.00
"2025-04-01 17:15:00",0.50,291.00,9.00,-0.03,2,277.00,0.17,5278,564.00,18.50,258.00,0.10,2,277.00,0.60,4014,496.00,17.20,255.00,0.50,2,277.00,0.70,3639,497.00,16.50,255.00
"2025-04-01 17:30:00",0.50,280.00,9.00,-0.03,2,276.00,0.17,5801,592.00,20.00,276.00,0.20,2,276.00,0.50,4409,480.00,19.20,275.00,0.40,2,276.00,0.70,3931,508.00,17.80,275.00
"2025-04-01 17:45:00",0.50,287.00,9.00,0.00,9,276.00,0.18,5940,535.00,21.10,276.00,0.20,9,276.00,0.50,4925,435.00,21.10,274.00,0.40,9,276.00,0.60,3836,477.00,18.20,275.00
"2025-04-01 18:00:00",0.60,272.00,9.00,-0.01,9,276.00,0.17,5908,517.00,21.40,276.00,0.40,9,276.00,0.40,4917,438.00,21.00,272.00,0.50,9,276.00,0.70,3758,458.00,18.20,275.00
"2025-04-01 18:15:00",0.80,274.00,9.00,-0.03,9,277.00,0.16,5477,504.00,19.80,258.00,0.40,9,277.00,0.40,4691,416.00,19.90,258.00,0.70,9,277.00,0.60,3718,421.00,17.90,256.00
"2025-04-01 18:30:00",0.90,262.00,9.00,-0.05,9,274.00,0.15,5776,518.00,21.10,273.00,0.70,9,274.00,0.40,4834,463.00,20.30,272.00,0.60,9,274.00,0.50,3887,473.00,18.30,273.00
"2025-04-01 18:45:00",1.20,269.00,9.00,-0.06,9,274.00,0.15,5644,511.00,21.00,272.00,0.70,9,274.00,0.40,4790,464.00,20.20,274.00,0.90,9,274.00,0.60,3664,500.00,17.30,273.00
"2025-04-01 19:00:00",1.30,260.00,9.00,-0.07,9,274.00,0.15,5550,553.00,20.10,274.00,1.00,9,274.00,0.40,4644,504.00,19.20,270.00,0.90,9,274.00,0.60,3957,517.00,17.70,273.00
"2025-04-01 19:15:00",1.30,265.00,9.00,-0.10,9,276.00,0.19,5162,565.00,18.30,257.00,0.90,9,276.00,0.50,4303,483.00,17.90,257.00,1.00,9,276.00,0.60,3553,470.00,16.60,257.00
"2025-04-01 19:30:00",1.30,261.00,9.00,-0.08,9,274.00,0.18,5546,592.00,19.60,274.00,0.90,9,274.00,0.60,4559,558.00,18.30,269.00,0.90,9,274.00,0.60,3650,548.00,16.40,272.00
"2025-04-01 19:45:00",1.20,262.00,9.00,-0.08,9,274.00,0.19,5567,561.00,20.10,274.00,0.90,9,274.00,0.40,4616,505.00,19.20,273.00,0.90,9,274.00,0.60,3689,560.00,16.30,273.00
"2025-04-01 20:00:00",1.40,269.00,9.00,-0.12,9,274.00,0.15,5662,552.00,20.40,274.00,0.90,9,274.00,0.50,4557,502.00,19.10,274.00,1.10,9,274.00,0.60,3604,552.00,16.20,274.00
"2025-04-01 20:15:00",1.20,266.00,9.00,-0.10,9,276.00,0.17,5259,525.00,19.20,257.00,0.80,9,276.00,0.50,4426,464.00,18.50,257.00,0.90,9,276.00,0.50,3756,546.00,15.70,256.00
"2025-04-01 20:30:00",1.20,263.00,9.00,-0.10,9,274.00,0.17,5665,543.00,20.50,274.00,0.80,9,274.00,0.50,4716,486.00,19.70,273.00,0.90,9,274.00,0.50,4069,579.00,16.80,270.00
"2025-04-01 20:45:00",1.30,263.00,9.00,-0.10,9,274.00,0.16,5564,567.00,20.00,274.00,0.90,9,274.00,0.50,4717,513.00,19.20,274.00,0.90,9,274.00,0.50,3994,599.00,16.40,269.00
"2025-04-01 21:00:00",1.00,266.00,9.00,-0.06,9,273.00,0.17,5802,525.00,21.00,273.00,0.60,9,273.00,0.70,4218,514.00,18.20,272.00,0.70,9,273.00,0.70,3694,563.00,16.20,272.00
"2025-04-01 21:15:00",0.90,268.00,9.00,-0.03,9,277.00,0.17,5440,525.00,19.40,257.00,0.60,9,277.00,0.80,3829,557.00,15.80,255.00,0.70,9,277.00,0.80,3434,570.00,14.60,255.00
"2025-04-01 21:30:00",1.10,279.00,9.00,-0.05,9,274.00,0.14,6104,548.00,21.30,271.00,0.50,9,274.00,0.90,4275,658.00,16.30,273.00,0.90,9,274.00,0.90,3868,661.00,15.30,273.00
"2025-04-01 21:45:00",1.10,261.00,9.00,0.00,9,274.00,0.19,5655,636.00,19.20,270.00,0.80,9,274.00,1.40,4228,664.00,16.20,269.00,0.70,9,274.00,1.00,3932,683.00,15.30,271.00
"2025-04-01 22:00:00",0.60,299.00,9.00,0.02,9,273.00,0.15,5734,616.00,19.60,272.00,0.10,9,273.00,0.90,4257,632.00,16.60,268.00,0.60,9,273.00,1.20,3623,673.00,14.50,272.00
"2025-04-01 22:15:00",0.70,262.00,9.00,0.03,9,277.00,0.17,5262,603.00,18.20,255.00,0.50,9,277.00,0.90,3948,579.00,16.00,252.00,0.50,9,277.00,0.90,3506,621.00,14.50,253.00
"2025-04-01 22:30:00",0.90,263.00,9.00,0.03,9,273.00,0.20,5511,628.00,19.00,272.00,0.60,9,273.00,0.90,3926,597.00,16.30,271.00,0.60,9,273.00,0.90,3734,629.00,15.30,269.00
"2025-04-01 22:45:00",0.40,275.00,9.00,0.05,9,275.00,0.21,5563,668.00,18.60,275.00,0.20,9,275.00,0.70,4304,620.00,16.80,272.00,0.40,9,275.00,1.00,3614,655.00,14.70,270.00
"2025-04-01 23:00:00",0.50,270.00,9.00,0.03,9,274.00,0.21,5538,660.00,18.60,273.00,0.30,9,274.00,0.90,3945,589.00,16.40,269.00,0.40,9,274.00,1.10,3674,654.00,14.90,269.00
"2025-04-01 23:15:00",0.50,254.00,9.00,0.01,9,276.00,0.20,5102,609.00,17.60,257.00,0.40,9,276.00,0.80,3759,561.00,15.50,253.00,0.30,9,276.00,1.00,3143,590.00,13.70,253.00
"2025-04-01 23:30:00",0.30,262.00,9.00,0.04,9,273.00,0.24,5303,649.00,18.30,272.00,0.20,9,273.00,0.70,4255,586.00,17.20,270.00,0.20,9,273.00,1.00,3594,631.00,14.90,271.00
"2025-04-01 23:45:00",0.30,281.00,9.00,0.00,9,274.00,0.19,5474,593.00,19.40,272.00,0.10,9,274.00,0.70,4111,571.00,17.00,272.00,0.30,9,274.00,0.80,3449,623.00,14.70,269.00
"2025-04-02 00:00:00",0.60,294.00,9.00,-0.05,9,274.00,0.15,5646,547.00,20.40,274.00,0.20,9,274.00,0.50,4225,531.00,17.90,270.00,0.60,9,274.00,0.70,3516,601.00,15.10,271.00
"2025-04-02 00:15:00",0.60,280.00,9.00,-0.03,9,277.00,0.15,5435,500.00,19.70,256.00,0.30,9,277.00,0.70,3877,536.00,16.20,252.00,0.50,9,277.00,0.80,3272,560.00,14.50,253.00
"2025-04-02 00:30:00",0.60,283.00,9.00,-0.01,9,274.00,0.18,5444,576.00,19.60,274.00,0.20,9,274.00,0.60,4009,533.00,17.40,270.00,0.50,9,274.00,0.70,3497,585.00,15.40,271.00
"2025-04-02 00:45:00",0.70,290.00,9.00,-0.03,9,274.00,0.16,5582,555.00,20.20,273.00,0.20,9,274.00,0.60,4037,554.00,17.10,272.00,0.60,9,274.00,0.80,3322,611.00,14.60,272.00
"2025-04-02 01:00:00",0.70,289.00,9.00,-0.04,9,275.00,0.13,5635,563.00,20.10,272.00,0.20,9,275.00,0.70,3901,554.00,16.80,274.00,0.60,9,275.00,0.80,3468,596.00,15.20,274.00
"2025-04-02 01:15:00",0.80,22.00,9.00,0.01,9,276.00,0.14,5214,719.00,16.70,255.00,-0.80,9,276.00,4.60,3799,836.00,12.80,224.00,0.20,9,276.00,3.10,3428,910.00,11.40,216.00
"2025-04-02 01:30:00",0.70,276.00,9.00,-0.01,9,274.00,0.17,5840,767.00,17.90,271.00,0.40,9,274.00,0.90,4477,789.00,15.10,266.00,0.60,9,274.00,1.20,3878,875.00,13.10,268.00
"2025-04-02 01:45:00",0.80,269.00,9.00,0.02,9,274.00,0.15,5989,746.00,18.50,268.00,0.50,9,274.00,1.20,4506,885.00,14.40,255.00,0.60,9,274.00,1.30,4019,900.00,13.20,255.00
"2025-04-02 02:00:00",0.80,280.00,9.00,0.03,9,274.00,0.15,6272,561.00,21.20,271.00,0.40,9,274.00,0.90,4863,615.00,18.10,273.00,0.70,9,274.00,1.40,3969,681.00,15.30,273.00
"2025-04-02 02:15:00",1.00,261.00,9.00,0.05,9,277.00,0.18,5826,607.00,18.90,255.00,0.80,9,277.00,1.40,4515,676.00,15.90,252.00,0.70,9,277.00,1.40,4015,645.00,15.10,253.00
"2025-04-02 02:30:00",0.90,263.00,9.00,0.07,9,274.00,0.18,6222,634.00,20.20,273.00,0.60,9,274.00,1.00,4684,715.00,16.50,269.00,0.60,9,274.00,1.40,4335,729.00,15.60,269.00
"2025-04-02 02:45:00",0.90,262.00,9.00,0.07,9,274.00,0.18,6142,720.00,18.90,271.00,0.60,9,274.00,1.30,4644,810.00,15.30,266.00,0.60,9,274.00,1.40,4536,837.00,14.90,260.00
"2025-04-02 03:00:00",1.00,268.00,9.00,0.01,9,275.00,0.18,6101,817.00,17.70,272.00,0.70,9,275.00,1.30,4697,1014.00,13.40,263.00,0.80,9,275.00,1.50,4543,1020.00,13.00,263.00
"2025-04-02 03:15:00",0.60,272.00,9.00,0.10,9,277.00,0.17,5843,651.00,18.50,256.00,0.30,9,277.00,1.00,4797,730.00,15.90,255.00,0.50,9,277.00,1.20,4169,736.00,14.60,255.00
"2025-04-02 03:30:00",0.70,288.00,9.00,0.09,9,274.00,0.18,6479,591.00,21.10,273.00,0.30,9,274.00,0.70,5185,675.00,17.90,269.00,0.70,9,274.00,1.00,4627,673.00,16.80,272.00
"2025-04-02 03:45:00",0.30,180.00,9.00,0.18,9,275.00,0.14,6985,590.00,21.90,274.00,0.20,9,275.00,0.90,5446,677.00,18.20,273.00,-0.20,9,275.00,1.00,4618,669.00,16.70,275.00
"2025-04-02 04:00:00",0.40,107.00,9.00,0.22,9,274.00,0.16,6759,605.00,21.30,274.00,-0.20,9,274.00,0.80,5635,634.00,19.10,274.00,-0.40,9,274.00,1.00,4865,661.00,17.30,271.00
"2025-04-02 04:15:00",1.20,263.00,9.00,-0.01,9,276.00,0.21,5926,634.00,18.80,255.00,0.80,9,276.00,1.00,5064,661.00,16.90,254.00,0.90,9,276.00,1.00,4749,672.00,16.10,255.00
"2025-04-02 04:30:00",0.10,253.00,9.00,0.06,9,274.00,0.16,6185,691.00,19.30,274.00,0.10,9,274.00,0.80,4681,643.00,17.20,273.00,0.10,9,274.00,0.90,4362,657.00,16.30,274.00
"2025-04-02 04:45:00",0.50,133.00,9.00,0.08,9,274.00,0.18,5969,695.00,18.90,273.00,0.00,9,274.00,0.70,4647,594.00,17.80,274.00,-0.50,9,274.00,0.80,4283,592.00,17.10,273.00
"2025-04-02 05:00:00",0.80,133.00,9.00,0.09,9,273.00,0.12,6352,526.00,22.00,272.00,0.10,9,273.00,0.60,4303,527.00,18.20,273.00,-0.80,9,273.00,0.70,3958,537.00,17.20,273.00
"2025-04-02 05:15:00",0.50,100.00,9.00,0.13,9,276.00,0.20,5947,564.00,19.70,256.00,-0.20,9,276.00,0.80,4679,533.00,18.00,253.00,-0.40,9,276.00,0.90,3958,549.00,16.10,255.00
"2025-04-02 05:30:00",1.70,108.00,9.00,0.29,9,273.00,0.16,5938,765.00,17.90,273.00,-0.60,9,273.00,0.50,4573,582.00,17.80,273.00,-1.60,9,273.00,0.50,4350,526.00,18.30,273.00
"2025-04-02 05:45:00",1.20,104.00,9.00,0.24,9,274.00,0.17,5997,735.00,18.40,273.00,-0.50,9,274.00,0.60,4016,565.00,16.90,273.00,-1.10,9,274.00,0.60,4094,558.00,17.20,274.00
"2025-04-02 06:00:00",1.10,109.00,9.00,0.19,9,273.00,0.24,5659,779.00,17.30,273.00,-0.40,9,273.00,0.60,4127,561.00,17.20,273.00,-1.10,9,273.00,0.50,4416,516.00,18.70,272.00
"2025-04-02 06:15:00",0.50,115.00,9.00,0.15,9,276.00,0.18,5929,561.00,19.60,256.00,-0.10,9,276.00,0.80,4238,531.00,17.10,256.00,-0.50,9,276.00,0.80,3986,525.00,16.60,255.00
"2025-04-02 06:30:00",0.70,93.00,9.00,0.17,9,273.00,0.18,6083,665.00,19.50,272.00,-0.40,9,273.00,0.70,4698,607.00,17.70,273.00,-0.60,9,273.00,0.70,4643,520.00,18.90,273.00
"2025-04-02 06:45:00",0.90,111.00,9.00,0.06,9,273.00,0.18,6267,657.00,19.90,273.00,-0.30,9,273.00,0.60,4364,575.00,17.50,273.00,-0.90,9,273.00,0.60,4114,502.00,18.20,273.00
"2025-04-02 07:00:00",1.70,86.00,9.00,0.21,9,274.00,0.15,6241,767.00,18.40,274.00,-1.10,9,274.00,0.50,4805,578.00,18.40,274.00,-1.20,9,274.00,0.70,3757,556.00,16.50,273.00
"2025-04-02 07:15:00",1.10,70.00,9.00,0.20,9,275.00,0.15,6113,503.00,20.90,256.00,-0.90,9,275.00,0.60,4695,540.00,17.90,256.00,-0.60,9,275.00,0.80,3522,556.00,15.10,256.00
"2025-04-02 07:30:00",0.80,65.00,9.00,0.17,9,274.00,0.14,6597,642.00,20.60,273.00,-0.70,9,274.00,0.80,4861,768.00,16.30,268.00,-0.40,9,274.00,0.80,4174,776.00,14.70,272.00
"2025-04-02 07:45:00",0.60,85.00,9.00,0.19,9,275.00,0.09,6763,536.00,22.20,274.00,-0.40,9,275.00,0.60,4746,572.00,18.40,275.00,-0.40,9,275.00,0.60,4430,597.00,17.30,275.00
"2025-04-02 08:00:00",0.80,122.00,9.00,0.22,9,274.00,0.06,6885,480.00,23.30,273.00,-0.10,9,274.00,0.40,4355,512.00,18.60,273.00,-0.80,9,274.00,0.50,3937,572.00,16.70,274.00
"2025-04-02 08:15:00",0.70,117.00,9.00,0.11,9,275.00,0.12,6029,494.00,20.70,256.00,-0.10,9,275.00,0.50,4656,441.00,19.40,256.00,-0.70,9,275.00,0.60,3743,475.00,17.00,256.00
"2025-04-02 08:30:00",0.10,159.00,9.00,0.01,9,275.00,0.16,6211,572.00,20.90,275.00,0.10,9,275.00,0.70,4843,525.00,19.30,274.00,-0.10,9,275.00,0.70,4516,498.00,19.20,274.00
"2025-04-02 08:45:00",0.10,233.00,9.00,-0.08,9,274.00,0.14,6111,638.00,19.90,274.00,0.10,9,274.00,0.70,4257,541.00,17.80,273.00,0.00,9,274.00,0.80,4764,522.00,19.30,272.00
"2025-04-02 09:00:00",0.10,58.00,9.00,-0.16,9,274.00,0.16,6020,603.00,20.20,273.00,-0.10,9,274.00,0.90,4516,596.00,17.70,273.00,0.00,9,274.00,1.00,4202,617.00,16.70,274.00
"2025-04-02 09:15:00",0.20,312.00,9.00,-0.07,9,276.00,0.15,5498,630.00,18.20,256.00,0.00,9,276.00,0.80,4089,682.00,15.00,248.00,0.20,9,276.00,0.80,4004,661.00,15.20,246.00
"2025-04-02 09:30:00",0.30,287.00,9.00,0.02,9,274.00,0.14,6060,713.00,18.80,274.00,0.10,9,274.00,0.80,4210,920.00,13.30,263.00,0.30,9,274.00,0.90,3847,922.00,12.50,257.00
"2025-04-02 09:45:00",0.80,251.00,9.00,0.02,9,274.00,0.14,6196,660.00,19.70,274.00,0.60,9,274.00,1.10,4588,768.00,15.60,268.00,0.40,9,274.00,1.00,4485,697.00,16.30,268.00
"2025-04-02 10:00:00",0.60,270.00,9.00,-0.04,2,274.00,0.13,6117,595.00,20.50,273.00,0.40,2,274.00,0.90,4347,591.00,17.30,271.00,0.50,2,274.00,0.90,4252,575.00,17.40,273.00
"2025-04-02 10:15:00",0.50,273.00,9.00,-0.07,2,276.00,0.12,5718,573.00,19.40,256.00,0.30,2,276.00,0.80,3956,550.00,16.40,254.00,0.50,2,276.00,0.70,4148,480.00,18.00,253.00
"2025-04-02 10:30:00",0.40,276.00,9.00,-0.04,9,274.00,0.15,6116,556.00,21.10,274.00,0.20,9,274.00,0.60,3950,552.00,17.00,272.00,0.40,9,274.00,0.60,4397,433.00,20.10,274.00
"2025-04-02 10:45:00",0.70,258.00,9.00,-0.12,2,275.00,0.15,6011,595.00,20.30,273.00,0.60,2,275.00,0.60,4155,525.00,18.00,272.00,0.50,2,275.00,0.60,4473,497.00,19.10,271.00
"2025-04-02 11:00:00",0.90,253.00,9.00,-0.13,2,274.00,0.16,5962,643.00,19.60,271.00,0.80,2,274.00,0.80,4591,559.00,18.30,274.00,0.50,2,274.00,0.80,4597,575.00,18.20,269.00
"2025-04-02 11:15:00",0.60,284.00,9.00,-0.12,2,276.00,0.20,5374,664.00,17.40,251.00,0.20,2,276.00,1.20,4560,594.00,17.00,254.00,0.50,2,276.00,1.00,4363,582.00,16.70,251.00
"2025-04-02 11:30:00",0.80,260.00,9.00,-0.04,2,274.00,0.22,5912,724.00,18.50,272.00,0.60,2,274.00,0.90,4665,578.00,18.20,269.00,0.50,2,274.00,0.80,4685,602.00,17.90,270.00
"2025-04-02 11:45:00",0.50,277.00,9.00,-0.07,2,275.00,0.18,5989,670.00,19.30,273.00,0.30,2,275.00,0.80,4989,615.00,18.40,270.00,0.50,2,275.00,1.00,4584,642.00,17.10,272.00
"2025-04-02 12:00:00",0.60,291.00,9.00,0.03,2,275.00,0.38,5677,842.00,16.90,273.00,0.20,2,275.00,1.60,5214,727.00,17.40,270.00,0.60,2,275.00,1.30,5472,767.00,17.40,272.00
"2025-04-02 12:15:00",1.00,306.00,9.00,-0.02,2,278.00,0.28,5446,739.00,16.80,253.00,0.00,2,278.00,1.50,4684,703.00,15.90,257.00,1.00,2,278.00,1.30,4835,720.00,16.00,253.00
"2025-04-02 12:30:00",0.70,297.00,9.00,-0.06,2,276.00,0.20,6045,717.00,18.80,276.00,0.10,2,276.00,1.00,4743,640.00,17.80,270.00,0.70,2,276.00,1.00,4429,697.00,16.30,271.00
"2025-04-02 12:45:00",0.80,263.00,9.00,-0.05,2,276.00,0.22,6016,759.00,18.30,271.00,0.60,2,276.00,1.00,4812,591.00,18.40,271.00,0.60,2,276.00,1.10,4573,632.00,17.40,271.00
"2025-04-02 13:00:00",0.70,292.00,9.00,-0.10,2,274.00,0.19,5815,732.00,18.20,273.00,0.20,2,274.00,1.30,4504,737.00,15.90,270.00,0.70,2,274.00,1.00,4166,742.00,15.10,269.00
"2025-04-02 13:15:00",1.10,301.00,9.00,-0.03,2,276.00,0.21,5566,702.00,17.30,252.00,0.10,2,276.00,1.20,4600,617.00,16.60,251.00,1.10,2,276.00,1.20,4582,707.00,15.60,251.00
"2025-04-02 13:30:00",1.10,257.00,9.00,-0.06,2,276.00,0.17,6037,729.00,18.60,274.00,0.90,2,276.00,1.10,4477,716.00,16.10,269.00,0.70,2,276.00,1.00,4313,724.00,15.70,271.00
"2025-04-02 13:45:00",0.90,251.00,9.00,-0.06,9,276.00,0.16,6199,663.00,19.80,274.00,0.80,9,276.00,1.00,4673,692.00,16.80,271.00,0.50,9,276.00,0.80,4219,649.00,16.40,271.00
"2025-04-02 14:00:00",0.90,250.00,9.00,-0.05,2,274.00,0.26,6185,739.00,18.80,269.00,0.80,2,274.00,1.20,5124,613.00,18.60,272.00,0.50,2,274.00,1.00,5165,692.00,17.60,273.00
"2025-04-02 14:15:00",1.20,303.00,9.00,-0.06,2,276.00,0.22,5688,729.00,17.50,254.00,0.10,2,276.00,1.40,4682,671.00,16.30,256.00,1.20,2,276.00,1.20,4858,707.00,16.40,257.00
"2025-04-02 14:30:00",1.10,299.00,9.00,-0.10,2,276.00,0.20,6202,672.00,19.60,275.00,0.20,2,276.00,1.20,4755,646.00,17.60,272.00,1.10,2,276.00,1.10,4704,697.00,16.80,274.00
"2025-04-02 14:45:00",1.10,290.00,9.00,-0.11,2,276.00,0.19,5968,743.00,18.40,271.00,0.40,2,276.00,1.20,4726,682.00,17.20,270.00,1.10,2,276.00,1.10,4654,711.00,16.60,271.00
"2025-04-02 15:00:00",1.30,286.00,9.00,-0.08,2,275.00,0.25,5914,796.00,17.70,270.00,0.50,2,275.00,1.50,4908,745.00,16.70,270.00,1.20,2,275.00,1.50,4915,777.00,16.30,270.00
"2025-04-02 15:15:00",1.20,277.00,9.00,-0.10,2,278.00,0.20,5271,768.00,16.10,253.00,0.60,2,278.00,1.80,4181,712.00,15.00,252.00,1.00,2,278.00,1.40,4207,721.00,14.80,251.00
"2025-04-02 15:30:00",1.00,274.00,9.00,-0.12,2,276.00,0.22,5657,748.00,17.80,274.00,0.60,2,276.00,1.60,4339,682.00,16.30,270.00,0.80,2,276.00,1.10,4340,693.00,16.10,271.00
"2025-04-02 15:45:00",0.90,296.00,9.00,-0.08,2,276.00,0.19,5823,716.00,18.50,274.00,0.20,2,276.00,1.30,4489,637.00,17.30,271.00,0.80,2,276.00,0.90,4253,671.00,16.20,270.00
"2025-04-02 16:00:00",1.50,254.00,9.00,-0.07,2,275.00,0.17,6241,720.00,19.30,271.00,1.20,2,275.00,1.90,4666,709.00,16.70,270.00,0.90,2,275.00,1.60,4655,727.00,16.40,270.00
"2025-04-02 16:15:00",1.30,255.00,9.00,-0.05,2,278.00,0.18,5686,675.00,17.80,257.00,1.00,2,278.00,1.40,4120,623.00,15.90,253.00,0.80,2,278.00,1.40,4131,628.00,15.80,253.00
"2025-04-02 16:30:00",0.90,262.00,9.00,-0.05,2,276.00,0.19,6268,664.00,19.80,274.00,0.60,2,276.00,1.10,4422,613.00,17.30,271.00,0.60,2,276.00,1.20,4381,613.00,17.30,271.00
"2025-04-02 16:45:00",1.00,305.00,9.00,-0.07,2,275.00,0.18,6149,703.00,19.30,272.00,0.00,2,275.00,1.30,4552,705.00,16.40,270.00,1.00,2,275.00,1.30,4266,688.00,16.10,270.00
"2025-04-02 17:00:00",0.90,281.00,9.00,-0.02,2,276.00,0.16,6202,614.00,20.40,275.00,0.40,2,276.00,0.90,4673,570.00,18.70,271.00,0.80,2,276.00,1.00,3965,606.00,16.40,271.00
"2025-04-02 17:15:00",0.30,292.00,9.00,0.01,9,278.00,0.17,5917,527.00,20.00,258.00,0.10,9,278.00,0.70,4273,478.00,18.00,255.00,0.30,9,278.00,0.80,3679,488.00,16.70,255.00
"2025-04-02 17:30:00",0.50,272.00,9.00,0.01,9,274.00,0.14,6092,545.00,21.20,273.00,0.30,9,274.00,0.50,4440,463.00,19.70,273.00,0.40,9,274.00,0.80,3466,502.00,16.80,273.00
"2025-04-02 17:45:00",0.10,301.00,9.00,0.06,9,274.00,0.14,5891,601.00,19.90,274.00,0.00,9,274.00,0.50,4653,459.00,20.10,274.00,0.10,9,274.00,0.60,3503,470.00,17.40,271.00
"2025-04-02 18:00:00",0.20,209.00,9.00,0.09,9,274.00,0.15,5791,561.00,20.40,274.00,0.20,9,274.00,0.50,4594,466.00,19.90,274.00,0.00,9,274.00,0.60,3440,504.00,16.60,271.00
"2025-04-02 18:15:00",0.50,258.00,9.00,0.06,9,276.00,0.14,5328,527.00,19.10,256.00,0.40,9,276.00,0.40,4216,424.00,18.90,256.00,0.30,9,276.00,0.50,3319,464.00,16.10,256.00
"2025-04-02 18:30:00",0.50,261.00,9.00,0.00,9,274.00,0.15,5878,539.00,20.90,274.00,0.40,9,274.00,0.50,4384,471.00,19.30,274.00,0.40,9,274.00,0.60,3401,520.00,16.30,272.00
"2025-04-02 18:45:00",0.90,264.00,9.00,-0.06,9,274.00,0.14,6080,583.00,20.50,274.00,0.60,9,274.00,0.70,4143,646.00,16.30,271.00,0.70,9,274.00,0.70,3644,659.00,14.90,269.00
"2025-04-02 19:00:00",0.90,267.00,9.00,0.00,9,274.00,0.16,6227,590.00,20.70,273.00,0.60,9,274.00,0.90,4710,615.00,17.70,272.00,0.70,9,274.00,1.10,4240,587.00,17.20,273.00
"2025-04-02 19:15:00",0.70,250.00,9.00,-0.01,9,276.00,0.16,5588,555.00,19.40,257.00,0.60,9,276.00,0.70,4173,510.00,17.30,254.00,0.40,9,276.00,0.90,3675,554.00,15.50,254.00
"2025-04-02 19:30:00",0.50,249.00,9.00,0.01,9,274.00,0.20,5606,645.00,19.00,274.00,0.40,9,274.00,0.60,4440,537.00,18.40,274.00,0.20,9,274.00,0.80,3790,566.00,16.40,274.00
"2025-04-02 19:45:00",0.50,254.00,9.00,0.04,9,274.00,0.14,6563,594.00,21.10,272.00,0.40,9,274.00,0.80,4964,588.00,18.60,269.00,0.30,9,274.00,1.00,4674,636.00,17.30,272.00
"2025-04-02 20:00:00",0.90,252.00,9.00,0.03,9,274.00,0.21,6289,706.00,19.30,272.00,0.80,9,274.00,1.20,4954,693.00,17.20,269.00,0.50,9,274.00,1.20,4716,693.00,16.70,273.00
"2025-04-02 20:15:00",0.70,226.00,9.00,0.01,9,276.00,0.16,5853,647.00,18.40,255.00,0.70,9,276.00,1.20,3854,611.00,15.20,254.00,0.10,9,276.00,1.20,3422,588.00,14.60,257.00
"2025-04-02 20:30:00",1.00,232.00,9.00,0.02,9,274.00,0.14,6444,669.00,20.00,273.00,1.00,9,274.00,1.10,4365,780.00,15.10,270.00,0.20,9,274.00,1.00,3908,757.00,14.20,272.00
"2025-04-02 20:45:00",1.10,241.00,9.00,0.07,9,273.00,0.14,6941,556.00,22.30,271.00,1.00,9,273.00,1.30,4893,754.00,16.40,273.00,0.40,9,273.00,1.30,4638,705.00,16.50,272.00
"2025-04-02 21:00:00",1.00,242.00,9.00,0.00,9,275.00,0.17,6410,633.00,20.40,275.00,0.90,9,275.00,1.20,4734,663.00,17.10,274.00,0.40,9,275.00,1.10,4518,674.00,16.60,274.00
"2025-04-02 21:15:00",0.70,254.00,9.00,0.00,9,276.00,0.16,5734,618.00,18.60,256.00,0.60,9,276.00,0.90,4224,590.00,16.30,256.00,0.40,9,276.00,1.10,3765,577.00,15.50,255.00
"2025-04-02 21:30:00",0.80,238.00,9.00,-0.02,9,274.00,0.19,6179,698.00,19.30,274.00,0.70,9,274.00,0.80,4568,606.00,17.50,274.00,0.30,9,274.00,0.80,4606,614.00,17.50,270.00
"2025-04-02 21:45:00",0.50,221.00,9.00,0.01,9,274.00,0.18,6272,710.00,19.30,273.00,0.50,9,274.00,0.70,4602,616.00,17.40,271.00,0.00,9,274.00,0.80,4350,587.00,17.30,274.00
"2025-04-02 22:00:00",0.40,231.00,9.00,0.02,9,274.00,0.16,6306,634.00,20.20,273.00,0.40,9,274.00,0.70,4640,580.00,18.00,273.00,0.10,9,274.00,0.70,4576,560.00,18.20,269.00
"2025-04-02 22:15:00",0.40,260.00,9.00,0.02,9,276.00,0.15,5922,637.00,18.70,253.00,0.30,9,276.00,0.60,4210,543.00,16.80,257.00,0.30,9,276.00,0.70,3903,499.00,16.90,257.00
"2025-04-02 22:30:00",0.20,239.00,9.00,0.06,9,273.00,0.11,6665,524.00,22.70,273.00,0.20,9,273.00,0.50,4509,561.00,18.00,271.00,0.10,9,273.00,0.60,3912,511.00,17.70,273.00
"2025-04-02 22:45:00",0.30,266.00,9.00,0.06,9,274.00,0.11,6704,562.00,22.00,271.00,0.20,9,274.00,0.90,4278,756.00,15.20,263.00,0.20,9,274.00,0.90,3941,745.00,14.70,270.00
"2025-04-02 23:00:00",0.60,249.00,9.00,0.10,9,274.00,0.10,6888,577.00,21.80,271.00,0.50,9,274.00,0.90,4310,925.00,13.30,269.00,0.30,9,274.00,0.90,4210,932.00,13.00,266.00
"2025-04-02 23:15:00",0.50,231.00,9.00,0.15,9,276.00,0.10,6573,485.00,21.80,252.00,0.50,9,276.00,0.90,4950,611.00,17.40,253.00,0.10,9,276.00,0.90,4628,617.00,16.80,254.00
"2025-04-02 23:30:00",0.30,202.00,9.00,0.12,9,274.00,0.16,6954,598.00,21.70,274.00,0.30,9,274.00,0.80,4979,608.00,18.40,273.00,-0.10,9,274.00,0.90,4608,579.00,18.00,273.00
"2025-04-02 23:45:00",0.20,270.00,9.00,0.07,9,274.00,0.12,6766,545.00,22.30,272.00,0.10,9,274.00,0.70,3939,515.00,17.40,274.00,0.20,9,274.00,0.60,4373,468.00,19.40,273.00
"2025-04-03 00:00:00",0.40,171.00,9.00,0.16,9,274.00,0.07,7228,379.00,25.80,274.00,0.30,9,274.00,0.50,5067,485.00,20.40,271.00,-0.30,9,274.00,0.60,4189,480.00,18.80,272.00
"2025-04-03 00:15:00",0.80,158.00,9.00,0.17,9,276.00,0.06,6699,373.00,23.80,256.00,0.40,9,276.00,0.40,4514,469.00,18.50,256.00,-0.70,9,276.00,0.50,4308,417.00,19.20,256.00
"2025-04-03 00:30:00",0.80,157.00,9.00,0.18,9,275.00,0.06,7219,381.00,25.60,275.00,0.40,9,275.00,0.40,5072,516.00,19.80,274.00,-0.70,9,275.00,0.40,4546,499.00,19.20,275.00
"2025-04-03 00:45:00",0.90,174.00,9.00,0.17,9,274.00,0.07,7269,374.00,25.90,274.00,0.60,9,274.00,0.40,4921,487.00,20.10,274.00,-0.60,9,274.00,0.40,4422,433.00,20.20,274.00
"2025-04-03 01:00:00",0.80,177.00,9.00,0.18,9,274.00,0.06,7241,368.00,26.00,274.00,0.60,9,274.00,0.40,4914,497.00,19.90,274.00,-0.50,9,274.00,0.40,4473,448.00,20.00,274.00
"2025-04-03 01:15:00",0.80,175.00,9.00,0.18,9,277.00,0.06,6718,345.00,24.50,256.00,0.60,9,277.00,0.40,4609,470.00,18.80,256.00,-0.50,9,277.00,0.50,4313,428.00,19.00,257.00
"2025-04-03 01:30:00",0.30,154.00,9.00,0.19,9,274.00,0.07,7201,386.00,25.50,274.00,0.20,9,274.00,0.60,5160,574.00,19.20,270.00,-0.30,9,274.00,0.60,4628,518.00,19.10,274.00
"2025-04-03 01:45:00",0.20,201.00,9.00,0.14,9,274.00,0.07,7187,370.00,25.90,274.00,0.10,9,274.00,0.50,5089,516.00,19.90,274.00,0.00,9,274.00,0.60,4209,485.00,18.80,274.00
"2025-04-03 02:00:00",0.60,179.00,9.00,0.16,9,275.00,0.05,7240,376.00,25.80,274.00,0.50,9,275.00,0.50,4812,545.00,18.90,274.00,-0.40,9,275.00,0.40,4712,496.00,19.60,274.00
"2025-04-03 02:15:00",0.70,173.00,9.00,0.15,9,276.00,0.05,6744,374.00,24.00,257.00,0.50,9,276.00,0.30,4698,484.00,18.70,257.00,-0.50,9,276.00,0.40,4013,465.00,17.80,256.00
"2025-04-03 02:30:00",0.90,176.00,9.00,0.18,9,274.00,0.05,7178,366.00,25.90,271.00,0.60,9,274.00,0.30,4815,515.00,19.40,274.00,-0.60,9,274.00,0.40,4358,447.00,19.80,274.00
"2025-04-03 02:45:00",1.00,131.00,9.00,0.25,9,274.00,0.07,6821,419.00,24.30,273.00,0.00,9,274.00,0.50,4062,577.00,16.80,274.00,-1.00,9,274.00,0.40,4210,469.00,19.00,273.00
"2025-04-03 03:00:00",0.90,134.00,9.00,0.25,9,275.00,0.07,6847,415.00,24.40,274.00,0.10,9,275.00,0.60,3871,605.00,16.00,274.00,-0.90,9,275.00,0.30,4276,445.00,19.70,273.00
"2025-04-03 03:15:00",0.60,133.00,9.00,0.25,9,276.00,0.06,6529,417.00,22.80,257.00,0.10,9,276.00,0.60,4020,550.00,16.40,257.00,-0.60,9,276.00,0.40,4090,444.00,18.20,255.00
"2025-04-03 03:30:00",0.60,112.00,9.00,0.24,9,274.00,0.05,6865,465.00,23.60,274.00,-0.20,9,274.00,0.70,4184,606.00,16.70,274.00,-0.60,9,274.00,0.50,4149,497.00,18.40,273.00
"2025-04-03 03:45:00",0.70,106.00,9.00,0.26,9,275.00,0.05,7027,424.00,24.60,275.00,-0.30,9,275.00,0.60,3840,592.00,16.20,275.00,-0.60,9,275.00,0.30,4451,490.00,19.20,275.00
"2025-04-03 04:00:00",0.50,102.00,9.00,0.23,9,274.00,0.06,6652,564.00,21.60,273.00,-0.20,9,274.00,0.60,3840,607.00,15.90,274.00,-0.50,9,274.00,0.40,4016,494.00,18.20,274.00
"2025-04-03 04:15:00",1.40,81.00,9.00,0.33,9,277.00,0.10,6152,581.00,19.60,257.00,-1.10,9,277.00,0.80,3668,608.00,14.70,256.00,-1.00,9,277.00,0.50,4332,466.00,18.30,256.00
"2025-04-03 04:30:00",1.50,83.00,9.00,0.33,9,274.00,0.09,6716,500.00,22.80,274.00,-1.00,9,274.00,0.70,3944,652.00,15.50,274.00,-1.00,9,274.00,0.50,4049,478.00,18.50,273.00
"2025-04-03 04:45:00",1.90,84.00,9.00,0.35,9,274.00,0.08,6545,570.00,21.30,274.00,-1.30,9,274.00,0.70,3538,627.00,14.80,274.00,-1.30,9,274.00,0.40,4104,480.00,18.70,274.00
"2025-04-03 05:00:00",2.10,70.00,9.00,0.31,9,273.00,0.10,6017,754.00,18.20,272.00,-1.80,9,273.00,0.40,3469,554.00,15.80,272.00,-1.10,9,273.00,0.30,4135,406.00,20.20,272.00
"2025-04-03 05:15:00",1.40,71.00,9.00,0.24,9,275.00,0.11,5631,660.00,17.80,256.00,-1.20,9,275.00,0.60,3807,518.00,16.40,256.00,-0.80,9,275.00,0.50,4094,431.00,18.60,255.00
"2025-04-03 05:30:00",0.50,52.00,9.00,0.10,9,274.00,0.09,6442,535.00,21.70,273.00,-0.40,9,274.00,0.60,4503,556.00,18.10,273.00,-0.10,9,274.00,0.60,4365,517.00,18.60,274.00
"2025-04-03 05:45:00",0.50,43.00,9.00,0.08,9,273.00,0.08,6585,489.00,22.60,273.00,-0.50,9,273.00,0.50,4527,543.00,18.40,270.00,0.00,9,273.00,0.60,4236,537.00,17.90,273.00
"2025-04-03 06:00:00",0.40,67.00,9.00,0.10,9,273.00,0.09,6676,535.00,22.00,273.00,-0.40,9,273.00,0.50,4897,566.00,18.80,272.00,-0.20,9,273.00,0.70,4466,572.00,17.80,273.00
"2025-04-03 06:15:00",0.70,34.00,9.00,0.08,9,276.00,0.07,6069,517.00,20.40,256.00,-0.70,9,276.00,0.30,4282,448.00,18.50,253.00,0.00,9,276.00,0.50,3966,514.00,16.70,256.00
"2025-04-03 06:30:00",0.80,28.00,9.00,0.09,9,273.00,0.08,6444,552.00,21.40,272.00,-0.80,9,273.00,0.30,4470,467.00,19.60,271.00,0.10,9,273.00,0.50,4602,542.00,18.60,271.00
"2025-04-03 06:45:00",0.80,54.00,9.00,0.13,9,273.00,0.11,6245,608.00,20.40,273.00,-0.80,9,273.00,0.50,4588,486.00,19.40,270.00,-0.20,9,273.00,0.50,4332,499.00,18.70,272.00
"2025-04-03 07:00:00",1.40,60.00,9.00,0.20,9,274.00,0.13,6558,580.00,21.20,274.00,-1.30,9,274.00,0.40,3717,520.00,17.00,274.00,-0.50,9,274.00,0.40,4079,484.00,18.50,274.00
"2025-04-03 07:15:00",1.10,55.00,9.00,0.19,9,275.00,0.08,5992,506.00,20.50,256.00,-1.10,9,275.00,0.40,3811,502.00,16.70,256.00,-0.30,9,275.00,0.30,4341,451.00,18.60,256.00
"2025-04-03 07:30:00",0.70,52.00,9.00,0.12,9,274.00,0.09,6280,575.00,20.90,274.00,-0.60,9,274.00,0.50,4232,481.00,18.80,274.00,-0.20,9,274.00,0.40,4699,488.00,19.70,274.00
"2025-04-03 07:45:00",0.70,70.00,9.00,0.19,9,274.00,0.09,6473,555.00,21.60,274.00,-0.60,9,274.00,0.60,4163,544.00,17.60,273.00,-0.40,9,274.00,0.40,4851,491.00,19.90,272.00
"2025-04-03 08:00:00",0.60,65.00,9.00,0.15,9,274.00,0.10,6339,537.00,21.70,274.00,-0.50,9,274.00,0.60,4117,535.00,17.60,274.00,-0.30,9,274.00,0.50,4625,497.00,19.30,273.00
"2025-04-03 08:15:00",0.40,93.00,9.00,0.13,9,276.00,0.11,5994,519.00,20.20,256.00,-0.20,9,276.00,0.70,3821,511.00,16.50,255.00,-0.30,9,276.00,0.50,4271,478.00,18.00,255.00
"2025-04-03 08:30:00",0.00,154.00,9.00,0.06,9,275.00,0.12,6247,543.00,21.50,275.00,0.00,9,275.00,0.90,3989,544.00,17.20,274.00,0.00,9,275.00,0.50,4364,482.00,19.10,275.00
"2025-04-03 08:45:00",0.30,313.00,9.00,0.02,9,274.00,0.14,6190,562.00,21.10,274.00,0.00,9,274.00,0.60,4114,504.00,18.00,269.00,0.30,9,274.00,0.60,4440,511.00,18.70,274.00
"2025-04-03 09:00:00",0.20,324.00,9.00,0.00,9,273.00,0.14,6085,572.00,20.80,273.00,0.00,9,273.00,0.60,4315,514.00,18.40,271.00,0.20,9,273.00,0.40,4232,482.00,18.70,271.00
"2025-04-03 09:15:00",0.50,231.00,9.00,0.02,9,276.00,0.14,5798,594.00,19.00,256.00,0.40,9,276.00,0.80,4120,491.00,17.40,256.00,0.10,9,276.00,0.70,3900,470.00,17.30,256.00
"2025-04-03 09:30:00",0.30,288.00,9.00,-0.04,9,274.00,0.15,6181,602.00,20.50,274.00,0.10,9,274.00,0.80,4301,540.00,18.00,272.00,0.30,9,274.00,0.70,4113,538.00,17.60,272.00
"2025-04-03 09:45:00",0.40,279.00,9.00,-0.14,9,274.00,0.18,6299,667.00,19.80,273.00,0.20,9,274.00,0.90,4545,573.00,18.00,274.00,0.40,9,274.00,0.90,4673,660.00,17.00,272.00
"2025-04-03 10:00:00",0.20,309.00,9.00,-0.05,2,274.00,0.23,6071,734.00,18.60,272.00,0.00,2,274.00,1.00,5034,609.00,18.40,271.00,0.20,2,274.00,0.90,5418,661.00,18.40,274.00
"2025-04-03 10:15:00",0.40,293.00,9.00,-0.06,2,276.00,0.22,5484,649.00,17.70,254.00,0.10,2,276.00,1.10,4254,526.00,17.20,255.00,0.30,2,276.00,0.90,4661,590.00,17.10,256.00
"2025-04-03 10:30:00",0.40,24.00,9.00,-0.09,2,275.00,0.22,5729,690.00,18.60,270.00,-0.40,2,275.00,1.20,4675,605.00,17.80,275.00,0.10,2,275.00,1.10,5093,685.00,17.50,274.00
"2025-04-03 10:45:00",0.30,310.00,9.00,-0.07,2,275.00,0.24,5672,663.00,18.80,274.00,0.00,2,275.00,1.00,4573,534.00,18.80,272.00,0.30,2,275.00,0.90,5074,631.00,18.20,271.00
"2025-04-03 11:00:00",0.40,55.00,9.00,0.08,9,276.00,0.33,5618,749.00,17.70,275.00,-0.40,9,276.00,1.50,4848,625.00,17.90,274.00,-0.10,9,276.00,1.20,5429,702.00,18.00,275.00
"2025-04-03 11:15:00",0.40,16.00,9.00,-0.01,2,278.00,0.27,5106,635.00,17.40,254.00,-0.40,2,278.00,1.50,4298,550.00,17.10,258.00,0.20,2,278.00,1.00,4934,591.00,17.70,256.00
"2025-04-03 11:30:00",0.50,292.00,9.00,-0.07,2,276.00,0.21,5550,663.00,18.60,272.00,0.10,2,276.00,1.00,4556,505.00,19.20,274.00,0.50,2,276.00,0.80,5178,611.00,18.70,275.00
"2025-04-03 11:45:00",0.30,320.00,9.00,-0.12,2,276.00,0.23,5582,687.00,18.40,271.00,-0.10,2,276.00,1.20,4634,530.00,18.90,276.00,0.30,2,276.00,1.00,5124,661.00,18.00,275.00
"2025-04-03 12:00:00",0.30,52.00,9.00,-0.03,2,276.00,0.31,5611,678.00,18.50,275.00,-0.30,2,276.00,1.00,4586,577.00,18.10,273.00,-0.10,2,276.00,1.10,5384,686.00,18.20,276.00
"2025-04-03 12:15:00",0.70,25.00,9.00,0.03,2,278.00,0.30,4880,699.00,16.20,255.00,-0.60,2,278.00,1.40,4169,559.00,16.60,257.00,0.10,2,278.00,1.00,4990,591.00,17.80,257.00
"2025-04-03 12:30:00",0.50,350.00,9.00,-0.02,2,277.00,0.26,5494,718.00,17.90,272.00,-0.30,2,277.00,1.20,4459,552.00,18.20,273.00,0.40,2,277.00,0.80,5307,586.00,19.30,275.00
"2025-04-03 12:45:00",0.30,351.00,9.00,-0.07,2,276.00,0.21,5907,636.00,19.60,274.00,-0.20,2,276.00,1.00,4202,508.00,18.40,274.00,0.20,2,276.00,0.90,4635,591.00,18.00,273.00
"2025-04-03 13:00:00",0.50,29.00,9.00,-0.05,2,276.00,0.30,5451,757.00,17.30,271.00,-0.50,2,276.00,1.40,4608,642.00,17.30,274.00,0.10,2,276.00,1.10,5251,708.00,17.70,272.00
"2025-04-03 13:15:00",0.90,43.00,9.00,0.02,2,279.00,0.40,5154,761.00,16.00,258.00,-0.90,2,279.00,1.60,4674,653.00,16.40,258.00,-0.10,2,279.00,1.30,5167,688.00,16.90,258.00
"2025-04-03 13:30:00",0.80,65.00,9.00,0.10,2,277.00,0.50,5461,810.00,16.80,277.00,-0.70,2,277.00,1.90,4975,727.00,16.70,277.00,-0.40,2,277.00,1.20,5529,711.00,18.20,274.00
"2025-04-03 13:45:00",1.00,18.00,9.00,-0.08,2,276.00,0.28,5455,748.00,17.40,276.00,-0.90,2,276.00,1.50,4668,673.00,17.00,276.00,0.30,2,276.00,1.00,5442,672.00,18.50,274.00
"2025-04-03 14:00:00",0.70,46.00,9.00,0.11,2,277.00,0.40,5304,788.00,16.80,275.00,-0.70,2,277.00,1.60,4720,639.00,17.40,277.00,-0.10,2,277.00,1.00,5551,639.00,19.10,274.00
"2025-04-03 14:15:00",0.60,11.00,9.00,-0.10,2,278.00,0.27,4842,673.00,16.30,255.00,-0.50,2,278.00,1.40,4385,576.00,16.80,256.00,0.30,2,278.00,0.90,4901,597.00,17.70,253.00
"2025-04-03 14:30:00",0.50,328.00,9.00,-0.11,2,277.00,0.20,5032,672.00,17.60,273.00,-0.20,2,277.00,1.00,4237,498.00,18.60,273.00,0.50,2,277.00,0.70,5247,536.00,20.10,277.00
"2025-04-03 14:45:00",0.60,302.00,9.00,-0.10,2,277.00,0.25,5126,723.00,17.10,272.00,0.10,2,277.00,0.80,4143,460.00,19.10,273.00,0.60,2,277.00,0.50,5377,476.00,21.20,277.00
"2025-04-03 15:00:00",0.80,319.00,9.00,0.00,2,276.00,0.34,5698,815.00,17.00,275.00,-0.10,2,276.00,1.40,5129,647.00,18.20,274.00,0.80,2,276.00,1.00,5501,618.00,19.30,276.00
"2025-04-03 15:15:00",0.80,335.00,9.00,-0.07,2,279.00,0.32,5111,708.00,16.40,259.00,-0.40,2,279.00,1.60,4383,597.00,16.50,258.00,0.70,2,279.00,0.70,5137,518.00,19.10,257.00
"2025-04-03 15:30:00",1.10,313.00,9.00,-0.16,2,276.00,0.23,5673,748.00,17.80,274.00,-0.10,2,276.00,1.40,4595,595.00,17.90,274.00,1.10,2,276.00,0.70,5343,538.00,20.20,272.00
"2025-04-03 15:45:00",1.00,321.00,9.00,-0.11,2,277.00,0.25,5699,740.00,17.90,272.00,-0.20,2,277.00,1.20,4623,596.00,17.90,276.00,1.00,2,277.00,0.70,5635,522.00,21.10,274.00
"2025-04-03 16:00:00",1.10,303.00,9.00,-0.16,2,276.00,0.18,5947,711.00,18.60,275.00,0.10,2,276.00,1.00,4194,547.00,17.70,273.00,1.10,2,276.00,0.60,4905,482.00,20.30,273.00
"2025-04-03 16:15:00",1.40,278.00,9.00,-0.11,2,279.00,0.28,5126,785.00,15.70,254.00,0.70,2,279.00,1.40,4628,621.00,16.80,255.00,1.20,2,279.00,0.80,4874,618.00,17.40,254.00
"2025-04-03 16:30:00",1.80,270.00,9.00,-0.09,2,276.00,0.22,6000,807.00,17.60,272.00,1.10,2,276.00,1.50,4867,636.00,17.90,272.00,1.40,2,276.00,1.10,5046,682.00,17.70,271.00
"2025-04-03 16:45:00",1.60,267.00,9.00,-0.11,2,277.00,0.18,5959,740.00,18.30,272.00,1.10,2,277.00,1.10,4682,598.00,18.10,272.00,1.20,2,277.00,0.80,4749,573.00,18.50,274.00
"2025-04-03 17:00:00",1.50,274.00,9.00,-0.10,2,276.00,0.19,5884,706.00,18.60,273.00,0.80,2,276.00,1.20,4231,603.00,17.10,271.00,1.20,2,276.00,0.90,4535,574.00,18.20,271.00
"2025-04-03 17:15:00",1.20,258.00,9.00,-0.09,2,279.00,0.14,5822,588.00,19.10,257.00,0.90,2,279.00,1.00,3942,548.00,16.30,254.00,0.80,2,279.00,0.90,3776,501.00,16.70,254.00
"2025-04-03 17:30:00",0.80,271.00,9.00,-0.06,2,276.00,0.16,6004,640.00,19.70,276.00,0.50,2,276.00,0.70,3918,513.00,17.60,274.00,0.60,2,276.00,0.60,3723,475.00,17.80,273.00
"2025-04-03 17:45:00",0.70,282.00,9.00,-0.04,2,276.00,0.15,6034,598.00,20.30,275.00,0.30,2,276.00,0.70,4236,492.00,18.70,276.00,0.60,2,276.00,0.70,3823,495.00,17.70,276.00
"2025-04-03 18:00:00",0.60,276.00,9.00,-0.07,9,276.00,0.15,6060,636.00,19.70,276.00,0.30,9,276.00,0.50,4847,455.00,20.60,276.00,0.50,9,276.00,0.80,3641,491.00,17.30,276.00
"2025-04-03 18:15:00",0.20,285.00,9.00,-0.05,9,277.00,0.16,5554,522.00,19.60,258.00,0.10,9,277.00,0.50,4427,432.00,19.10,258.00,0.20,9,277.00,0.70,3521,491.00,16.10,258.00
"2025-04-03 18:30:00",0.60,278.00,9.00,-0.09,9,276.00,0.17,5815,600.00,19.80,274.00,0.30,9,276.00,0.40,5068,440.00,21.30,276.00,0.50,9,276.00,0.70,3906,548.00,16.90,275.00
"2025-04-03 18:45:00",0.50,267.00,9.00,-0.04,9,276.00,0.18,5968,580.00,20.50,276.00,0.30,9,276.00,0.40,5012,437.00,21.30,275.00,0.30,9,276.00,0.60,4165,544.00,17.70,276.00
"2025-04-03 19:00:00",0.30,275.00,9.00,0.03,9,276.00,0.21,5865,609.00,19.90,276.00,0.20,9,276.00,0.40,4957,481.00,20.40,275.00,0.30,9,276.00,0.60,4157,583.00,17.00,275.00
"2025-04-03 19:15:00",0.60,283.00,9.00,0.02,9,277.00,0.20,5554,570.00,19.00,258.00,0.30,9,277.00,0.40,4787,469.00,19.30,256.00,0.60,9,277.00,0.70,3760,577.00,15.50,257.00
"2025-04-03 19:30:00",0.40,284.00,9.00,0.04,9,274.00,0.20,5716,624.00,19.40,274.00,0.20,9,274.00,0.40,5123,456.00,21.20,270.00,0.40,9,274.00,0.80,3775,597.00,16.00,274.00
"2025-04-03 19:45:00",0.10,263.00,9.00,0.06,9,274.00,0.19,5713,586.00,19.90,274.00,0.10,9,274.00,0.40,5144,448.00,21.20,271.00,0.10,9,274.00,0.60,3990,569.00,16.90,273.00
"2025-04-03 20:00:00",0.20,305.00,9.00,0.06,9,274.00,0.21,5686,639.00,19.20,271.00,0.00,9,274.00,0.60,4955,516.00,19.80,269.00,0.20,9,274.00,0.70,3950,628.00,15.90,271.00
"2025-04-03 20:15:00",0.60,277.00,9.00,0.00,9,276.00,0.21,5109,603.00,17.70,256.00,0.30,9,276.00,0.50,4380,479.00,18.20,253.00,0.50,9,276.00,0.80,3437,561.00,14.90,255.00
"2025-04-03 20:30:00",0.70,273.00,9.00,0.02,9,274.00,0.19,5534,629.00,19.00,273.00,0.40,9,274.00,0.60,4836,540.00,19.20,272.00,0.60,9,274.00,0.90,3651,605.00,15.60,273.00
"2025-04-03 20:45:00",0.40,282.00,9.00,0.07,9,274.00,0.21,5467,694.00,18.10,274.00,0.20,9,274.00,0.60,4638,572.00,18.30,271.00,0.40,9,274.00,1.00,3644,655.00,14.90,270.00
"2025-04-03 21:00:00",0.50,258.00,9.00,0.05,9,274.00,0.20,5338,650.00,18.40,273.00,0.40,9,274.00,0.50,4598,543.00,18.60,271.00,0.30,9,274.00,0.90,3755,611.00,15.70,272.00
"2025-04-03 21:15:00",0.60,261.00,9.00,0.03,9,276.00,0.22,4887,630.00,16.90,256.00,0.50,9,276.00,0.70,4334,519.00,17.60,251.00,0.40,9,276.00,1.00,3477,587.00,14.60,255.00
"2025-04-03 21:30:00",0.70,246.00,9.00,0.06,9,274.00,0.20,5470,636.00,18.90,273.00,0.60,9,274.00,0.60,4581,505.00,19.20,273.00,0.30,9,274.00,0.80,3634,629.00,15.10,269.00
"2025-04-03 21:45:00",0.60,246.00,9.00,0.06,9,274.00,0.21,5272,651.00,18.30,274.00,0.50,9,274.00,0.50,4532,534.00,18.60,269.00,0.30,9,274.00,0.90,3649,639.00,15.00,269.00
"2025-04-03 22:00:00",0.50,260.00,9.00,0.07,9,274.00,0.19,5396,653.00,18.50,272.00,0.40,9,274.00,0.60,4639,532.00,19.00,272.00,0.40,9,274.00,0.80,3653,620.00,15.40,270.00
"2025-04-03 22:15:00",0.60,240.00,9.00,-0.01,9,276.00,0.21,5130,623.00,17.50,257.00,0.50,9,276.00,0.60,4408,503.00,17.90,256.00,0.20,9,276.00,0.80,3549,560.00,15.10,256.00
"2025-04-03 22:30:00",0.40,260.00,9.00,0.04,9,273.00,0.19,5546,673.00,18.50,273.00,0.30,9,273.00,0.50,4636,513.00,19.20,272.00,0.30,9,273.00,0.70,3850,614.00,15.90,269.00
"2025-04-03 22:45:00",0.50,257.00,9.00,0.02,9,274.00,0.17,5763,612.00,19.60,274.00,0.40,9,274.00,0.60,4657,537.00,18.90,271.00,0.30,9,274.00,0.80,3777,620.00,15.60,274.00
"2025-04-03 23:00:00",0.60,244.00,9.00,0.03,9,274.00,0.19,5674,656.00,18.90,271.00,0.50,9,274.00,0.90,4627,599.00,17.80,271.00,0.30,9,274.00,1.00,4228,642.00,16.30,272.00
"2025-04-03 23:15:00",0.90,265.00,9.00,0.01,9,276.00,0.19,5405,651.00,17.60,253.00,0.60,9,276.00,1.10,4411,595.00,16.50,253.00,0.60,9,276.00,1.00,3958,626.00,15.10,252.00
"2025-04-03 23:30:00",0.30,200.00,9.00,0.09,9,274.00,0.19,5900,648.00,19.40,274.00,0.30,9,274.00,0.80,4698,579.00,18.20,273.00,-0.10,9,274.00,0.80,4281,621.00,16.70,273.00
"2025-04-03 23:45:00",0.60,112.00,9.00,0.10,9,274.00,0.17,6196,699.00,19.20,273.00,-0.20,9,274.00,0.80,4650,546.00,18.50,271.00,-0.60,9,274.00,0.80,3698,584.00,15.80,273.00
"2025-04-04 00:00:00",0.50,14.00,9.00,0.14,9,274.00,0.19,6514,595.00,21.00,274.00,-0.40,9,274.00,0.40,4399,528.00,18.30,273.00,0.20,9,274.00,0.40,3586,502.00,17.00,273.00
"2025-04-04 00:15:00",0.30,78.00,9.00,0.15,9,276.00,0.18,6085,676.00,18.40,257.00,-0.20,9,276.00,0.60,3847,482.00,17.00,257.00,-0.20,9,276.00,0.70,2854,476.00,14.70,257.00
"2025-04-04 00:30:00",0.40,91.00,9.00,0.10,9,274.00,0.11,6233,664.00,19.60,271.00,-0.20,9,274.00,0.40,4610,555.00,18.30,274.00,-0.30,9,274.00,0.80,2836,536.00,14.20,273.00
"2025-04-04 00:45:00",1.10,117.00,9.00,0.10,9,275.00,0.12,6338,569.00,21.50,272.00,-0.20,9,275.00,0.50,5171,607.00,18.60,275.00,-1.10,9,275.00,0.90,3440,564.00,15.40,275.00
"2025-04-04 01:00:00",0.80,126.00,9.00,0.04,9,273.00,0.14,5918,706.00,18.60,272.00,0.00,9,273.00,0.50,4785,574.00,18.40,273.00,-0.80,9,273.00,1.00,3433,551.00,15.60,271.00
"2025-04-04 01:15:00",0.70,81.00,9.00,0.11,9,276.00,0.17,5137,751.00,15.90,254.00,-0.50,9,276.00,0.60,3760,534.00,16.00,256.00,-0.40,9,276.00,1.20,2551,523.00,13.00,256.00
"2025-04-04 01:30:00",1.00,126.00,9.00,0.08,9,274.00,0.14,6130,664.00,19.50,274.00,0.00,9,274.00,0.50,5026,605.00,18.40,273.00,-1.00,9,274.00,0.80,4000,561.00,16.90,274.00
"2025-04-04 01:45:00",0.50,100.00,9.00,0.10,9,273.00,0.15,5959,645.00,19.50,273.00,-0.30,9,273.00,0.50,4383,559.00,17.80,273.00,-0.50,9,273.00,0.80,3610,508.00,16.90,271.00
"2025-04-04 02:00:00",0.20,75.00,9.00,0.03,9,274.00,0.16,6118,697.00,19.10,274.00,-0.20,9,274.00,0.70,4380,594.00,17.30,274.00,-0.10,9,274.00,0.80,3649,522.00,16.70,274.00
"2025-04-04 02:15:00",1.00,130.00,9.00,0.00,9,275.00,0.18,5712,628.00,18.40,256.00,0.00,9,275.00,0.70,4726,539.00,18.00,255.00,-1.00,9,275.00,0.90,4197,597.00,16.10,256.00
"2025-04-04 02:30:00",0.50,163.00,9.00,-0.05,9,274.00,0.16,6109,679.00,19.30,270.00,0.30,9,274.00,0.70,4997,577.00,18.70,273.00,-0.40,9,274.00,0.90,4231,579.00,17.20,274.00
"2025-04-04 02:45:00",0.40,241.00,9.00,-0.08,9,273.00,0.15,6154,779.00,18.10,273.00,0.40,9,273.00,0.60,4410,604.00,17.20,273.00,0.20,9,273.00,0.70,3970,571.00,16.70,273.00
"2025-04-04 03:00:00",0.30,246.00,9.00,-0.04,9,274.00,0.15,6443,714.00,19.40,274.00,0.30,9,274.00,0.90,4589,655.00,16.90,273.00,0.10,9,274.00,0.80,4019,636.00,15.80,273.00
"2025-04-04 03:15:00",0.60,261.00,9.00,-0.10,9,275.00,0.14,5848,685.00,17.90,254.00,0.40,9,275.00,0.60,4284,520.00,17.40,256.00,0.40,9,275.00,0.90,3446,519.00,15.50,256.00
"2025-04-04 03:30:00",0.60,28.00,9.00,0.07,9,274.00,0.17,6327,723.00,19.00,270.00,-0.60,9,274.00,0.70,4490,608.00,17.30,274.00,0.10,9,274.00,0.70,4043,545.00,17.30,273.00
"2025-04-04 03:45:00",0.20,282.00,9.00,-0.05,9,273.00,0.13,6393,732.00,18.90,273.00,0.10,9,273.00,0.60,4421,593.00,17.30,273.00,0.20,9,273.00,0.70,3718,586.00,15.90,273.00
"2025-04-04 04:00:00",0.30,182.00,9.00,-0.06,9,274.00,0.09,6761,713.00,19.60,274.00,0.20,9,274.00,0.30,4266,474.00,19.10,274.00,-0.20,9,274.00,1.10,3270,572.00,15.00,274.00
"2025-04-04 04:15:00",0.60,213.00,9.00,-0.12,9,275.00,0.13,6001,702.00,17.80,256.00,0.60,9,275.00,0.30,3979,424.00,18.50,252.00,0.00,9,275.00,0.50,3006,470.00,15.30,256.00
"2025-04-04 04:30:00",0.50,149.00,9.00,-0.06,9,274.00,0.12,6890,643.00,20.70,274.00,0.20,9,274.00,0.30,4461,469.00,19.50,273.00,-0.50,9,274.00,0.40,3602,498.00,16.90,271.00
"2025-04-04 04:45:00",0.50,103.00,9.00,0.01,9,273.00,0.11,6815,606.00,21.20,273.00,-0.20,9,273.00,0.40,4088,493.00,18.20,268.00,-0.40,9,273.00,0.50,3866,480.00,18.10,270.00
"2025-04-04 05:00:00",0.30,116.00,9.00,-0.01,9,273.00,0.15,6420,721.00,19.10,273.00,-0.10,9,273.00,0.20,4631,463.00,20.00,272.00,-0.30,9,273.00,0.30,3918,471.00,18.40,272.00
"2025-04-04 05:15:00",0.80,125.00,9.00,0.02,9,276.00,0.18,5967,647.00,18.40,255.00,0.00,9,276.00,0.50,4714,496.00,18.60,253.00,-0.80,9,276.00,0.90,4046,527.00,16.90,251.00
"2025-04-04 05:30:00",0.60,151.00,9.00,0.01,9,273.00,0.17,6532,659.00,20.20,273.00,0.20,9,273.00,0.70,5112,571.00,19.10,271.00,-0.50,9,273.00,0.90,4464,586.00,17.70,273.00
"2025-04-04 05:45:00",0.60,132.00,9.00,0.07,9,274.00,0.18,6565,669.00,20.10,274.00,0.00,9,274.00,0.60,5066,570.00,19.10,274.00,-0.60,9,274.00,0.90,4043,577.00,17.00,271.00
"2025-04-04 06:00:00",1.00,163.00,9.00,0.04,9,273.00,0.22,6377,753.00,18.90,271.00,0.60,9,273.00,1.30,5414,773.00,17.20,271.00,-0.80,9,273.00,1.60,4993,768.00,16.40,271.00
"2025-04-04 06:15:00",0.80,154.00,9.00,0.09,9,275.00,0.20,6060,671.00,18.40,254.00,0.30,9,275.00,1.20,4968,676.00,16.60,254.00,-0.70,9,275.00,1.10,4471,663.00,15.80,249.00
"2025-04-04 06:30:00",0.50,143.00,9.00,0.05,9,274.00,0.19,6271,647.00,19.90,274.00,0.10,9,274.00,1.00,4855,651.00,17.50,270.00,-0.50,9,274.00,0.80,4545,575.00,18.00,274.00
"2025-04-04 06:45:00",0.70,80.00,9.00,0.05,9,273.00,0.17,6077,627.00,19.90,271.00,-0.50,9,273.00,0.60,4583,618.00,17.50,268.00,-0.50,9,273.00,0.90,3920,601.00,16.50,269.00
"2025-04-04 07:00:00",1.20,102.00,9.00,0.08,9,274.00,0.17,5752,614.00,19.60,271.00,-0.50,9,274.00,0.70,4403,557.00,18.00,270.00,-1.10,9,274.00,1.00,3854,634.00,15.90,270.00
"2025-04-04 07:15:00",1.20,104.00,9.00,0.16,9,275.00,0.19,5471,571.00,18.80,256.00,-0.50,9,275.00,0.80,4174,503.00,17.50,252.00,-1.10,9,275.00,1.10,3880,564.00,16.20,251.00
"2025-04-04 07:30:00",1.00,103.00,9.00,0.17,9,273.00,0.17,5973,581.00,20.50,271.00,-0.40,9,273.00,0.70,4521,492.00,19.30,270.00,-0.90,9,273.00,0.70,4224,525.00,18.30,270.00
"2025-04-04 07:45:00",0.70,131.00,9.00,0.10,9,274.00,0.13,6371,542.00,21.70,273.00,0.00,9,274.00,0.80,4797,516.00,19.40,274.00,-0.70,9,274.00,0.80,4269,534.00,18.10,269.00
"2025-04-04 08:00:00",0.50,140.00,9.00,-0.02,9,273.00,0.17,6052,602.00,20.30,272.00,0.10,9,273.00,0.90,4760,551.00,18.80,271.00,-0.50,9,273.00,1.00,4460,594.00,17.60,272.00
"2025-04-04 08:15:00",0.40,203.00,9.00,-0.01,9,277.00,0.20,5670,598.00,18.80,254.00,0.40,9,277.00,1.10,4356,546.00,17.10,254.00,-0.10,9,277.00,1.30,4066,616.00,15.70,254.00
"2025-04-04 08:30:00",0.70,164.00,9.00,-0.01,9,274.00,0.22,6035,686.00,19.30,272.00,0.40,9,274.00,1.20,5011,619.00,18.30,271.00,-0.60,9,274.00,1.40,4567,680.00,16.70,270.00
"2025-04-04 08:45:00",0.80,178.00,9.00,-0.05,9,274.00,0.24,6139,736.00,18.80,270.00,0.60,9,274.00,1.80,5225,713.00,17.60,274.00,-0.50,9,274.00,1.80,4723,768.00,16.00,269.00
"2025-04-04 09:00:00",0.80,188.00,9.00,-0.10,9,274.00,0.24,6001,729.00,18.60,272.00,0.70,9,274.00,1.70,4879,666.00,17.50,272.00,-0.40,9,274.00,1.60,4762,736.00,16.40,272.00
"2025-04-04 09:15:00",0.60,185.00,9.00,-0.03,9,276.00,0.26,5432,728.00,16.90,251.00,0.50,9,276.00,1.50,4274,644.00,15.70,253.00,-0.30,9,276.00,1.50,4368,754.00,14.80,251.00
"2025-04-04 09:30:00",0.80,196.00,9.00,-0.05,9,274.00,0.31,5862,836.00,17.30,271.00,0.70,9,274.00,2.00,4838,745.00,16.50,274.00,-0.30,9,274.00,1.90,4876,860.00,15.30,272.00
"2025-04-04 09:45:00",0.60,228.00,9.00,0.02,9,274.00,0.30,5950,793.00,17.90,270.00,0.60,9,274.00,1.80,5076,723.00,17.20,273.00,0.10,9,274.00,1.50,5133,763.00,16.80,269.00
"2025-04-04 10:00:00",0.70,226.00,9.00,0.06,2,276.00,0.29,5925,803.00,17.60,273.00,0.70,2,276.00,1.50,5211,703.00,17.60,275.00,0.10,2,276.00,1.10,5358,688.00,18.00,274.00
"2025-04-04 10:15:00",0.30,184.00,9.00,-0.08,2,278.00,0.29,5170,713.00,16.60,253.00,0.20,2,278.00,1.70,4578,641.00,16.40,257.00,-0.20,2,278.00,1.40,4867,715.00,16.20,253.00
"2025-04-04 10:30:00",0.50,88.00,9.00,0.01,2,276.00,0.33,5434,776.00,17.10,272.00,-0.30,2,276.00,1.60,4911,660.00,17.60,275.00,-0.40,2,276.00,1.30,5380,774.00,17.20,271.00
"2025-04-04 10:45:00",0.60,100.00,9.00,0.03,2,276.00,0.44,5390,846.00,16.30,276.00,-0.30,2,276.00,1.60,4942,720.00,16.90,274.00,-0.50,2,276.00,1.70,5482,821.00,16.90,271.00
"2025-04-04 11:00:00",0.70,47.00,9.00,-0.03,2,277.00,0.27,5018,733.00,16.80,274.00,-0.70,2,277.00,1.10,4288,601.00,17.20,276.00,-0.10,2,277.00,0.90,5367,710.00,17.90,272.00
"2025-04-04 11:15:00",0.50,115.00,9.00,0.07,2,279.00,0.42,5105,793.00,15.60,255.00,-0.10,2,279.00,1.90,4677,717.00,15.70,258.00,-0.50,2,279.00,1.30,5311,742.00,16.60,258.00
"2025-04-04 11:30:00",0.80,64.00,9.00,0.06,2,276.00,0.35,5284,734.00,17.30,274.00,-0.70,2,276.00,1.60,4647,661.00,17.10,274.00,-0.30,2,276.00,0.90,5678,647.00,19.30,271.00
