"2025-04-01 00:00:00",1.00,109.00,9.00,0.25,9,274.00,0.09,6119,486.00,22.10,273.00,-0.40,9,274.00,0.80,3916,552.00,16.90,274.00,-1.00,9,274.00,0.60,4661,499.00,19.50,274.00
"2025-04-01 00:15:00",1.10,112.00,9.00,0.23,9,277.00,0.12,5308,493.00,19.60,256.00,-0.30,9,277.00,0.80,3800,500.00,16.70,256.00,-1.10,9,277.00,0.50,4269,437.00,18.80,256.00
"2025-04-01 00:30:00",0.80,115.00,9.00,0.26,9,274.00,0.10,5904,519.00,21.10,273.00,-0.20,9,274.00,0.60,3574,545.00,16.30,274.00,-0.80,9,274.00,0.40,5243,392.00,22.60,273.00
"2025-04-01 00:45:00",0.90,127.00,9.00,0.26,9,274.00,0.09,6164,519.00,21.60,274.00,0.00,9,274.00,0.60,3690,532.00,16.80,274.00,-0.90,9,274.00,0.40,4816,391.00,21.80,272.00
"2025-04-01 01:00:00",1.00,126.00,9.00,0.22,9,275.00,0.10,6005,552.00,20.80,273.00,0.00,9,275.00,0.60,3992,523.00,17.60,272.00,-1.00,9,275.00,0.40,4435,410.00,20.70,275.00
"2025-04-01 01:15:00",1.10,102.00,9.00,0.25,9,276.00,0.15,4892,514.00,18.60,257.00,-0.50,9,276.00,0.60,3351,464.00,16.20,256.00,-0.90,9,276.00,0.50,4076,359.00,19.80,256.00
"2025-04-01 01:30:00",1.20,99.00,9.00,0.28,9,274.00,0.12,4833,532.00,19.20,274.00,-0.60,9,274.00,0.60,3144,481.00,16.20,273.00,-1.00,9,274.00,0.50,4505,396.00,21.10,274.00
"2025-04-01 01:45:00",1.50,101.00,9.00,0.34,9,275.00,0.10,5020,524.00,19.60,274.00,-0.70,9,275.00,0.60,3173,483.00,16.30,275.00,-1.30,9,275.00,0.40,4831,390.00,21.80,275.00
"2025-04-01 02:00:00",1.60,97.00,9.00,0.37,9,274.00,0.06,5522,533.00,20.30,269.00,-0.80,9,274.00,0.60,3523,501.00,16.90,274.00,-1.40,9,274.00,0.30,5148,386.00,22.50,273.00
"2025-04-01 02:15:00",1.40,102.00,9.00,0.39,9,277.00,0.04,5295,481.00,19.80,256.00,-0.60,9,277.00,0.50,3197,481.00,15.60,256.00,-1.20,9,277.00,0.30,4883,378.00,21.10,257.00
"2025-04-01 02:30:00",1.40,110.00,9.00,0.32,9,274.00,0.09,5489,575.00,19.60,269.00,-0.40,9,274.00,0.40,3942,506.00,17.80,274.00,-1.40,9,274.00,0.20,5382,372.00,23.20,274.00
"2025-04-01 02:45:00",1.20,112.00,9.00,0.26,9,274.00,0.09,5720,563.00,20.10,272.00,-0.30,9,274.00,0.40,4205,520.00,18.10,274.00,-1.20,9,274.00,0.20,5083,384.00,22.40,274.00
"2025-04-01 03:00:00",1.30,126.00,9.00,0.28,9,275.00,0.07,6149,502.00,21.90,270.00,0.00,9,275.00,0.60,3932,531.00,17.30,273.00,-1.30,9,275.00,0.30,5198,381.00,22.80,273.00
"2025-04-01 03:15:00",0.80,122.00,9.00,0.13,9,276.00,0.17,5187,484.00,19.60,257.00,-0.10,9,276.00,0.50,4083,463.00,17.90,257.00,-0.80,9,276.00,0.40,4306,368.00,20.10,253.00
"2025-04-01 03:30:00",1.10,121.00,9.00,0.20,9,274.00,0.12,5893,501.00,21.40,272.00,-0.10,9,274.00,0.60,4160,528.00,17.90,274.00,-1.10,9,274.00,0.40,5140,411.00,21.90,273.00
"2025-04-01 03:45:00",0.40,104.00,9.00,0.10,9,275.00,0.16,5213,594.00,18.90,274.00,-0.20,9,275.00,0.60,3509,439.00,17.90,274.00,-0.40,9,275.00,0.60,4347,464.00,19.30,275.00
"2025-04-01 04:00:00",1.00,44.00,9.00,0.16,9,274.00,0.15,4574,625.00,17.20,274.00,-0.90,9,274.00,0.90,2604,465.00,14.80,274.00,-0.10,9,274.00,0.40,4539,456.00,19.90,274.00
"2025-04-01 04:15:00",0.40,267.00,9.00,-0.05,9,277.00,0.11,4132,457.00,18.10,257.00,0.30,9,277.00,0.60,3497,445.00,16.90,257.00,0.30,9,277.00,0.30,5273,370.00,21.80,256.00
"2025-04-01 04:30:00",0.20,324.00,9.00,0.08,9,273.00,0.11,4903,492.00,19.90,273.00,-0.10,9,273.00,0.60,3885,458.00,18.50,273.00,0.20,9,273.00,0.50,5396,421.00,22.20,273.00
"2025-04-01 04:45:00",0.70,77.00,9.00,0.20,9,273.00,0.16,4372,529.00,18.20,273.00,-0.60,9,273.00,0.60,3443,455.00,17.40,271.00,-0.40,9,273.00,0.70,4381,468.00,19.30,273.00
"2025-04-01 05:00:00",0.50,87.00,9.00,0.21,9,274.00,0.15,4695,548.00,18.60,274.00,-0.30,9,274.00,0.60,3927,480.00,18.10,274.00,-0.40,9,274.00,0.50,4517,457.00,19.80,274.00
"2025-04-01 05:15:00",0.20,121.00,9.00,0.16,9,275.00,0.11,4440,476.00,18.40,255.00,0.00,9,275.00,0.50,3308,420.00,17.00,255.00,-0.20,9,275.00,0.30,4482,357.00,20.70,255.00
"2025-04-01 05:30:00",0.40,78.00,9.00,0.18,9,274.00,0.11,4984,561.00,19.00,274.00,-0.30,9,274.00,0.40,4160,492.00,18.60,274.00,-0.30,9,274.00,0.30,5064,467.00,20.80,271.00
"2025-04-01 05:45:00",0.90,72.00,9.00,0.25,9,273.00,0.14,4765,642.00,17.40,273.00,-0.70,9,273.00,0.40,3709,508.00,17.30,273.00,-0.50,9,273.00,0.30,4243,420.00,20.10,273.00
"2025-04-01 06:00:00",0.10,277.00,9.00,0.04,9,274.00,0.12,5141,483.00,20.50,274.00,0.10,9,274.00,0.60,3294,438.00,17.40,273.00,0.10,9,274.00,0.50,4426,435.00,20.10,272.00
"2025-04-01 06:15:00",0.30,299.00,9.00,0.00,9,275.00,0.11,4562,462.00,18.90,255.00,0.10,9,275.00,0.50,2799,392.00,16.10,256.00,0.30,9,275.00,0.40,4236,408.00,19.30,256.00
"2025-04-01 06:30:00",0.40,262.00,9.00,0.14,9,273.00,0.11,4718,474.00,19.90,273.00,0.30,9,273.00,0.50,2927,390.00,17.50,273.00,0.30,9,273.00,0.30,4658,419.00,20.70,273.00
"2025-04-01 06:45:00",0.70,341.00,9.00,0.11,9,274.00,0.12,4482,553.00,18.20,273.00,-0.40,9,274.00,0.60,2763,426.00,16.00,274.00,0.60,9,274.00,0.60,4228,439.00,19.60,274.00
"2025-04-01 07:00:00",0.40,28.00,9.00,0.08,9,273.00,0.16,5037,587.00,18.80,272.00,-0.40,9,273.00,0.60,3592,463.00,17.70,273.00,0.10,9,273.00,0.60,4113,422.00,19.60,273.00
"2025-04-01 07:15:00",0.80,255.00,9.00,-0.07,9,276.00,0.20,4502,606.00,16.50,254.00,0.60,9,276.00,0.80,3431,457.00,16.30,255.00,0.50,9,276.00,0.50,3651,379.00,18.40,256.00
"2025-04-01 07:30:00",0.20,262.00,9.00,-0.01,9,274.00,0.18,4945,596.00,18.30,274.00,0.20,9,274.00,0.80,3710,428.00,18.60,273.00,0.20,9,274.00,0.60,3867,444.00,18.60,273.00
"2025-04-01 07:45:00",0.70,315.00,9.00,0.06,9,274.00,0.25,5265,631.00,18.50,273.00,-0.10,9,274.00,0.90,4618,548.00,18.50,272.00,0.70,9,274.00,1.10,4808,572.00,18.60,274.00
"2025-04-01 08:00:00",0.30,320.00,9.00,0.00,9,274.00,0.22,5177,615.00,18.50,274.00,-0.10,9,274.00,1.10,4488,518.00,18.70,273.00,0.30,9,274.00,0.80,4406,462.00,19.40,274.00
"2025-04-01 08:15:00",0.50,280.00,9.00,-0.03,9,277.00,0.24,4822,604.00,17.10,257.00,0.20,9,277.00,1.10,4295,505.00,17.60,256.00,0.50,9,277.00,1.00,4354,524.00,17.40,254.00
"2025-04-01 08:30:00",0.20,322.00,9.00,-0.06,9,274.00,0.19,4974,586.00,18.60,269.00,0.00,9,274.00,0.60,3940,425.00,19.20,272.00,0.20,9,274.00,0.80,4006,446.00,19.00,269.00
"2025-04-01 08:45:00",0.50,351.00,9.00,0.02,9,274.00,0.26,5222,681.00,17.90,270.00,-0.30,9,274.00,1.40,4659,586.00,18.10,274.00,0.40,9,274.00,1.10,4790,593.00,18.20,271.00
"2025-04-01 09:00:00",0.80,352.00,9.00,0.04,9,274.00,0.25,5037,636.00,18.00,274.00,-0.50,9,274.00,0.90,4414,525.00,18.60,273.00,0.60,9,274.00,1.00,4816,559.00,18.90,273.00
"2025-04-01 09:15:00",0.50,340.00,9.00,-0.04,9,277.00,0.22,4674,555.00,17.60,257.00,-0.30,9,277.00,0.80,3624,445.00,17.20,257.00,0.40,9,277.00,0.70,4153,447.00,18.20,252.00
"2025-04-01 09:30:00",0.50,0.00,9.00,0.14,9,273.00,0.35,5498,745.00,17.50,273.00,-0.40,9,273.00,1.40,4999,619.00,18.30,273.00,0.30,9,273.00,1.20,4962,614.00,18.30,273.00
"2025-04-01 09:45:00",0.70,335.00,9.00,-0.03,9,274.00,0.27,5286,659.00,18.20,270.00,-0.30,9,274.00,1.10,4398,536.00,18.30,272.00,0.60,9,274.00,1.10,4753,566.00,18.60,273.00
"2025-04-01 10:00:00",0.70,8.00,9.00,0.02,9,274.00,0.30,5240,675.00,17.90,274.00,-0.60,9,274.00,1.10,4339,576.00,17.60,269.00,0.40,9,274.00,1.00,4781,535.00,19.00,272.00
"2025-04-01 10:15:00",0.50,308.00,9.00,0.01,9,276.00,0.26,4745,652.00,16.50,254.00,0.00,9,276.00,1.50,4040,557.00,16.30,254.00,0.50,9,276.00,1.20,4021,600.00,15.90,251.00
"2025-04-01 10:30:00",0.50,287.00,9.00,-0.04,9,275.00,0.28,4787,713.00,16.70,270.00,0.20,9,275.00,1.70,3917,636.00,16.10,270.00,0.50,9,275.00,1.10,4244,599.00,17.20,270.00
"2025-04-01 10:45:00",0.40,242.00,9.00,-0.01,9,276.00,0.24,4855,648.00,17.50,275.00,0.30,9,276.00,1.20,3745,529.00,17.00,272.00,0.20,9,276.00,0.80,4118,553.00,17.70,271.00
"2025-04-01 11:00:00",0.50,273.00,9.00,-0.02,9,275.00,0.23,4911,678.00,17.30,270.00,0.30,9,275.00,1.30,3852,563.00,16.90,272.00,0.40,9,275.00,1.10,4143,559.00,17.60,270.00
"2025-04-01 11:15:00",0.70,277.00,9.00,-0.02,9,278.00,0.28,4639,651.00,16.30,256.00,0.40,9,278.00,1.80,3808,559.00,15.90,254.00,0.60,9,278.00,1.10,3888,581.00,15.80,253.00
"2025-04-01 11:30:00",0.80,306.00,9.00,-0.16,9,276.00,0.37,4758,739.00,16.40,271.00,0.00,9,276.00,1.80,4214,623.00,16.80,271.00,0.80,9,276.00,1.30,4301,612.00,17.20,271.00
"2025-04-01 11:45:00",1.00,306.00,9.00,-0.06,2,276.00,0.34,4949,721.00,17.00,271.00,0.00,2,276.00,1.80,4189,621.00,16.60,274.00,1.00,2,276.00,1.40,4295,656.00,16.70,271.00
"2025-04-01 12:00:00",1.00,270.00,9.00,-0.02,2,276.00,0.28,4836,693.00,17.10,271.00,0.60,2,276.00,1.90,3985,609.00,16.60,271.00,0.80,2,276.00,1.10,4212,604.00,17.20,271.00
"2025-04-01 12:15:00",0.60,262.00,9.00,0.01,2,278.00,0.24,4564,630.00,16.50,256.00,0.40,2,278.00,1.80,3518,573.00,15.20,254.00,0.40,2,278.00,0.90,3680,549.00,15.90,255.00
"2025-04-01 12:30:00",0.60,295.00,9.00,-0.02,9,275.00,0.21,4852,615.00,18.00,272.00,0.10,9,275.00,1.40,3595,550.00,16.50,269.00,0.60,9,275.00,1.10,3876,541.00,17.20,270.00
"2025-04-01 12:45:00",0.40,295.00,9.00,0.00,9,276.00,0.20,4762,627.00,17.70,275.00,0.10,9,276.00,1.30,3456,528.00,16.50,271.00,0.40,9,276.00,1.10,3898,575.00,16.70,271.00
"2025-04-01 13:00:00",0.40,255.00,9.00,-0.01,9,276.00,0.21,4734,603.00,17.90,273.00,0.30,9,276.00,1.00,3429,471.00,17.30,271.00,0.20,9,276.00,0.80,3960,520.00,17.70,271.00
"2025-04-01 13:15:00",0.50,283.00,9.00,-0.03,9,278.00,0.20,4257,581.00,16.50,254.00,0.20,9,278.00,1.30,3096,484.00,15.50,253.00,0.50,9,278.00,0.90,3578,495.00,16.30,253.00
"2025-04-01 13:30:00",0.80,267.00,9.00,-0.02,2,276.00,0.27,4636,673.00,16.90,271.00,0.50,2,276.00,1.50,3668,572.00,16.50,271.00,0.60,2,276.00,1.00,3956,601.00,16.80,271.00
"2025-04-01 13:45:00",0.50,274.00,9.00,-0.02,2,275.00,0.19,4507,590.00,17.70,274.00,0.30,2,275.00,1.00,3340,473.00,17.10,270.00,0.40,2,275.00,0.70,3730,502.00,17.50,272.00
"2025-04-01 14:00:00",0.40,281.00,9.00,-0.01,9,276.00,0.20,4604,602.00,17.70,273.00,0.20,9,276.00,1.20,3468,489.00,17.10,271.00,0.30,9,276.00,0.80,3878,515.00,17.60,273.00
"2025-04-01 14:15:00",0.40,300.00,9.00,-0.02,9,278.00,0.19,4241,566.00,16.60,254.00,0.10,9,278.00,1.30,3206,489.00,15.60,254.00,0.40,9,278.00,0.90,3663,498.00,16.60,253.00
"2025-04-01 14:30:00",0.80,292.00,9.00,0.00,9,276.00,0.27,4640,699.00,16.70,271.00,0.20,9,276.00,1.60,3534,593.00,15.70,271.00,0.80,9,276.00,1.50,3850,639.00,15.90,271.00
"2025-04-01 14:45:00",0.90,281.00,9.00,-0.06,9,276.00,0.30,4390,714.00,15.90,271.00,0.40,9,276.00,2.30,3454,613.00,15.30,269.00,0.80,9,276.00,1.10,3850,616.00,16.20,270.00
"2025-04-01 15:00:00",1.10,281.00,9.00,-0.06,2,276.00,0.39,4505,791.00,15.30,271.00,0.50,2,276.00,2.50,3810,721.00,14.70,272.00,1.00,2,276.00,1.60,4006,698.00,15.40,270.00
"2025-04-01 15:15:00",1.10,275.00,9.00,-0.05,2,279.00,0.33,4245,654.00,15.50,254.00,0.60,2,279.00,1.90,3293,584.00,14.50,253.00,0.90,2,279.00,1.50,3704,622.00,15.00,253.00
"2025-04-01 15:30:00",1.00,295.00,9.00,-0.06,2,276.00,0.30,4341,736.00,15.60,271.00,0.20,2,276.00,2.20,3434,651.00,14.70,271.00,1.00,2,276.00,1.60,3920,664.00,15.80,271.00
"2025-04-01 15:45:00",0.80,271.00,9.00,-0.11,2,277.00,0.28,4394,635.00,16.90,272.00,0.50,2,277.00,1.50,3178,506.00,16.10,272.00,0.60,2,277.00,0.80,3865,550.00,17.10,272.00
"2025-04-01 16:00:00",0.60,269.00,9.00,-0.08,2,276.00,0.21,4516,598.00,17.60,274.00,0.40,2,276.00,1.20,3146,502.00,16.10,270.00,0.50,2,276.00,0.80,3732,538.00,16.90,272.00
"2025-04-01 16:15:00",0.40,271.00,9.00,-0.06,2,277.00,0.20,3908,538.00,16.40,254.00,0.30,2,277.00,1.00,2697,435.00,15.10,252.00,0.30,2,277.00,0.70,3244,463.00,16.00,252.00
"2025-04-01 16:30:00",0.40,269.00,9.00,-0.04,2,276.00,0.19,4158,577.00,17.10,275.00,0.30,2,276.00,0.90,2868,481.00,15.60,270.00,0.30,2,276.00,0.70,3688,485.00,17.50,271.00
"2025-04-01 16:45:00",0.40,268.00,9.00,-0.02,2,276.00,0.18,4353,528.00,18.30,276.00,0.30,2,276.00,0.80,2901,423.00,16.80,270.00,0.30,2,276.00,0.70,3632,446.00,18.10,272.00
"2025-04-01 17:00:00",0.40,286.00,9.00,0.00,2,276.00,0.17,4355,532.00,18.30,274.00,0.10,2,276.00,0.60,3073,420.00,17.20,271.00,0.40,2,276.00,0.70,3816,428.00,18.90,275.00
"2025-04-01 17:15:00",0.30,307.00,9.00,0.02,9,277.00,0.17,3997,496.00,17.10,258.00,0.00,9,277.00,0.70,2850,400.00,16.20,252.00,0.30,9,277.00,0.60,3398,418.00,17.20,256.00
"2025-04-01 17:30:00",0.20,268.00,9.00,0.02,9,276.00,0.17,4434,510.00,18.70,276.00,0.10,9,276.00,0.60,2985,395.00,17.40,274.00,0.20,9,276.00,0.70,3632,425.00,18.50,276.00
"2025-04-01 17:45:00",0.20,274.00,9.00,0.05,9,276.00,0.17,4528,481.00,19.50,275.00,0.10,9,276.00,0.50,3313,373.00,18.90,271.00,0.10,9,276.00,0.60,3731,429.00,18.70,272.00
"2025-04-01 18:00:00",0.30,252.00,9.00,0.02,9,276.00,0.17,4605,479.00,19.60,276.00,0.20,9,276.00,0.50,3245,362.00,18.90,274.00,0.20,9,276.00,0.60,3725,393.00,19.30,273.00
"2025-04-01 18:15:00",0.50,260.00,9.00,0.00,9,277.00,0.16,4111,462.00,18.00,258.00,0.40,9,277.00,0.50,3171,355.00,18.00,258.00,0.30,9,277.00,0.60,3669,357.00,19.10,257.00
"2025-04-01 18:30:00",0.50,245.00,9.00,0.00,9,274.00,0.16,4246,493.00,18.60,273.00,0.50,9,274.00,0.50,3297,381.00,18.60,272.00,0.20,9,274.00,0.60,3788,397.00,19.40,274.00
"2025-04-01 18:45:00",0.70,254.00,9.00,-0.01,9,274.00,0.15,4264,479.00,18.90,274.00,0.60,9,274.00,0.50,3160,377.00,18.30,274.00,0.40,9,274.00,0.50,3985,381.00,20.20,273.00
"2025-04-01 19:00:00",1.00,248.00,9.00,-0.05,9,274.00,0.18,4249,514.00,18.20,273.00,0.90,9,274.00,0.60,3194,404.00,17.80,271.00,0.50,9,274.00,0.60,3880,398.00,19.60,274.00
"2025-04-01 19:15:00",1.00,256.00,9.00,-0.05,9,276.00,0.19,3938,523.00,16.60,256.00,0.80,9,276.00,0.60,3011,384.00,16.80,257.00,0.60,9,276.00,0.50,3480,366.00,18.40,254.00
"2025-04-01 19:30:00",0.90,243.00,9.00,-0.03,9,274.00,0.18,4354,555.00,17.80,274.00,0.80,9,274.00,0.80,3195,427.00,17.40,269.00,0.40,9,274.00,0.60,3660,424.00,18.60,272.00
"2025-04-01 19:45:00",0.90,247.00,9.00,-0.05,9,274.00,0.21,4214,516.00,18.10,274.00,0.80,9,274.00,0.60,3172,400.00,17.90,273.00,0.40,9,274.00,0.60,3764,411.00,19.00,270.00
"2025-04-01 20:00:00",1.00,255.00,9.00,-0.11,9,274.00,0.16,4502,517.00,18.70,274.00,0.80,9,274.00,0.60,3113,410.00,17.50,274.00,0.60,9,274.00,0.50,3805,384.00,19.70,272.00
"2025-04-01 20:15:00",0.90,241.00,9.00,-0.10,9,276.00,0.18,4023,500.00,17.10,257.00,0.90,9,276.00,0.60,3003,383.00,16.90,257.00,0.40,9,276.00,0.50,4072,385.00,19.30,257.00
"2025-04-01 20:30:00",1.00,241.00,9.00,-0.12,9,274.00,0.17,4560,499.00,19.10,274.00,0.90,9,274.00,0.60,3308,407.00,18.00,274.00,0.40,9,274.00,0.50,4180,429.00,19.60,273.00
"2025-04-01 20:45:00",1.00,247.00,9.00,-0.12,9,274.00,0.16,4487,539.00,18.40,273.00,0.90,9,274.00,0.60,3297,432.00,17.60,273.00,0.50,9,274.00,0.50,4215,447.00,19.50,270.00
"2025-04-01 21:00:00",0.60,262.00,9.00,-0.03,9,273.00,0.16,4693,501.00,19.30,273.00,0.40,9,273.00,0.60,2936,400.00,17.20,270.00,0.40,9,273.00,0.50,3912,423.00,19.10,272.00
"2025-04-01 21:15:00",0.70,266.00,9.00,-0.03,9,277.00,0.16,4471,485.00,18.20,257.00,0.50,9,277.00,0.90,2735,432.00,15.10,254.00,0.60,9,277.00,0.60,3596,435.00,17.10,254.00
"2025-04-01 21:30:00",0.90,265.00,9.00,-0.03,9,274.00,0.16,4937,540.00,19.20,270.00,0.60,9,274.00,1.00,3118,512.00,15.70,271.00,0.60,9,274.00,0.80,3987,535.00,17.40,271.00
"2025-04-01 21:45:00",0.90,259.00,9.00,0.03,9,274.00,0.22,4651,574.00,18.20,273.00,0.70,9,274.00,1.60,3130,513.00,15.80,270.00,0.60,9,274.00,0.80,4021,539.00,17.50,269.00
"2025-04-01 22:00:00",0.30,321.00,9.00,0.06,9,273.00,0.18,4812,557.00,18.70,272.00,-0.10,9,273.00,1.10,3081,478.00,16.20,268.00,0.30,9,273.00,0.80,3782,506.00,17.40,271.00
"2025-04-01 22:15:00",0.60,246.00,9.00,0.03,9,277.00,0.19,4327,542.00,17.30,255.00,0.50,9,277.00,1.10,2858,456.00,15.30,252.00,0.30,9,277.00,0.70,3850,475.00,17.40,254.00
"2025-04-01 22:30:00",0.50,271.00,9.00,0.05,9,273.00,0.17,4608,534.00,18.60,270.00,0.30,9,273.00,0.90,2806,452.00,15.70,268.00,0.40,9,273.00,0.70,3736,471.00,17.90,271.00
"2025-04-01 22:45:00",0.50,272.00,9.00,0.05,9,275.00,0.18,4847,568.00,18.60,274.00,0.30,9,275.00,1.00,3029,482.00,15.90,272.00,0.40,9,275.00,0.80,3603,467.00,17.50,270.00
"2025-04-01 23:00:00",0.40,263.00,9.00,0.04,9,274.00,0.19,4635,556.00,18.40,271.00,0.30,9,274.00,1.00,2892,451.00,16.00,272.00,0.30,9,274.00,0.90,3586,497.00,17.10,269.00
"2025-04-01 23:15:00",0.50,252.00,9.00,-0.01,9,276.00,0.17,4339,513.00,17.50,253.00,0.40,9,276.00,1.00,2614,424.00,14.80,253.00,0.30,9,276.00,0.80,3259,429.00,16.50,253.00
"2025-04-01 23:30:00",0.30,262.00,9.00,0.03,9,273.00,0.19,4514,555.00,18.10,271.00,0.20,9,273.00,0.80,2980,455.00,16.20,268.00,0.20,9,273.00,0.70,3560,469.00,17.50,273.00
"2025-04-01 23:45:00",0.30,279.00,9.00,0.02,9,274.00,0.17,4681,499.00,19.30,272.00,0.10,9,274.00,0.80,2888,416.00,16.60,273.00,0.20,9,274.00,0.60,3654,449.00,18.00,269.00
"2025-04-02 00:00:00",0.40,289.00,9.00,-0.04,9,274.00,0.16,4649,505.00,19.20,273.00,0.10,9,274.00,0.60,3035,400.00,17.50,274.00,0.40,9,274.00,0.60,3454,450.00,17.40,271.00
"2025-04-02 00:15:00",0.60,279.00,9.00,-0.04,9,277.00,0.17,4320,456.00,18.40,257.00,0.30,9,277.00,0.70,2731,401.00,15.80,252.00,0.50,9,277.00,0.60,3472,410.00,17.40,255.00
"2025-04-02 00:30:00",0.50,277.00,9.00,-0.02,9,274.00,0.17,4422,491.00,18.90,274.00,0.20,9,274.00,0.70,2889,389.00,17.30,273.00,0.40,9,274.00,0.60,3525,421.00,18.20,271.00
"2025-04-02 00:45:00",0.60,285.00,9.00,-0.02,9,274.00,0.16,4445,492.00,19.00,272.00,0.20,9,274.00,0.60,2982,407.00,17.10,272.00,0.50,9,274.00,0.70,3356,445.00,17.40,271.00
"2025-04-02 01:00:00",0.60,277.00,9.00,-0.05,9,275.00,0.15,4380,475.00,19.10,275.00,0.30,9,275.00,0.60,2868,408.00,16.70,272.00,0.50,9,275.00,0.60,3631,420.00,18.50,275.00
"2025-04-02 01:15:00",1.00,17.00,9.00,0.01,9,276.00,0.17,4134,711.00,14.80,248.00,-0.90,9,276.00,4.80,2981,724.00,12.20,224.00,0.30,9,276.00,2.40,3565,771.00,13.30,233.00
"2025-04-02 01:30:00",0.70,273.00,9.00,-0.03,9,274.00,0.22,4814,721.00,16.50,272.00,0.40,9,274.00,1.00,3637,680.00,14.70,268.00,0.60,9,274.00,0.90,3912,726.00,14.80,263.00
"2025-04-02 01:45:00",0.70,255.00,9.00,0.03,9,274.00,0.21,4701,762.00,16.00,269.00,0.60,9,274.00,1.80,3847,788.00,14.00,253.00,0.40,9,274.00,1.00,4182,781.00,14.90,260.00
"2025-04-02 02:00:00",0.40,263.00,9.00,0.04,9,274.00,0.22,4836,596.00,18.20,273.00,0.30,9,274.00,0.80,4130,540.00,17.90,269.00,0.30,9,274.00,0.90,4209,585.00,17.20,272.00
"2025-04-02 02:15:00",0.90,244.00,9.00,0.06,9,277.00,0.23,4710,604.00,17.10,254.00,0.80,9,277.00,1.60,3825,585.00,15.80,252.00,0.40,9,277.00,1.00,3994,572.00,16.10,253.00
"2025-04-02 02:30:00",0.70,241.00,9.00,0.07,9,274.00,0.23,4944,642.00,17.80,272.00,0.70,9,274.00,1.30,3926,614.00,16.40,269.00,0.30,9,274.00,1.10,4303,616.00,17.10,269.00
"2025-04-02 02:45:00",0.90,241.00,9.00,0.05,9,274.00,0.21,5051,715.00,17.10,271.00,0.80,9,274.00,1.30,3848,700.00,15.00,268.00,0.30,9,274.00,1.00,4396,750.00,15.70,266.00
"2025-04-02 03:00:00",1.10,255.00,9.00,-0.03,9,275.00,0.26,5113,845.00,15.70,272.00,0.90,9,275.00,1.50,4053,893.00,13.10,260.00,0.60,9,275.00,1.10,4437,922.00,13.70,263.00
"2025-04-02 03:15:00",0.60,251.00,9.00,0.05,9,277.00,0.21,4707,668.00,16.40,254.00,0.50,9,277.00,1.00,4139,658.00,15.40,252.00,0.40,9,277.00,1.10,4110,660.00,15.30,254.00
"2025-04-02 03:30:00",0.70,270.00,9.00,0.07,9,274.00,0.20,5257,658.00,18.00,272.00,0.40,9,274.00,0.90,4490,610.00,17.40,269.00,0.50,9,274.00,1.00,4386,627.00,16.90,272.00
"2025-04-02 03:45:00",0.40,151.00,9.00,0.11,9,275.00,0.13,6585,585.00,21.30,272.00,0.20,9,275.00,0.90,4876,575.00,18.70,270.00,-0.40,9,275.00,0.70,4703,576.00,18.10,271.00
"2025-04-02 04:00:00",0.30,134.00,9.00,0.13,9,274.00,0.16,6373,597.00,20.70,272.00,0.00,9,274.00,0.70,5205,527.00,19.90,274.00,-0.30,9,274.00,0.90,5199,578.00,19.20,273.00
"2025-04-02 04:15:00",1.30,264.00,9.00,-0.04,9,276.00,0.20,5271,597.00,18.10,257.00,0.90,9,276.00,1.00,4460,545.00,17.30,253.00,0.90,9,276.00,1.00,4633,570.00,17.20,256.00
"2025-04-02 04:30:00",0.30,278.00,9.00,0.04,9,274.00,0.15,5419,595.00,19.30,272.00,0.20,9,274.00,0.80,4154,504.00,18.10,269.00,0.30,9,274.00,0.70,4470,531.00,18.40,271.00
"2025-04-02 04:45:00",0.20,295.00,9.00,0.03,9,274.00,0.17,5269,588.00,19.10,274.00,0.10,9,274.00,0.60,4022,459.00,18.70,274.00,0.20,9,274.00,0.70,4071,492.00,18.30,273.00
"2025-04-02 05:00:00",0.10,296.00,9.00,0.04,9,273.00,0.14,5330,500.00,20.60,273.00,0.00,9,273.00,0.50,4097,412.00,19.80,272.00,0.10,9,273.00,0.70,4220,468.00,19.00,273.00
"2025-04-02 05:15:00",0.20,346.00,9.00,0.08,9,276.00,0.18,5049,568.00,18.00,255.00,-0.10,9,276.00,0.70,4415,440.00,18.90,253.00,0.20,9,276.00,0.70,4038,467.00,17.60,256.00
"2025-04-02 05:30:00",0.30,162.00,9.00,0.10,9,273.00,0.17,4992,647.00,17.80,273.00,0.20,9,273.00,0.30,4666,433.00,20.60,271.00,-0.20,9,273.00,0.60,4154,521.00,18.00,273.00
"2025-04-02 05:45:00",0.30,267.00,9.00,0.07,9,274.00,0.15,4809,580.00,18.40,273.00,0.20,9,274.00,0.50,3845,421.00,19.00,273.00,0.20,9,274.00,0.70,3384,496.00,16.40,272.00
"2025-04-02 06:00:00",0.30,200.00,9.00,0.08,9,273.00,0.18,4749,580.00,18.30,273.00,0.30,9,273.00,0.40,4248,436.00,19.60,272.00,-0.10,9,273.00,0.60,4065,497.00,18.20,273.00
"2025-04-02 06:15:00",0.30,300.00,9.00,0.09,9,276.00,0.17,5057,518.00,18.70,256.00,0.00,9,276.00,0.60,4275,437.00,18.80,255.00,0.30,9,276.00,0.70,3964,445.00,17.90,255.00
"2025-04-02 06:30:00",0.20,16.00,9.00,0.07,9,273.00,0.17,5013,595.00,18.50,273.00,-0.20,9,273.00,0.60,4172,445.00,19.30,273.00,0.10,9,273.00,0.70,4611,450.00,20.10,273.00
"2025-04-02 06:45:00",0.00,353.00,9.00,-0.01,9,273.00,0.16,5324,580.00,19.30,271.00,0.00,9,273.00,0.60,4034,422.00,19.40,273.00,0.00,9,273.00,0.60,4024,471.00,18.50,273.00
"2025-04-02 07:00:00",0.90,84.00,9.00,0.13,9,274.00,0.15,5757,695.00,18.40,274.00,-0.60,9,274.00,0.50,4169,474.00,18.80,273.00,-0.60,9,274.00,0.60,4079,491.00,18.30,274.00
"2025-04-02 07:15:00",0.60,74.00,9.00,0.14,9,275.00,0.15,5418,528.00,19.30,255.00,-0.50,9,275.00,0.50,3900,451.00,17.80,255.00,-0.40,9,275.00,0.80,4146,470.00,17.80,255.00
"2025-04-02 07:30:00",0.80,80.00,9.00,0.14,9,274.00,0.15,5839,682.00,18.80,274.00,-0.60,9,274.00,0.80,4179,680.00,16.00,273.00,-0.50,9,274.00,0.70,4789,647.00,17.50,274.00
"2025-04-02 07:45:00",0.70,113.00,9.00,0.16,9,275.00,0.15,5706,604.00,19.50,275.00,-0.20,9,275.00,0.70,3906,500.00,17.80,275.00,-0.60,9,275.00,0.50,4783,477.00,20.00,275.00
"2025-04-02 08:00:00",1.20,116.00,9.00,0.22,9,274.00,0.09,5768,587.00,19.90,274.00,-0.20,9,274.00,0.50,3355,463.00,17.10,273.00,-1.20,9,274.00,0.30,5113,417.00,21.80,274.00
"2025-04-02 08:15:00",1.10,104.00,9.00,0.20,9,275.00,0.15,4941,521.00,18.60,256.00,-0.40,9,275.00,0.40,3652,383.00,18.50,256.00,-1.00,9,275.00,0.50,4552,426.00,19.50,256.00
"2025-04-02 08:30:00",0.40,106.00,9.00,0.00,9,275.00,0.19,5014,575.00,18.80,275.00,-0.10,9,275.00,0.80,3823,442.00,18.60,274.00,-0.40,9,275.00,0.70,5021,461.00,20.70,273.00
"2025-04-02 08:45:00",0.30,89.00,9.00,-0.03,9,274.00,0.21,4670,642.00,17.30,272.00,-0.20,9,274.00,0.70,3449,414.00,18.30,273.00,-0.20,9,274.00,0.70,4810,490.00,19.90,271.00
"2025-04-02 09:00:00",0.20,51.00,9.00,-0.12,9,274.00,0.19,4638,557.00,18.40,273.00,-0.20,9,274.00,0.80,3836,464.00,18.40,272.00,-0.10,9,274.00,0.80,4431,512.00,18.70,274.00
"2025-04-02 09:15:00",0.30,338.00,9.00,-0.07,9,276.00,0.20,4148,644.00,15.60,256.00,-0.20,9,276.00,0.80,3369,575.00,14.90,245.00,0.30,9,276.00,0.70,4030,582.00,16.30,250.00
"2025-04-02 09:30:00",0.30,255.00,9.00,0.01,9,274.00,0.17,4587,762.00,15.60,270.00,0.20,9,274.00,0.90,3428,793.00,12.80,254.00,0.20,9,274.00,0.80,3959,814.00,13.80,263.00
"2025-04-02 09:45:00",0.90,233.00,9.00,0.01,9,274.00,0.22,4915,681.00,17.10,274.00,0.80,9,274.00,1.20,3999,626.00,16.20,273.00,0.20,9,274.00,0.90,4424,600.00,17.50,269.00
"2025-04-02 10:00:00",0.30,267.00,9.00,-0.02,2,274.00,0.19,4693,616.00,17.60,273.00,0.20,2,274.00,0.70,3508,458.00,17.70,269.00,0.30,2,274.00,0.70,4446,510.00,18.80,272.00
"2025-04-02 10:15:00",0.10,176.00,9.00,-0.05,9,276.00,0.15,4428,555.00,17.30,253.00,0.10,9,276.00,0.80,3087,432.00,16.30,254.00,-0.10,9,276.00,0.60,4074,466.00,18.00,255.00
"2025-04-02 10:30:00",0.10,133.00,9.00,-0.03,9,274.00,0.17,4636,544.00,18.60,273.00,0.00,9,274.00,0.70,3156,420.00,17.40,274.00,-0.10,9,274.00,0.60,4199,422.00,19.80,273.00
"2025-04-02 10:45:00",0.20,251.00,9.00,-0.04,9,275.00,0.19,4617,566.00,18.10,274.00,0.20,9,275.00,0.70,3269,406.00,18.00,273.00,0.10,9,275.00,0.60,4038,439.00,19.20,273.00
"2025-04-02 11:00:00",0.40,226.00,9.00,-0.03,9,274.00,0.22,4753,604.00,18.00,272.00,0.40,9,274.00,0.90,3614,456.00,17.90,272.00,0.10,9,274.00,0.80,4354,491.00,19.00,270.00
"2025-04-02 11:15:00",0.40,307.00,9.00,-0.11,9,276.00,0.26,4421,601.00,16.40,253.00,0.00,9,276.00,1.10,3752,500.00,16.70,251.00,0.40,9,276.00,0.70,3888,494.00,17.10,251.00
"2025-04-02 11:30:00",0.30,239.00,9.00,0.07,9,274.00,0.25,4798,663.00,17.20,273.00,0.20,9,274.00,1.10,3748,497.00,17.50,271.00,0.10,9,274.00,0.80,4113,507.00,18.20,271.00
"2025-04-02 11:45:00",0.20,347.00,9.00,-0.03,9,275.00,0.24,4722,628.00,17.60,270.00,-0.10,9,275.00,1.00,3974,520.00,17.80,272.00,0.10,9,275.00,0.80,4166,517.00,18.30,274.00
"2025-04-02 12:00:00",0.40,286.00,9.00,0.08,9,275.00,0.39,4834,737.00,16.50,270.00,0.10,9,275.00,1.90,4349,620.00,17.00,270.00,0.30,9,275.00,1.40,4653,668.00,17.10,270.00
"2025-04-02 12:15:00",0.80,326.00,9.00,0.04,2,278.00,0.29,4636,660.00,16.30,253.00,-0.30,2,278.00,1.40,3942,599.00,15.70,256.00,0.80,2,278.00,1.60,3997,616.00,15.70,253.00
"2025-04-02 12:30:00",0.40,328.00,9.00,-0.02,9,276.00,0.23,4851,662.00,17.40,272.00,-0.10,9,276.00,1.10,3708,547.00,16.80,269.00,0.40,9,276.00,1.00,4128,591.00,17.30,271.00
"2025-04-02 12:45:00",0.30,274.00,9.00,0.03,9,276.00,0.27,4994,675.00,17.50,271.00,0.20,9,276.00,1.10,3933,502.00,18.00,271.00,0.30,9,276.00,1.10,4102,571.00,17.40,271.00
"2025-04-02 13:00:00",0.40,314.00,9.00,-0.05,9,274.00,0.25,4528,692.00,16.40,272.00,0.00,9,274.00,1.40,3621,620.00,15.50,268.00,0.40,9,274.00,0.70,4040,614.00,16.60,268.00
"2025-04-02 13:15:00",0.70,325.00,9.00,0.04,9,276.00,0.28,4433,634.00,16.10,254.00,-0.20,9,276.00,1.30,3738,510.00,16.40,251.00,0.70,9,276.00,1.30,4030,585.00,16.10,251.00
"2025-04-02 13:30:00",0.60,250.00,9.00,0.03,9,276.00,0.24,4698,689.00,16.70,273.00,0.50,9,276.00,1.30,3663,607.00,15.70,268.00,0.30,9,276.00,1.00,4006,601.00,16.60,270.00
"2025-04-02 13:45:00",0.70,243.00,9.00,-0.02,9,276.00,0.21,4925,667.00,17.40,275.00,0.60,9,276.00,1.10,3682,591.00,15.90,267.00,0.30,9,276.00,0.70,3944,587.00,16.70,272.00
"2025-04-02 14:00:00",0.60,234.00,9.00,-0.02,9,274.00,0.26,5183,693.00,17.60,269.00,0.60,9,274.00,1.40,4351,514.00,18.60,274.00,0.20,9,274.00,0.90,4684,564.00,18.40,270.00
"2025-04-02 14:15:00",0.90,314.00,9.00,0.00,9,276.00,0.27,4677,645.00,16.60,255.00,-0.10,9,276.00,1.40,3864,577.00,15.90,255.00,0.90,9,276.00,1.30,4118,596.00,16.40,256.00
"2025-04-02 14:30:00",0.80,318.00,9.00,-0.05,2,276.00,0.22,5055,617.00,18.40,272.00,-0.10,2,276.00,1.30,3693,533.00,16.90,272.00,0.70,2,276.00,0.90,4296,569.00,17.70,272.00
"2025-04-02 14:45:00",0.80,295.00,9.00,-0.05,2,276.00,0.24,4805,658.00,17.30,271.00,0.20,2,276.00,1.30,3610,556.00,16.50,271.00,0.70,2,276.00,1.10,4015,576.00,17.10,271.00
"2025-04-02 15:00:00",1.00,289.00,9.00,-0.03,2,275.00,0.29,4698,732.00,16.30,270.00,0.30,2,275.00,1.90,3884,621.00,16.00,272.00,1.00,2,275.00,1.60,4215,678.00,16.30,270.00
"2025-04-02 15:15:00",1.00,267.00,9.00,-0.08,2,278.00,0.24,4206,698.00,15.00,253.00,0.70,2,278.00,2.20,3107,611.00,13.80,253.00,0.80,2,278.00,1.20,3642,597.00,15.10,251.00
"2025-04-02 15:30:00",0.70,276.00,9.00,-0.07,2,276.00,0.23,4522,681.00,16.60,270.00,0.30,2,276.00,1.80,3270,577.00,15.20,270.00,0.60,2,276.00,1.10,3827,575.00,16.70,271.00
"2025-04-02 15:45:00",0.60,303.00,9.00,-0.04,2,276.00,0.20,4670,643.00,17.40,271.00,0.10,2,276.00,1.50,3283,527.00,16.20,270.00,0.60,2,276.00,0.90,3802,535.00,17.20,272.00
"2025-04-02 16:00:00",1.20,247.00,9.00,0.01,2,275.00,0.23,5014,704.00,17.40,270.00,1.00,2,275.00,2.20,3679,626.00,15.70,270.00,0.60,2,275.00,1.40,4148,629.00,16.70,270.00
"2025-04-02 16:15:00",1.00,236.00,9.00,0.01,2,278.00,0.22,4526,641.00,16.30,254.00,0.90,2,278.00,1.80,3165,526.00,15.10,255.00,0.30,2,278.00,1.00,3915,536.00,16.80,253.00
"2025-04-02 16:30:00",0.50,248.00,9.00,0.01,9,276.00,0.19,5002,618.00,18.30,273.00,0.40,9,276.00,1.50,3499,509.00,16.90,271.00,0.20,9,276.00,0.90,4128,526.00,18.20,272.00
"2025-04-02 16:45:00",0.60,345.00,9.00,0.00,9,275.00,0.21,4988,637.00,18.00,270.00,-0.30,9,275.00,1.30,3592,571.00,16.10,270.00,0.40,9,275.00,1.10,3974,568.00,17.10,270.00
"2025-04-02 17:00:00",0.40,265.00,9.00,0.04,9,276.00,0.18,4947,575.00,18.80,274.00,0.20,9,276.00,1.40,3466,484.00,17.40,271.00,0.30,9,276.00,0.90,3848,500.00,17.90,274.00
"2025-04-02 17:15:00",0.20,321.00,9.00,0.06,9,278.00,0.16,4800,518.00,18.30,257.00,0.00,9,278.00,0.90,3122,398.00,16.80,257.00,0.20,9,278.00,0.80,3423,409.00,17.40,255.00
"2025-04-02 17:30:00",0.10,217.00,9.00,0.03,9,274.00,0.16,4615,530.00,18.80,272.00,0.10,9,274.00,0.70,2877,387.00,17.30,272.00,0.00,9,274.00,0.60,3385,401.00,18.50,274.00
"2025-04-02 17:45:00",0.30,263.00,9.00,-0.01,9,274.00,0.17,4644,565.00,18.30,274.00,0.20,9,274.00,0.70,2965,383.00,17.60,274.00,0.20,9,274.00,0.60,3645,376.00,19.70,273.00
"2025-04-02 18:00:00",0.30,215.00,9.00,0.03,9,274.00,0.18,4192,535.00,17.80,274.00,0.30,9,274.00,0.70,2798,376.00,17.30,273.00,0.00,9,274.00,0.60,3610,392.00,19.20,274.00
"2025-04-02 18:15:00",0.50,237.00,9.00,0.00,9,276.00,0.16,4198,478.00,17.80,256.00,0.50,9,276.00,0.60,2597,335.00,16.80,256.00,0.20,9,276.00,0.50,3524,357.00,18.70,255.00
"2025-04-02 18:30:00",0.50,251.00,9.00,-0.04,9,274.00,0.15,4795,514.00,19.30,274.00,0.40,9,274.00,0.70,2786,364.00,17.50,274.00,0.30,9,274.00,0.60,3617,410.00,18.80,274.00
"2025-04-02 18:45:00",0.60,265.00,9.00,-0.08,9,274.00,0.16,5098,576.00,19.00,274.00,0.40,9,274.00,0.80,2979,507.00,15.50,267.00,0.50,9,274.00,0.70,3772,559.00,16.70,268.00
"2025-04-02 19:00:00",1.10,262.00,9.00,-0.06,9,274.00,0.20,4933,613.00,18.10,274.00,0.80,9,274.00,1.00,3788,486.00,17.70,270.00,0.70,9,274.00,1.00,4254,520.00,18.20,274.00
"2025-04-02 19:15:00",0.80,257.00,9.00,-0.02,9,276.00,0.19,4500,547.00,17.40,257.00,0.70,9,276.00,0.80,2841,402.00,16.00,255.00,0.50,9,276.00,0.70,3608,444.00,17.20,254.00
"2025-04-02 19:30:00",0.80,246.00,9.00,-0.07,9,274.00,0.20,4514,577.00,17.80,273.00,0.70,9,274.00,0.70,2837,419.00,16.40,272.00,0.40,9,274.00,0.60,3883,451.00,18.50,272.00
"2025-04-02 19:45:00",0.90,241.00,9.00,0.02,9,274.00,0.16,5494,578.00,19.60,271.00,0.80,9,274.00,1.20,3603,485.00,17.20,274.00,0.30,9,274.00,0.80,4813,522.00,19.40,272.00
"2025-04-02 20:00:00",1.40,247.00,9.00,-0.02,9,274.00,0.21,5334,660.00,18.30,270.00,1.30,9,274.00,1.50,3857,590.00,16.30,273.00,0.70,9,274.00,1.00,4556,585.00,17.90,273.00
"2025-04-02 20:15:00",1.00,229.00,9.00,-0.03,9,276.00,0.18,4832,567.00,17.70,255.00,1.00,9,276.00,1.20,2863,467.00,14.90,254.00,0.20,9,276.00,0.80,3413,460.00,16.50,254.00
"2025-04-02 20:30:00",1.30,236.00,9.00,-0.05,9,274.00,0.16,5519,625.00,19.00,273.00,1.20,9,274.00,1.20,3307,642.00,14.30,269.00,0.40,9,274.00,0.80,3866,638.00,15.80,270.00
"2025-04-02 20:45:00",1.30,235.00,9.00,0.06,9,273.00,0.17,6053,556.00,21.00,272.00,1.30,9,273.00,1.40,3950,616.00,16.20,271.00,0.40,9,273.00,1.20,4590,615.00,17.60,272.00
"2025-04-02 21:00:00",1.20,243.00,9.00,0.00,9,275.00,0.20,5187,616.00,18.60,273.00,1.10,9,275.00,1.20,3588,543.00,16.40,273.00,0.50,9,275.00,0.90,4457,552.00,18.20,273.00
"2025-04-02 21:15:00",1.20,252.00,9.00,-0.05,9,276.00,0.21,4619,593.00,17.00,256.00,1.00,9,276.00,1.10,3105,471.00,15.50,255.00,0.70,9,276.00,0.80,3840,476.00,17.20,255.00
"2025-04-02 21:30:00",1.20,243.00,9.00,-0.07,9,274.00,0.19,5118,643.00,18.10,271.00,1.00,9,274.00,1.00,3375,495.00,16.50,271.00,0.50,9,274.00,0.90,4416,534.00,18.40,271.00
"2025-04-02 21:45:00",0.80,254.00,9.00,-0.07,9,274.00,0.20,5170,638.00,18.20,271.00,0.70,9,274.00,0.90,3652,485.00,17.40,274.00,0.50,9,274.00,0.70,4275,487.00,18.80,274.00
"2025-04-02 22:00:00",0.80,250.00,9.00,-0.04,9,274.00,0.18,5155,592.00,18.80,272.00,0.70,9,274.00,0.80,3547,461.00,17.50,274.00,0.40,9,274.00,0.70,4566,482.00,19.50,273.00
"2025-04-02 22:15:00",0.80,271.00,9.00,-0.05,9,276.00,0.16,4864,603.00,17.30,257.00,0.50,9,276.00,0.80,2982,427.00,15.90,256.00,0.60,9,276.00,0.60,4036,432.00,18.30,256.00
"2025-04-02 22:30:00",0.30,264.00,9.00,0.04,9,273.00,0.15,5241,581.00,19.20,271.00,0.20,9,273.00,0.60,3329,424.00,17.70,273.00,0.20,9,273.00,0.50,4113,439.00,19.30,272.00
"2025-04-02 22:45:00",0.30,272.00,9.00,0.05,9,274.00,0.15,5502,624.00,19.10,273.00,0.20,9,274.00,1.00,3494,634.00,15.00,267.00,0.30,9,274.00,0.80,3943,640.00,15.90,273.00
"2025-04-02 23:00:00",0.80,238.00,9.00,0.09,9,274.00,0.16,5945,683.00,19.00,274.00,0.70,9,274.00,1.10,3690,830.00,12.80,272.00,0.30,9,274.00,0.80,4323,835.00,14.20,266.00
"2025-04-02 23:15:00",0.80,220.00,9.00,0.13,9,276.00,0.16,5800,589.00,19.10,256.00,0.80,9,276.00,1.00,4091,561.00,16.50,256.00,0.00,9,276.00,0.90,4412,555.00,17.30,253.00
"2025-04-02 23:30:00",0.50,227.00,9.00,0.07,9,274.00,0.14,6426,585.00,21.00,274.00,0.50,9,274.00,0.80,4446,506.00,18.80,274.00,0.10,9,274.00,0.90,4510,546.00,18.30,273.00
"2025-04-02 23:45:00",0.20,314.00,9.00,0.06,9,274.00,0.15,5831,546.00,20.70,274.00,0.00,9,274.00,0.70,3481,406.00,18.40,274.00,0.20,9,274.00,0.60,4568,420.00,20.70,273.00
"2025-04-03 00:00:00",0.70,158.00,9.00,0.22,9,274.00,0.08,6559,560.00,21.50,269.00,0.40,9,274.00,0.70,3998,450.00,18.90,274.00,-0.60,9,274.00,0.60,4058,416.00,19.70,274.00
"2025-04-03 00:15:00",1.00,166.00,9.00,0.19,9,276.00,0.09,6078,589.00,19.20,255.00,0.60,9,276.00,0.60,3453,424.00,17.10,256.00,-0.80,9,276.00,0.50,4133,353.00,20.20,256.00
"2025-04-03 00:30:00",0.90,171.00,9.00,0.21,9,275.00,0.08,6494,633.00,20.30,274.00,0.60,9,275.00,0.40,3909,477.00,18.10,271.00,-0.70,9,275.00,0.40,4350,412.00,20.50,275.00
"2025-04-03 00:45:00",1.20,163.00,9.00,0.25,9,274.00,0.06,6622,634.00,20.50,272.00,0.70,9,274.00,0.30,3757,454.00,18.30,273.00,-1.00,9,274.00,0.30,4350,365.00,21.50,274.00
"2025-04-03 01:00:00",1.00,170.00,9.00,0.23,9,274.00,0.07,6508,641.00,20.20,273.00,0.70,9,274.00,0.50,3749,455.00,18.20,274.00,-0.80,9,274.00,0.30,4446,359.00,21.80,274.00
"2025-04-03 01:15:00",1.30,162.00,9.00,0.24,9,277.00,0.08,5897,616.00,18.60,257.00,0.70,9,277.00,0.40,3490,438.00,17.00,252.00,-1.10,9,277.00,0.30,4364,346.00,20.80,253.00
"2025-04-03 01:30:00",0.90,128.00,9.00,0.26,9,274.00,0.09,6418,631.00,20.20,271.00,0.00,9,274.00,0.80,4031,523.00,17.70,272.00,-0.90,9,274.00,0.50,4486,446.00,20.10,274.00
"2025-04-03 01:45:00",0.40,133.00,9.00,0.19,9,274.00,0.09,6297,522.00,21.80,272.00,0.00,9,274.00,0.70,4125,472.00,18.80,274.00,-0.40,9,274.00,0.50,4318,433.00,20.00,274.00
"2025-04-03 02:00:00",0.60,180.00,9.00,0.10,9,275.00,0.12,6405,577.00,21.00,275.00,0.50,9,275.00,0.70,4352,499.00,18.80,275.00,-0.40,9,275.00,0.40,4622,414.00,21.00,275.00
"2025-04-03 02:15:00",0.70,187.00,9.00,0.12,9,276.00,0.12,5974,560.00,19.70,257.00,0.60,9,276.00,0.50,3967,455.00,17.90,256.00,-0.40,9,276.00,0.40,3852,378.00,19.10,257.00
"2025-04-03 02:30:00",0.90,163.00,9.00,0.20,9,274.00,0.09,5960,626.00,19.60,274.00,0.50,9,274.00,0.50,4138,482.00,18.60,274.00,-0.80,9,274.00,0.40,3998,376.00,20.40,274.00
"2025-04-03 02:45:00",0.70,126.00,9.00,0.23,9,274.00,0.09,5524,558.00,20.00,273.00,0.00,9,274.00,0.50,3289,446.00,17.30,274.00,-0.70,9,274.00,0.40,3831,395.00,19.70,273.00
"2025-04-03 03:00:00",0.90,159.00,9.00,0.22,9,275.00,0.11,5782,558.00,20.30,274.00,0.40,9,275.00,0.60,2843,484.00,15.30,275.00,-0.70,9,275.00,0.30,3712,375.00,19.80,272.00
"2025-04-03 03:15:00",0.50,187.00,9.00,0.13,9,276.00,0.18,5712,564.00,19.20,257.00,0.40,9,276.00,0.60,3121,449.00,15.90,257.00,-0.30,9,276.00,0.50,4022,395.00,19.00,257.00
"2025-04-03 03:30:00",0.40,194.00,9.00,0.08,9,274.00,0.14,6040,583.00,20.30,274.00,0.40,9,274.00,0.80,3404,501.00,16.50,274.00,-0.20,9,274.00,0.50,4048,393.00,20.20,274.00
"2025-04-03 03:45:00",0.40,224.00,9.00,0.05,9,275.00,0.12,6447,509.00,22.20,275.00,0.40,9,275.00,0.40,3491,426.00,18.20,275.00,0.00,9,275.00,0.40,4288,444.00,19.60,275.00
"2025-04-03 04:00:00",0.80,267.00,9.00,0.00,9,274.00,0.13,5934,606.00,19.80,274.00,0.50,9,274.00,0.50,3530,455.00,17.70,274.00,0.60,9,274.00,0.40,3715,432.00,18.70,274.00
"2025-04-03 04:15:00",0.20,246.00,9.00,0.08,9,277.00,0.19,5429,672.00,17.20,257.00,0.20,9,277.00,0.80,2834,474.00,14.60,257.00,0.10,9,277.00,0.40,4285,405.00,19.30,256.00
"2025-04-03 04:30:00",0.90,86.00,9.00,0.25,9,274.00,0.18,5719,609.00,19.50,274.00,-0.60,9,274.00,0.70,3090,492.00,15.70,274.00,-0.70,9,274.00,0.40,3824,423.00,19.00,274.00
"2025-04-03 04:45:00",1.00,82.00,9.00,0.30,9,274.00,0.12,5630,609.00,19.30,274.00,-0.70,9,274.00,0.70,2882,478.00,15.50,274.00,-0.70,9,274.00,0.30,4295,377.00,21.10,274.00
"2025-04-03 05:00:00",0.70,23.00,9.00,0.11,9,273.00,0.16,5022,713.00,17.00,273.00,-0.60,9,273.00,0.60,2698,457.00,15.30,271.00,0.20,9,273.00,0.40,3919,384.00,20.20,272.00
"2025-04-03 05:15:00",0.60,309.00,9.00,-0.03,9,275.00,0.14,4905,621.00,17.10,256.00,0.00,9,275.00,0.60,2594,416.00,15.10,256.00,0.60,9,275.00,0.50,3964,403.00,18.80,255.00
"2025-04-03 05:30:00",1.50,285.00,9.00,-0.15,9,274.00,0.08,6091,521.00,21.50,274.00,0.60,9,274.00,0.50,3247,440.00,17.30,272.00,1.40,9,274.00,0.60,3866,454.00,18.60,274.00
"2025-04-03 05:45:00",1.20,293.00,9.00,-0.10,9,273.00,0.05,6229,482.00,22.30,272.00,0.30,9,273.00,0.50,3188,426.00,17.30,271.00,1.10,9,273.00,0.50,4096,451.00,19.10,273.00
"2025-04-03 06:00:00",0.50,235.00,9.00,-0.04,9,273.00,0.05,6365,507.00,22.10,268.00,0.50,9,273.00,0.50,3758,457.00,18.20,273.00,0.20,9,273.00,0.50,4679,496.00,19.40,270.00
"2025-04-03 06:15:00",0.50,273.00,9.00,-0.05,9,276.00,0.06,5945,481.00,20.70,256.00,0.30,9,276.00,0.40,2780,355.00,16.90,256.00,0.40,9,276.00,0.50,3775,462.00,17.20,256.00
"2025-04-03 06:30:00",0.30,270.00,9.00,-0.02,9,273.00,0.06,6356,505.00,22.00,271.00,0.20,9,273.00,0.50,2871,369.00,17.80,272.00,0.30,9,273.00,0.30,4485,488.00,19.20,273.00
"2025-04-03 06:45:00",0.20,5.00,9.00,0.05,9,273.00,0.12,5551,591.00,19.40,273.00,-0.20,9,273.00,0.60,3306,391.00,18.30,272.00,0.10,9,273.00,0.50,4652,463.00,20.00,273.00
"2025-04-03 07:00:00",0.30,8.00,9.00,0.08,9,274.00,0.10,6517,512.00,22.20,274.00,-0.20,9,274.00,0.60,3156,366.00,18.60,274.00,0.10,9,274.00,0.40,4267,456.00,19.40,274.00
"2025-04-03 07:15:00",0.40,309.00,9.00,0.01,9,275.00,0.11,5337,541.00,18.90,256.00,0.00,9,275.00,0.50,2921,352.00,17.40,256.00,0.40,9,275.00,0.20,4190,433.00,18.60,256.00
"2025-04-03 07:30:00",0.40,325.00,9.00,0.04,9,274.00,0.11,5561,585.00,19.60,274.00,-0.10,9,274.00,0.60,3012,368.00,18.10,274.00,0.40,9,274.00,0.30,4564,449.00,20.00,271.00
"2025-04-03 07:45:00",0.10,295.00,9.00,0.06,9,274.00,0.13,5383,640.00,18.50,273.00,0.00,9,274.00,0.60,3220,405.00,17.80,273.00,0.10,9,274.00,0.40,4437,458.00,19.60,274.00
"2025-04-03 08:00:00",0.20,280.00,9.00,0.02,9,274.00,0.14,5428,587.00,19.40,274.00,0.10,9,274.00,0.60,3075,400.00,17.50,274.00,0.20,9,274.00,0.50,4450,450.00,19.80,273.00
"2025-04-03 08:15:00",0.10,200.00,9.00,0.08,9,276.00,0.12,5126,552.00,18.30,256.00,0.10,9,276.00,0.60,3273,395.00,17.00,255.00,0.00,9,276.00,0.50,4232,429.00,18.80,256.00
"2025-04-03 08:30:00",0.20,249.00,9.00,0.03,9,275.00,0.13,5153,547.00,19.50,274.00,0.20,9,275.00,0.80,3275,430.00,17.40,271.00,0.10,9,275.00,0.50,4720,412.00,21.10,275.00
"2025-04-03 08:45:00",0.30,307.00,9.00,0.03,9,274.00,0.17,4938,572.00,18.70,274.00,0.00,9,274.00,0.70,3457,398.00,18.40,274.00,0.30,9,274.00,0.50,4629,464.00,19.90,274.00
"2025-04-03 09:00:00",0.10,342.00,9.00,0.01,9,273.00,0.17,4773,567.00,18.50,273.00,-0.10,9,273.00,0.60,3458,408.00,18.30,270.00,0.10,9,273.00,0.50,4542,452.00,19.90,271.00
"2025-04-03 09:15:00",0.20,190.00,9.00,0.06,9,276.00,0.18,4637,578.00,17.20,256.00,0.20,9,276.00,0.80,3507,410.00,17.40,254.00,-0.10,9,276.00,0.60,3943,463.00,17.50,256.00
"2025-04-03 09:30:00",0.30,310.00,9.00,-0.06,9,274.00,0.17,4740,602.00,17.90,274.00,0.00,9,274.00,0.80,3611,438.00,18.20,273.00,0.30,9,274.00,0.60,4276,506.00,18.40,274.00
"2025-04-03 09:45:00",0.10,324.00,9.00,-0.11,9,274.00,0.20,5111,617.00,18.40,270.00,0.00,9,274.00,0.80,3991,454.00,18.80,273.00,0.10,9,274.00,0.80,4363,548.00,18.00,274.00
"2025-04-03 10:00:00",0.10,61.00,9.00,0.01,2,274.00,0.27,5199,655.00,18.00,270.00,-0.10,2,274.00,1.00,4423,511.00,18.70,272.00,-0.10,2,274.00,1.00,4979,563.00,19.00,272.00
"2025-04-03 10:15:00",0.20,22.00,9.00,-0.01,9,276.00,0.24,4687,577.00,17.30,253.00,-0.20,9,276.00,1.10,3571,430.00,17.30,256.00,0.00,9,276.00,0.90,4101,488.00,17.50,256.00
"2025-04-03 10:30:00",0.90,61.00,9.00,-0.04,2,275.00,0.23,4848,597.00,18.20,271.00,-0.80,2,275.00,1.10,3921,494.00,17.90,273.00,-0.30,2,275.00,1.00,4455,566.00,18.00,274.00
"2025-04-03 10:45:00",0.20,65.00,9.00,-0.01,2,275.00,0.27,4720,564.00,18.40,273.00,-0.20,2,275.00,1.00,3682,437.00,18.60,273.00,-0.10,2,275.00,0.90,4109,528.00,17.90,274.00
"2025-04-03 11:00:00",0.70,77.00,9.00,0.11,2,276.00,0.36,4886,652.00,17.60,276.00,-0.50,2,276.00,1.60,4151,519.00,18.10,275.00,-0.40,2,276.00,1.30,4527,592.00,17.80,275.00
"2025-04-03 11:15:00",0.60,63.00,9.00,0.03,2,278.00,0.27,4342,536.00,17.30,256.00,-0.60,2,278.00,1.40,3521,453.00,17.00,258.00,-0.30,2,278.00,1.10,3878,489.00,17.10,257.00
"2025-04-03 11:30:00",0.20,3.00,9.00,-0.01,9,276.00,0.26,4517,573.00,18.00,272.00,-0.10,9,276.00,1.10,3724,420.00,18.90,274.00,0.10,9,276.00,0.90,4101,496.00,18.30,274.00
"2025-04-03 11:45:00",0.40,65.00,9.00,-0.05,2,276.00,0.23,4726,571.00,18.40,273.00,-0.40,2,276.00,1.20,3711,427.00,18.80,275.00,-0.20,2,276.00,0.90,4053,536.00,17.70,272.00
"2025-04-03 12:00:00",0.70,92.00,9.00,0.02,2,276.00,0.31,4792,581.00,18.40,273.00,-0.40,2,276.00,1.20,3928,464.00,18.50,276.00,-0.60,2,276.00,1.40,4255,569.00,17.50,276.00
"2025-04-03 12:15:00",0.80,50.00,9.00,0.09,2,278.00,0.33,4216,597.00,16.20,256.00,-0.80,2,278.00,1.30,3459,474.00,16.40,256.00,-0.20,2,278.00,1.30,3848,514.00,16.70,258.00
"2025-04-03 12:30:00",0.40,44.00,9.00,0.03,9,277.00,0.27,4717,591.00,18.20,274.00,-0.40,9,277.00,1.20,3558,448.00,18.00,272.00,0.00,9,277.00,1.00,3981,493.00,18.20,276.00
"2025-04-03 12:45:00",0.50,56.00,9.00,-0.02,2,276.00,0.20,4923,538.00,19.40,271.00,-0.50,2,276.00,1.10,3366,429.00,17.70,271.00,-0.20,2,276.00,0.90,3706,480.00,17.80,275.00
"2025-04-03 13:00:00",0.90,78.00,9.00,0.00,2,276.00,0.29,4703,618.00,17.70,271.00,-0.70,2,276.00,1.60,3883,534.00,17.40,275.00,-0.60,2,276.00,1.40,4214,603.00,17.10,273.00
"2025-04-03 13:15:00",1.10,67.00,9.00,0.04,2,279.00,0.38,4551,637.00,16.40,257.00,-1.00,2,279.00,1.60,3973,541.00,16.50,259.00,-0.50,2,279.00,1.50,4164,595.00,16.10,259.00
"2025-04-03 13:30:00",1.20,79.00,9.00,0.09,2,277.00,0.44,4833,692.00,17.10,274.00,-0.90,2,277.00,1.90,4206,615.00,16.60,276.00,-0.80,2,277.00,1.50,4242,625.00,16.80,276.00
"2025-04-03 13:45:00",1.10,45.00,9.00,-0.06,2,276.00,0.26,4750,631.00,17.60,274.00,-1.10,2,276.00,1.50,3838,545.00,17.00,276.00,-0.10,2,276.00,1.20,4207,585.00,17.30,272.00
"2025-04-03 14:00:00",1.00,66.00,9.00,0.13,2,277.00,0.39,4637,650.00,17.20,275.00,-0.90,2,277.00,1.70,3992,516.00,17.70,277.00,-0.50,2,277.00,1.30,4301,562.00,17.70,275.00
"2025-04-03 14:15:00",0.80,61.00,9.00,-0.08,2,278.00,0.25,4408,548.00,17.20,256.00,-0.70,2,278.00,1.60,3622,495.00,16.40,258.00,-0.30,2,278.00,1.20,3652,489.00,16.70,256.00
"2025-04-03 14:30:00",0.40,48.00,9.00,-0.04,2,277.00,0.20,4245,526.00,18.10,272.00,-0.40,2,277.00,1.00,3342,399.00,18.40,273.00,-0.10,2,277.00,0.90,3713,458.00,18.30,277.00
"2025-04-03 14:45:00",0.20,317.00,9.00,-0.02,2,277.00,0.24,4364,571.00,17.60,274.00,0.00,2,277.00,1.00,3135,368.00,18.40,277.00,0.20,2,277.00,0.70,3775,412.00,19.20,277.00
"2025-04-03 15:00:00",0.70,329.00,9.00,0.06,2,276.00,0.35,5044,666.00,17.70,276.00,-0.30,2,276.00,1.50,4203,566.00,17.50,273.00,0.70,2,276.00,1.30,4353,563.00,17.90,275.00
"2025-04-03 15:15:00",1.00,1.00,9.00,-0.03,2,279.00,0.32,4437,582.00,16.70,259.00,-0.80,2,279.00,1.90,3628,511.00,16.20,259.00,0.60,2,279.00,1.10,3847,467.00,17.40,258.00
"2025-04-03 15:30:00",1.10,329.00,9.00,-0.11,2,276.00,0.23,4860,599.00,18.20,274.00,-0.40,2,276.00,1.30,3727,489.00,17.60,276.00,1.00,2,276.00,1.10,3785,487.00,17.90,274.00
"2025-04-03 15:45:00",1.00,341.00,9.00,-0.05,2,277.00,0.25,4923,590.00,18.50,272.00,-0.60,2,277.00,1.30,3726,479.00,17.90,276.00,0.90,2,277.00,1.00,4232,473.00,19.20,273.00
"2025-04-03 16:00:00",0.90,308.00,9.00,-0.11,9,276.00,0.18,5080,568.00,19.10,274.00,0.00,9,276.00,1.10,3354,441.00,17.50,273.00,0.90,9,276.00,0.80,3621,429.00,18.60,271.00
"2025-04-03 16:15:00",1.00,280.00,9.00,-0.04,2,279.00,0.30,4419,669.00,15.60,256.00,0.50,2,279.00,1.40,3720,524.00,16.30,254.00,0.90,2,279.00,1.40,3913,588.00,16.00,254.00
"2025-04-03 16:30:00",1.40,265.00,9.00,0.00,2,276.00,0.26,5110,715.00,17.20,272.00,1.00,2,276.00,1.60,3829,584.00,16.40,271.00,1.00,2,276.00,1.40,4249,617.00,17.00,271.00
"2025-04-03 16:45:00",1.20,257.00,9.00,-0.06,2,277.00,0.22,4859,640.00,17.70,273.00,1.00,2,277.00,1.30,3667,511.00,17.20,272.00,0.80,2,277.00,0.80,3955,507.00,17.90,272.00
"2025-04-03 17:00:00",1.00,257.00,9.00,-0.05,2,276.00,0.21,4732,609.00,17.80,274.00,0.80,2,276.00,1.40,3305,504.00,16.50,271.00,0.70,2,276.00,0.80,3934,522.00,17.70,272.00
"2025-04-03 17:15:00",1.10,242.00,9.00,-0.06,2,279.00,0.16,4792,539.00,18.00,259.00,1.00,2,279.00,1.10,3062,442.00,15.90,257.00,0.40,2,279.00,0.80,3526,458.00,16.90,256.00
"2025-04-03 17:30:00",0.50,245.00,9.00,-0.03,9,276.00,0.17,4879,566.00,18.70,276.00,0.40,9,276.00,0.70,2871,409.00,16.90,275.00,0.20,9,276.00,0.60,3801,424.00,19.00,274.00
"2025-04-03 17:45:00",0.30,290.00,9.00,0.01,9,276.00,0.17,4896,552.00,18.90,276.00,0.10,9,276.00,0.70,3090,392.00,17.90,276.00,0.20,9,276.00,0.60,3694,438.00,18.40,276.00
"2025-04-03 18:00:00",0.30,288.00,9.00,-0.02,9,276.00,0.17,4841,561.00,18.70,275.00,0.10,9,276.00,0.70,3239,377.00,18.50,275.00,0.30,9,276.00,0.60,3966,420.00,19.40,275.00
"2025-04-03 18:15:00",0.10,218.00,9.00,0.01,9,277.00,0.17,4178,485.00,17.60,257.00,0.10,9,277.00,0.60,2782,344.00,17.10,258.00,0.00,9,277.00,0.60,3551,413.00,17.60,258.00
"2025-04-03 18:30:00",0.40,251.00,9.00,-0.04,9,276.00,0.20,4478,541.00,18.20,276.00,0.40,9,276.00,0.60,2944,369.00,17.90,276.00,0.20,9,276.00,0.60,4333,439.00,19.70,274.00
"2025-04-03 18:45:00",0.20,235.00,9.00,0.00,9,276.00,0.17,4522,535.00,18.40,276.00,0.20,9,276.00,0.60,2983,369.00,18.00,276.00,0.10,9,276.00,0.40,4795,416.00,21.30,275.00
"2025-04-03 19:00:00",0.30,253.00,9.00,0.06,9,276.00,0.20,4394,575.00,17.60,276.00,0.20,9,276.00,0.70,2980,402.00,17.30,276.00,0.20,9,276.00,0.50,4706,456.00,20.30,275.00
"2025-04-03 19:15:00",0.40,281.00,9.00,0.06,9,277.00,0.17,4580,517.00,18.00,258.00,0.20,9,277.00,0.80,2978,403.00,16.40,254.00,0.30,9,277.00,0.60,4092,439.00,18.30,257.00
"2025-04-03 19:30:00",0.20,317.00,9.00,0.10,9,274.00,0.17,4669,539.00,18.70,273.00,0.00,9,274.00,0.80,3195,404.00,17.90,273.00,0.20,9,274.00,0.60,4271,458.00,19.30,273.00
"2025-04-03 19:45:00",0.10,316.00,9.00,0.09,9,274.00,0.18,4229,545.00,17.70,274.00,0.00,9,274.00,0.50,3200,394.00,18.00,272.00,0.10,9,274.00,0.50,4460,421.00,20.50,272.00
"2025-04-03 20:00:00",0.30,351.00,9.00,0.09,9,274.00,0.22,4527,594.00,17.70,270.00,-0.20,9,274.00,0.80,3176,440.00,17.10,271.00,0.20,9,274.00,0.60,4185,468.00,18.90,271.00
"2025-04-03 20:15:00",0.40,286.00,9.00,0.06,9,276.00,0.20,3982,545.00,16.30,254.00,0.20,9,276.00,0.80,2769,399.00,15.90,253.00,0.40,9,276.00,0.60,3942,435.00,18.00,254.00
"2025-04-03 20:30:00",0.50,254.00,9.00,0.06,9,274.00,0.22,4189,593.00,16.90,273.00,0.40,9,274.00,1.00,3162,448.00,16.90,274.00,0.30,9,274.00,0.80,3890,464.00,18.40,272.00
"2025-04-03 20:45:00",0.60,254.00,9.00,0.03,9,274.00,0.24,4472,629.00,17.00,274.00,0.50,9,274.00,0.90,3058,476.00,16.10,270.00,0.40,9,274.00,0.80,3799,497.00,17.60,270.00
"2025-04-03 21:00:00",0.70,249.00,9.00,0.04,9,274.00,0.22,4234,612.00,16.80,270.00,0.60,9,274.00,1.00,2983,459.00,16.10,271.00,0.40,9,274.00,0.70,3924,469.00,18.40,272.00
"2025-04-03 21:15:00",0.90,250.00,9.00,0.01,9,276.00,0.22,3842,579.00,15.60,251.00,0.70,9,276.00,1.00,2899,428.00,15.70,254.00,0.50,9,276.00,0.90,3477,454.00,16.60,256.00
"2025-04-03 21:30:00",0.80,260.00,9.00,0.01,9,274.00,0.21,4411,577.00,17.60,271.00,0.60,9,274.00,0.70,2992,435.00,16.70,270.00,0.50,9,274.00,0.80,3691,472.00,17.80,274.00
"2025-04-03 21:45:00",0.60,262.00,9.00,0.02,9,274.00,0.22,4287,612.00,16.80,272.00,0.50,9,274.00,0.90,3045,450.00,16.60,269.00,0.40,9,274.00,0.80,3773,477.00,17.90,273.00
"2025-04-03 22:00:00",0.80,262.00,9.00,0.01,9,274.00,0.22,4358,591.00,17.30,273.00,0.50,9,274.00,1.00,3089,445.00,16.90,270.00,0.50,9,274.00,0.70,3912,475.00,18.30,270.00
"2025-04-03 22:15:00",0.80,256.00,9.00,-0.05,9,276.00,0.21,4305,557.00,16.80,254.00,0.60,9,276.00,0.80,2823,407.00,15.90,256.00,0.50,9,276.00,0.70,3691,428.00,17.70,255.00
"2025-04-03 22:30:00",0.60,276.00,9.00,0.01,9,273.00,0.20,4478,564.00,17.90,273.00,0.30,9,273.00,0.80,2867,414.00,16.70,272.00,0.50,9,273.00,0.80,3708,461.00,18.00,271.00
"2025-04-03 22:45:00",0.80,269.00,9.00,-0.03,9,274.00,0.19,4699,577.00,18.20,272.00,0.50,9,274.00,0.90,3083,439.00,16.90,271.00,0.60,9,274.00,0.80,3724,463.00,18.00,273.00
"2025-04-03 23:00:00",1.00,254.00,9.00,-0.02,9,274.00,0.22,4536,625.00,17.20,269.00,0.80,9,274.00,1.20,3365,496.00,16.50,271.00,0.60,9,274.00,0.80,4100,514.00,18.10,269.00
"2025-04-03 23:15:00",1.10,269.00,9.00,-0.03,9,276.00,0.26,4399,614.00,16.20,252.00,0.70,9,276.00,1.50,3467,498.00,15.90,255.00,0.80,9,276.00,1.00,3742,511.00,16.40,253.00
"2025-04-03 23:30:00",0.70,259.00,9.00,0.02,9,274.00,0.20,4875,604.00,18.20,273.00,0.60,9,274.00,1.00,3370,444.00,17.40,274.00,0.50,9,274.00,0.70,4236,485.00,18.70,273.00
"2025-04-03 23:45:00",0.20,108.00,9.00,0.03,9,274.00,0.18,5211,601.00,18.80,271.00,-0.10,9,274.00,0.80,3945,418.00,19.30,271.00,-0.20,9,274.00,0.90,3449,491.00,16.70,274.00
"2025-04-04 00:00:00",0.50,316.00,9.00,-0.05,9,274.00,0.16,5122,570.00,19.10,274.00,-0.10,9,274.00,0.30,3354,410.00,18.10,273.00,0.50,9,274.00,0.50,3637,417.00,18.70,274.00
"2025-04-04 00:15:00",0.20,285.00,9.00,0.01,9,276.00,0.15,5601,483.00,20.30,257.00,0.10,9,276.00,0.40,3035,355.00,17.60,257.00,0.20,9,276.00,0.60,3250,433.00,16.50,257.00
"2025-04-04 00:30:00",0.10,238.00,9.00,0.00,9,274.00,0.11,5534,508.00,20.90,273.00,0.10,9,274.00,0.30,3783,412.00,19.00,271.00,0.10,9,274.00,0.60,2946,436.00,16.10,274.00
"2025-04-04 00:45:00",0.70,180.00,9.00,-0.03,9,275.00,0.11,5775,473.00,21.90,274.00,0.60,9,275.00,0.50,4129,474.00,18.60,274.00,-0.40,9,275.00,1.00,3113,444.00,16.60,275.00
"2025-04-04 01:00:00",0.20,153.00,9.00,0.04,9,273.00,0.13,5093,544.00,19.50,273.00,0.10,9,273.00,0.60,3188,422.00,17.20,273.00,-0.20,9,273.00,0.70,3372,441.00,17.60,273.00
"2025-04-04 01:15:00",0.00,329.00,9.00,0.11,9,276.00,0.12,4286,572.00,16.70,252.00,0.00,9,276.00,0.80,2176,396.00,14.00,256.00,0.00,9,276.00,0.70,2907,370.00,16.80,256.00
"2025-04-04 01:30:00",0.60,170.00,9.00,0.03,9,274.00,0.15,5363,526.00,20.20,274.00,0.40,9,274.00,0.40,4429,460.00,19.50,271.00,-0.40,9,274.00,0.70,3566,453.00,17.70,274.00
"2025-04-04 01:45:00",0.30,249.00,9.00,0.05,9,273.00,0.13,5280,531.00,20.00,271.00,0.20,9,273.00,0.40,3808,424.00,19.00,272.00,0.10,9,273.00,0.70,3138,447.00,16.80,271.00
"2025-04-04 02:00:00",0.30,273.00,9.00,-0.04,9,274.00,0.18,5711,538.00,20.60,274.00,0.20,9,274.00,0.70,3662,449.00,18.00,273.00,0.30,9,274.00,0.70,3700,437.00,18.40,272.00
"2025-04-04 02:15:00",0.50,156.00,9.00,-0.02,9,275.00,0.16,5081,524.00,18.80,256.00,0.20,9,275.00,0.80,3472,455.00,16.60,256.00,-0.50,9,275.00,1.00,3850,523.00,16.40,255.00
"2025-04-04 02:30:00",0.40,178.00,9.00,-0.03,9,274.00,0.18,5351,588.00,19.20,274.00,0.30,9,274.00,0.70,3802,481.00,17.80,274.00,-0.20,9,274.00,0.80,4077,537.00,17.70,272.00
"2025-04-04 02:45:00",0.80,251.00,9.00,-0.08,9,273.00,0.16,5441,579.00,19.50,273.00,0.70,9,273.00,0.70,2987,450.00,16.30,273.00,0.40,9,273.00,0.70,4027,476.00,18.50,273.00
"2025-04-04 03:00:00",1.20,274.00,9.00,-0.11,9,274.00,0.22,5791,610.00,19.70,274.00,0.70,9,274.00,0.90,3036,483.00,15.80,273.00,1.00,9,274.00,0.70,3435,504.00,16.50,273.00
"2025-04-04 03:15:00",1.10,278.00,9.00,-0.13,9,275.00,0.17,5351,539.00,19.00,256.00,0.50,9,275.00,0.50,2774,392.00,16.00,256.00,0.90,9,275.00,0.70,3692,440.00,17.40,256.00
"2025-04-04 03:30:00",0.60,336.00,9.00,-0.02,9,274.00,0.17,5956,591.00,20.20,274.00,-0.30,9,274.00,0.70,3622,467.00,17.60,274.00,0.50,9,274.00,0.60,4131,466.00,18.80,274.00
"2025-04-04 03:45:00",1.20,285.00,9.00,-0.14,9,273.00,0.12,6155,600.00,20.30,273.00,0.50,9,273.00,0.60,3407,457.00,17.30,273.00,1.10,9,273.00,0.60,4094,512.00,17.90,273.00
"2025-04-04 04:00:00",2.10,274.00,9.00,-0.24,9,274.00,0.05,6302,515.00,21.90,273.00,1.20,9,274.00,0.50,2809,364.00,17.60,274.00,1.70,9,274.00,1.00,3327,535.00,15.60,274.00
"2025-04-04 04:15:00",1.10,273.00,9.00,-0.15,9,275.00,0.07,5698,461.00,20.80,256.00,0.60,9,275.00,0.40,2451,357.00,15.80,256.00,0.90,9,275.00,0.70,2575,430.00,14.50,256.00
"2025-04-04 04:30:00",0.90,256.00,9.00,-0.14,9,274.00,0.07,6742,436.00,23.90,274.00,0.70,9,274.00,0.50,2704,377.00,17.00,274.00,0.60,9,274.00,0.70,3244,499.00,16.20,274.00
"2025-04-04 04:45:00",0.50,292.00,9.00,-0.06,9,273.00,0.11,6134,495.00,21.90,273.00,0.10,9,273.00,0.50,2830,368.00,17.60,271.00,0.50,9,273.00,0.60,3733,425.00,18.80,273.00
"2025-04-04 05:00:00",0.20,313.00,9.00,-0.04,9,273.00,0.10,5992,479.00,22.00,273.00,0.00,9,273.00,0.50,2541,378.00,16.40,273.00,0.20,9,273.00,0.60,3669,456.00,18.00,273.00
"2025-04-04 05:15:00",0.70,128.00,9.00,0.01,9,276.00,0.15,5547,487.00,20.20,256.00,0.00,9,276.00,0.70,3386,428.00,16.90,253.00,-0.70,9,276.00,0.90,3864,498.00,17.00,252.00
"2025-04-04 05:30:00",0.30,163.00,9.00,0.00,9,273.00,0.15,6164,493.00,22.10,273.00,0.20,9,273.00,0.90,3719,497.00,17.40,272.00,-0.20,9,273.00,0.80,4415,508.00,18.80,273.00
"2025-04-04 05:45:00",0.50,131.00,9.00,0.07,9,274.00,0.13,5915,500.00,21.60,274.00,0.00,9,274.00,1.00,3619,507.00,17.00,273.00,-0.50,9,274.00,0.90,3805,497.00,17.70,271.00
"2025-04-04 06:00:00",1.10,170.00,9.00,0.06,9,273.00,0.22,5995,630.00,19.80,273.00,0.80,9,273.00,1.70,4256,696.00,15.80,272.00,-0.80,9,273.00,1.50,4721,709.00,16.60,270.00
"2025-04-04 06:15:00",1.00,173.00,9.00,0.10,9,275.00,0.17,5520,556.00,19.10,251.00,0.70,9,275.00,1.60,3823,612.00,15.00,254.00,-0.70,9,275.00,1.10,4311,610.00,16.20,249.00
"2025-04-04 06:30:00",0.40,214.00,9.00,0.01,9,274.00,0.17,5600,551.00,20.20,273.00,0.40,9,274.00,1.00,3609,537.00,16.50,271.00,0.00,9,274.00,0.70,4256,508.00,18.40,273.00
"2025-04-04 06:45:00",0.10,49.00,9.00,0.02,9,273.00,0.20,5138,573.00,19.10,273.00,-0.10,9,273.00,0.90,3211,502.00,16.10,268.00,0.00,9,273.00,0.60,4235,509.00,18.40,269.00
"2025-04-04 07:00:00",0.60,122.00,9.00,0.02,9,274.00,0.18,4539,581.00,17.80,273.00,-0.10,9,274.00,0.90,3124,464.00,16.50,272.00,-0.60,9,274.00,1.40,3723,595.00,16.10,269.00
"2025-04-04 07:15:00",0.50,114.00,9.00,0.08,9,275.00,0.20,4576,519.00,18.00,255.00,-0.10,9,275.00,0.90,2962,423.00,16.10,254.00,-0.40,9,275.00,1.20,3713,523.00,16.20,251.00
"2025-04-04 07:30:00",0.20,110.00,9.00,0.06,9,273.00,0.18,4840,518.00,19.40,268.00,-0.10,9,273.00,0.80,3251,415.00,17.80,272.00,-0.20,9,273.00,0.90,4089,508.00,18.30,268.00
"2025-04-04 07:45:00",0.50,188.00,9.00,0.03,9,274.00,0.14,5407,532.00,20.20,269.00,0.40,9,274.00,1.00,3699,453.00,18.10,273.00,-0.20,9,274.00,0.70,4482,470.00,19.60,272.00
"2025-04-04 08:00:00",0.40,169.00,9.00,-0.03,9,273.00,0.21,4953,573.00,18.70,273.00,0.30,9,273.00,1.00,3999,464.00,18.60,273.00,-0.30,9,273.00,0.80,4588,532.00,18.80,268.00
"2025-04-04 08:15:00",0.30,227.00,9.00,-0.02,9,277.00,0.20,4684,546.00,17.70,255.00,0.30,9,277.00,1.20,3659,462.00,17.00,256.00,0.00,9,277.00,1.00,4145,523.00,17.10,252.00
"2025-04-04 08:30:00",0.70,164.00,9.00,0.02,9,274.00,0.26,4892,648.00,17.70,271.00,0.40,9,274.00,1.30,4190,533.00,18.00,272.00,-0.50,9,274.00,1.10,4586,603.00,17.70,274.00
"2025-04-04 08:45:00",0.60,176.00,9.00,-0.02,9,274.00,0.37,5018,718.00,17.00,273.00,0.50,9,274.00,1.80,4500,616.00,17.40,274.00,-0.40,9,274.00,1.30,4630,698.00,16.60,269.00
"2025-04-04 09:00:00",0.80,193.00,9.00,-0.08,9,274.00,0.30,4804,675.00,17.10,273.00,0.70,9,274.00,1.70,4198,570.00,17.40,271.00,-0.30,9,274.00,1.20,4648,631.00,17.40,272.00
"2025-04-04 09:15:00",0.80,148.00,9.00,0.05,9,276.00,0.34,4446,668.00,15.70,251.00,0.30,9,276.00,1.70,3628,565.00,15.40,255.00,-0.70,9,276.00,1.50,4161,663.00,15.30,251.00
"2025-04-04 09:30:00",1.00,162.00,9.00,0.01,9,274.00,0.37,4899,751.00,16.50,270.00,0.50,9,274.00,2.00,4103,632.00,16.40,273.00,-0.80,9,274.00,1.90,4550,737.00,16.00,272.00
"2025-04-04 09:45:00",0.60,191.00,9.00,0.07,9,274.00,0.35,5194,711.00,17.50,273.00,0.50,9,274.00,1.80,4319,627.00,16.90,272.00,-0.30,9,274.00,1.40,4621,683.00,16.80,271.00
"2025-04-04 10:00:00",0.50,177.00,9.00,0.14,9,276.00,0.33,5234,712.00,17.50,273.00,0.40,9,276.00,1.50,4554,610.00,17.60,275.00,-0.30,9,276.00,1.20,4660,611.00,17.70,274.00
"2025-04-04 10:15:00",0.70,131.00,9.00,-0.06,2,278.00,0.33,4611,617.00,16.70,255.00,0.00,2,278.00,1.80,3882,546.00,16.20,258.00,-0.70,2,278.00,1.80,3970,637.00,15.40,253.00
"2025-04-04 10:30:00",0.80,116.00,9.00,0.02,2,276.00,0.32,4980,680.00,17.50,271.00,-0.20,2,276.00,1.40,4235,562.00,17.70,274.00,-0.80,2,276.00,1.60,4449,700.00,16.30,271.00
"2025-04-04 10:45:00",0.80,109.00,9.00,0.08,2,276.00,0.39,4936,730.00,16.80,272.00,-0.30,2,276.00,1.70,4322,605.00,17.20,275.00,-0.80,2,276.00,1.80,4604,729.00,16.20,271.00
"2025-04-04 11:00:00",1.10,82.00,9.00,0.03,2,277.00,0.27,4645,605.00,17.80,272.00,-0.80,2,277.00,1.20,3508,484.00,17.10,277.00,-0.80,2,277.00,1.20,4224,614.00,16.90,272.00
"2025-04-04 11:15:00",0.60,145.00,9.00,0.05,2,279.00,0.36,4715,684.00,16.10,255.00,0.20,2,279.00,1.80,4093,622.00,15.70,258.00,-0.60,2,279.00,1.70,4412,684.00,15.60,254.00
"2025-04-04 11:30:00",1.00,77.00,9.00,0.09,2,276.00,0.35,4795,615.00,18.10,275.00,-0.80,2,276.00,1.70,3954,539.00,17.40,274.00,-0.60,2,276.00,1.20,4318,593.00,17.40,273.00
