"2025-04-01 00:00:00",0.70,134.00,9.00,0.03,9,274.00,0.20,388,103.00,11.30,268.00,0.10,9,274.00,0.90,232,89.00,8.00,187.00,-0.70,9,274.00,1.20,248,76.00,10.10,245.00
"2025-04-01 00:15:00",0.70,117.00,9.00,0.05,9,277.00,0.21,426,129.00,10.30,229.00,-0.10,9,277.00,1.40,268,107.00,7.50,161.00,-0.70,9,277.00,1.20,294,97.00,9.50,228.00
"2025-04-01 00:30:00",0.30,122.00,9.00,0.04,9,274.00,0.18,405,105.00,11.50,265.00,0.00,9,274.00,0.90,254,93.00,8.40,192.00,-0.30,9,274.00,1.10,296,76.00,11.70,256.00
"2025-04-01 00:45:00",0.40,103.00,9.00,0.04,9,274.00,0.20,406,109.00,11.10,254.00,-0.20,9,274.00,0.90,259,96.00,8.20,199.00,-0.40,9,274.00,1.00,332,78.00,12.40,263.00
"2025-04-01 01:00:00",1.10,135.00,9.00,0.06,9,275.00,0.20,417,117.00,10.70,256.00,0.10,9,275.00,1.00,272,108.00,7.80,178.00,-1.10,9,275.00,1.30,282,88.00,9.90,241.00
"2025-04-01 01:15:00",0.90,111.00,9.00,0.06,9,276.00,0.23,391,136.00,8.70,219.00,-0.30,9,276.00,1.40,263,132.00,5.70,85.00,-0.80,9,276.00,1.40,261,105.00,7.60,177.00
"2025-04-01 01:30:00",0.90,108.00,9.00,0.02,9,274.00,0.21,406,149.00,8.60,211.00,-0.30,9,274.00,1.20,265,136.00,5.60,90.00,-0.80,9,274.00,1.60,276,114.00,7.60,191.00
"2025-04-01 01:45:00",0.30,128.00,9.00,0.01,9,275.00,0.22,385,132.00,8.90,212.00,0.00,9,275.00,1.00,225,120.00,5.30,79.00,-0.30,9,275.00,0.90,263,97.00,8.50,211.00
"2025-04-01 02:00:00",0.40,185.00,9.00,0.02,9,274.00,0.20,385,131.00,8.90,215.00,0.30,9,274.00,1.10,229,123.00,5.20,66.00,-0.20,9,274.00,0.90,258,98.00,8.10,204.00
"2025-04-01 02:15:00",0.10,187.00,9.00,-0.01,9,277.00,0.17,414,129.00,9.60,225.00,0.10,9,277.00,1.10,242,123.00,5.70,96.00,-0.10,9,277.00,0.90,274,99.00,8.50,214.00
"2025-04-01 02:30:00",0.60,318.00,9.00,-0.02,9,274.00,0.18,386,134.00,8.90,226.00,-0.10,9,274.00,0.90,265,134.00,5.70,102.00,0.60,9,274.00,0.60,276,106.00,8.20,204.00
"2025-04-01 02:45:00",0.60,26.00,9.00,0.06,9,274.00,0.22,339,133.00,7.80,191.00,-0.60,9,274.00,0.80,264,132.00,6.10,113.00,0.10,9,274.00,0.60,290,102.00,9.10,218.00
"2025-04-01 03:00:00",0.30,26.00,9.00,0.01,9,275.00,0.21,416,127.00,10.60,242.00,-0.30,9,275.00,0.80,232,101.00,7.10,167.00,0.10,9,275.00,0.60,288,89.00,10.80,245.00
"2025-04-01 03:15:00",0.10,259.00,9.00,0.03,9,276.00,0.19,381,97.00,11.30,247.00,0.10,9,276.00,0.90,191,84.00,6.70,144.00,0.10,9,276.00,0.60,237,64.00,10.90,251.00
"2025-04-01 03:30:00",0.10,28.00,9.00,0.07,9,274.00,0.18,389,97.00,11.60,261.00,-0.10,9,274.00,0.90,188,80.00,7.10,165.00,0.00,9,274.00,0.70,240,61.00,11.50,256.00
"2025-04-01 03:45:00",0.20,40.00,9.00,0.06,9,275.00,0.17,397,100.00,11.50,256.00,-0.20,9,275.00,0.70,180,87.00,6.10,109.00,0.00,9,275.00,0.60,246,67.00,11.00,257.00
"2025-04-01 04:00:00",0.10,48.00,9.00,0.01,9,274.00,0.13,429,105.00,12.00,262.00,-0.10,9,274.00,0.70,185,90.00,6.20,123.00,0.00,9,274.00,0.60,241,68.00,10.70,248.00
"2025-04-01 04:15:00",0.20,34.00,9.00,0.04,9,277.00,0.16,369,115.00,10.20,233.00,-0.20,9,277.00,1.40,207,91.00,6.80,143.00,0.00,9,277.00,0.60,268,83.00,10.20,229.00
"2025-04-01 04:30:00",0.60,61.00,9.00,0.11,9,273.00,0.21,318,104.00,9.30,227.00,-0.50,9,273.00,0.80,223,106.00,6.30,129.00,-0.20,9,273.00,0.60,257,69.00,11.10,254.00
"2025-04-01 04:45:00",0.90,74.00,9.00,0.18,9,273.00,0.16,365,97.00,11.20,257.00,-0.70,9,273.00,0.70,224,87.00,8.00,189.00,-0.50,9,273.00,0.50,226,67.00,10.40,251.00
"2025-04-01 05:00:00",0.40,310.00,9.00,0.04,9,274.00,0.16,375,99.00,11.60,263.00,0.00,9,274.00,0.70,208,82.00,8.00,198.00,0.40,9,274.00,0.90,219,69.00,9.90,246.00
"2025-04-01 05:15:00",0.30,36.00,9.00,0.11,9,275.00,0.17,354,102.00,10.40,227.00,-0.30,9,275.00,0.70,259,93.00,8.40,183.00,0.00,9,275.00,0.80,201,73.00,8.40,181.00
"2025-04-01 05:30:00",0.60,207.00,9.00,0.05,9,274.00,0.17,379,114.00,10.70,246.00,0.60,9,274.00,2.80,244,92.00,8.20,189.00,-0.10,9,274.00,0.70,262,89.00,9.70,217.00
"2025-04-01 05:45:00",0.20,62.00,9.00,0.06,9,273.00,0.15,375,117.00,10.20,244.00,-0.10,9,273.00,0.80,225,96.00,7.10,143.00,-0.10,9,273.00,0.70,243,81.00,9.40,228.00
"2025-04-01 06:00:00",0.10,16.00,9.00,-0.01,9,274.00,0.18,341,94.00,10.80,235.00,-0.10,9,274.00,0.60,221,80.00,8.60,199.00,0.00,9,274.00,0.70,194,66.00,9.40,227.00
"2025-04-01 06:15:00",0.20,52.00,9.00,0.05,9,275.00,0.18,360,95.00,11.00,240.00,-0.20,9,275.00,0.70,196,83.00,7.20,154.00,-0.10,9,275.00,0.70,256,67.00,11.20,243.00
"2025-04-01 06:30:00",0.30,343.00,9.00,-0.03,9,273.00,0.16,416,93.00,12.70,262.00,-0.20,9,273.00,0.70,223,78.00,8.90,216.00,0.30,9,273.00,0.60,248,62.00,11.90,261.00
"2025-04-01 06:45:00",0.40,44.00,9.00,0.05,9,274.00,0.18,472,117.00,12.50,253.00,-0.40,9,274.00,0.90,246,89.00,8.80,218.00,0.00,9,274.00,0.70,263,82.00,10.80,248.00
"2025-04-01 07:00:00",0.80,60.00,9.00,0.13,9,273.00,0.44,467,143.00,10.80,242.00,-0.70,9,273.00,0.90,266,109.00,7.60,173.00,-0.30,9,273.00,0.80,300,98.00,10.70,240.00
"2025-04-01 07:15:00",0.50,53.00,9.00,0.04,9,276.00,0.19,373,98.00,10.90,235.00,-0.50,9,276.00,1.10,224,101.00,6.50,115.00,-0.10,9,276.00,0.60,232,63.00,10.70,236.00
"2025-04-01 07:30:00",0.80,231.00,9.00,0.08,9,274.00,0.21,407,104.00,11.50,250.00,0.80,9,274.00,1.40,249,106.00,7.10,154.00,0.20,9,274.00,0.90,260,68.00,11.60,248.00
"2025-04-01 07:45:00",0.10,308.00,9.00,0.00,9,274.00,0.20,344,103.00,10.20,244.00,0.00,9,274.00,1.30,239,99.00,7.40,157.00,0.10,9,274.00,0.90,227,65.00,10.70,249.00
"2025-04-01 08:00:00",0.20,321.00,9.00,0.10,9,274.00,0.24,404,104.00,11.40,249.00,0.00,9,274.00,1.60,344,102.00,9.50,221.00,0.20,9,274.00,1.10,307,69.00,12.50,258.00
"2025-04-01 08:15:00",0.30,294.00,9.00,0.09,9,277.00,0.29,427,174.00,8.20,181.00,0.10,9,277.00,1.40,309,142.00,6.50,116.00,0.30,9,277.00,1.10,310,114.00,9.10,201.00
"2025-04-01 08:30:00",0.20,38.00,9.00,0.05,9,274.00,0.31,446,112.00,11.40,260.00,-0.20,9,274.00,2.00,360,115.00,9.40,214.00,0.00,9,274.00,1.20,362,77.00,12.80,260.00
"2025-04-01 08:45:00",0.70,343.00,9.00,0.27,9,274.00,0.39,448,128.00,10.50,256.00,-0.40,9,274.00,1.60,379,120.00,9.40,223.00,0.50,9,274.00,2.00,329,84.00,11.40,260.00
"2025-04-01 09:00:00",0.80,12.00,9.00,-0.02,9,274.00,0.23,371,111.00,10.30,256.00,-0.70,9,274.00,1.10,313,109.00,8.90,212.00,0.40,9,274.00,1.20,316,72.00,12.50,267.00
"2025-04-01 09:15:00",1.10,26.00,9.00,-0.07,9,277.00,0.23,370,115.00,9.70,219.00,-1.00,9,277.00,1.30,278,115.00,7.10,140.00,0.20,9,277.00,0.90,282,84.00,10.20,218.00
"2025-04-01 09:30:00",1.40,345.00,9.00,-0.07,9,273.00,0.37,587,173.00,10.80,230.00,-0.80,9,273.00,1.50,475,151.00,9.70,207.00,1.10,9,273.00,1.60,461,127.00,11.80,245.00
"2025-04-01 09:45:00",1.30,341.00,9.00,-0.08,9,274.00,0.39,475,119.00,11.70,254.00,-0.70,9,274.00,2.00,371,104.00,10.50,240.00,1.10,9,274.00,1.60,363,83.00,12.30,258.00
"2025-04-01 10:00:00",1.40,0.00,9.00,-0.01,2,274.00,0.32,427,112.00,11.20,249.00,-1.10,2,274.00,1.50,332,106.00,9.20,209.00,0.90,2,274.00,1.30,309,80.00,11.40,251.00
"2025-04-01 10:15:00",1.60,350.00,9.00,0.31,2,276.00,0.51,362,108.00,10.00,231.00,-1.10,2,276.00,2.50,244,95.00,7.60,164.00,1.20,2,276.00,3.40,255,82.00,9.40,226.00
"2025-04-01 10:30:00",1.80,274.00,9.00,-0.04,2,275.00,0.49,347,100.00,10.50,241.00,1.00,2,275.00,2.60,253,86.00,8.80,210.00,1.50,2,275.00,2.20,252,76.00,10.40,246.00
"2025-04-01 10:45:00",2.20,273.00,9.00,0.06,2,276.00,0.49,407,139.00,10.10,225.00,1.30,2,276.00,3.10,318,122.00,8.60,201.00,1.80,2,276.00,3.00,298,105.00,9.60,233.00
"2025-04-01 11:00:00",1.80,279.00,9.00,0.01,2,275.00,0.46,403,134.00,9.70,217.00,0.90,2,275.00,3.00,294,111.00,8.40,170.00,1.50,2,275.00,2.30,287,99.00,9.50,219.00
"2025-04-01 11:15:00",2.00,279.00,9.00,0.15,2,278.00,0.63,362,114.00,9.80,229.00,1.00,2,278.00,2.50,295,94.00,9.30,207.00,1.80,2,278.00,2.70,285,84.00,10.20,238.00
"2025-04-01 11:30:00",2.00,290.00,9.00,0.04,2,276.00,0.57,393,104.00,11.30,257.00,0.60,2,276.00,2.50,313,87.00,10.50,240.00,1.90,2,276.00,2.70,304,77.00,11.60,267.00
"2025-04-01 11:45:00",2.50,314.00,9.00,0.13,2,276.00,0.55,422,111.00,11.30,255.00,-0.30,2,276.00,2.80,298,89.00,9.80,238.00,2.50,2,276.00,3.10,324,82.00,11.40,264.00
"2025-04-01 12:00:00",2.90,294.00,9.00,0.16,2,276.00,0.76,365,105.00,10.60,257.00,0.70,2,276.00,3.50,305,84.00,10.20,233.00,2.90,2,276.00,4.10,266,78.00,10.40,255.00
"2025-04-01 12:15:00",1.50,300.00,9.00,0.03,2,278.00,0.46,360,135.00,8.60,209.00,0.20,2,278.00,2.80,275,110.00,7.90,175.00,1.50,2,278.00,2.80,269,107.00,8.40,208.00
"2025-04-01 12:30:00",1.30,284.00,9.00,0.00,2,275.00,0.37,312,97.00,9.90,247.00,0.60,2,275.00,2.60,211,81.00,7.90,184.00,1.20,2,275.00,2.10,223,71.00,9.90,245.00
"2025-04-01 12:45:00",2.00,278.00,9.00,-0.02,2,276.00,0.39,322,115.00,8.90,227.00,1.00,2,276.00,3.00,247,102.00,7.80,189.00,1.70,2,276.00,3.00,255,94.00,8.90,217.00
"2025-04-01 13:00:00",0.90,265.00,9.00,0.09,2,276.00,0.33,334,109.00,9.90,237.00,0.60,2,276.00,2.30,225,90.00,8.00,196.00,0.70,2,276.00,1.80,232,74.00,10.10,240.00
"2025-04-01 13:15:00",1.70,270.00,9.00,-0.02,2,278.00,0.47,306,108.00,8.90,208.00,1.10,2,278.00,3.10,235,90.00,8.10,193.00,1.40,2,278.00,2.20,225,77.00,9.10,214.00
"2025-04-01 13:30:00",1.50,288.00,9.00,-0.05,2,276.00,0.56,364,130.00,9.00,213.00,0.50,2,276.00,3.90,274,106.00,8.00,189.00,1.50,2,276.00,2.70,283,101.00,9.20,207.00
"2025-04-01 13:45:00",1.30,304.00,9.00,-0.04,2,275.00,0.31,307,94.00,10.10,243.00,0.10,2,275.00,2.00,201,74.00,8.40,211.00,1.30,2,275.00,2.00,220,72.00,9.70,230.00
"2025-04-01 14:00:00",1.20,303.00,9.00,0.07,2,276.00,0.42,337,97.00,10.70,252.00,0.10,2,276.00,2.40,249,83.00,9.40,225.00,1.20,2,276.00,2.30,266,72.00,11.10,262.00
"2025-04-01 14:15:00",0.60,323.00,9.00,0.03,2,278.00,0.27,306,101.00,9.40,205.00,-0.20,2,278.00,2.20,227,85.00,7.90,165.00,0.60,2,278.00,1.70,232,69.00,10.30,230.00
"2025-04-01 14:30:00",1.90,293.00,9.00,0.02,2,276.00,0.37,291,95.00,9.50,226.00,0.50,2,276.00,2.70,216,83.00,7.90,174.00,1.90,2,276.00,3.10,213,69.00,9.90,244.00
"2025-04-01 14:45:00",1.60,299.00,9.00,-0.02,2,276.00,0.47,302,109.00,8.90,200.00,0.30,2,276.00,3.00,202,81.00,7.50,151.00,1.60,2,276.00,3.00,218,79.00,9.10,215.00
"2025-04-01 15:00:00",3.50,282.00,9.00,-0.04,2,276.00,0.66,315,107.00,9.10,216.00,1.50,2,276.00,3.90,261,89.00,8.90,211.00,3.10,2,276.00,4.10,245,82.00,9.40,220.00
"2025-04-01 15:15:00",2.30,277.00,9.00,0.00,2,279.00,0.60,276,93.00,9.10,219.00,1.20,2,279.00,3.20,213,80.00,8.10,198.00,2.00,2,279.00,3.40,228,73.00,9.70,228.00
"2025-04-01 15:30:00",2.70,291.00,9.00,-0.13,2,276.00,0.60,289,96.00,9.30,227.00,0.80,2,276.00,3.50,235,85.00,8.50,204.00,2.60,2,276.00,3.80,224,73.00,9.60,240.00
"2025-04-01 15:45:00",1.80,285.00,9.00,-0.09,2,277.00,0.47,291,97.00,9.30,226.00,0.70,2,277.00,2.90,222,83.00,8.30,212.00,1.70,2,277.00,2.70,218,70.00,9.70,248.00
"2025-04-01 16:00:00",1.10,279.00,9.00,-0.01,2,276.00,0.31,282,98.00,9.00,216.00,0.50,2,276.00,2.40,200,89.00,6.80,135.00,1.00,2,276.00,2.10,215,73.00,9.50,233.00
"2025-04-01 16:15:00",1.20,276.00,9.00,-0.04,2,277.00,0.32,288,114.00,8.00,185.00,0.60,2,277.00,2.00,202,90.00,6.90,141.00,1.00,2,277.00,1.80,213,85.00,8.30,198.00
"2025-04-01 16:30:00",0.80,265.00,9.00,-0.02,2,276.00,0.36,283,94.00,9.20,226.00,0.50,2,276.00,2.00,180,77.00,7.20,170.00,0.60,2,276.00,1.50,196,69.00,9.00,226.00
"2025-04-01 16:45:00",1.00,278.00,9.00,0.01,2,276.00,0.29,264,92.00,8.90,219.00,0.50,2,276.00,2.00,173,73.00,7.30,160.00,0.90,2,276.00,1.70,192,68.00,9.00,219.00
"2025-04-01 17:00:00",0.60,246.00,9.00,0.02,2,276.00,0.28,279,97.00,9.10,229.00,0.50,2,276.00,2.10,178,79.00,6.90,147.00,0.30,2,276.00,1.10,193,66.00,9.30,231.00
"2025-04-01 17:15:00",0.60,260.00,9.00,0.03,2,277.00,0.29,271,99.00,8.60,204.00,0.50,2,277.00,2.10,187,89.00,6.20,114.00,0.40,2,277.00,1.30,192,75.00,8.10,191.00
"2025-04-01 17:30:00",0.70,260.00,9.00,0.02,2,276.00,0.24,271,89.00,9.40,234.00,0.60,2,276.00,1.60,172,75.00,7.00,162.00,0.50,2,276.00,1.30,193,64.00,9.30,236.00
"2025-04-01 17:45:00",0.50,231.00,9.00,0.07,2,276.00,0.26,318,111.00,9.20,224.00,0.40,2,276.00,1.70,203,93.00,6.80,141.00,0.10,2,276.00,1.30,229,84.00,9.00,226.00
"2025-04-01 18:00:00",0.10,218.00,9.00,0.07,9,276.00,0.23,294,95.00,9.60,233.00,0.10,9,276.00,1.30,172,79.00,6.60,138.00,0.00,9,276.00,0.80,211,72.00,9.40,219.00
"2025-04-01 18:15:00",0.40,238.00,9.00,0.07,9,277.00,0.24,292,93.00,9.60,225.00,0.40,9,277.00,1.30,177,80.00,6.80,143.00,0.10,9,277.00,0.80,199,62.00,9.80,226.00
"2025-04-01 18:30:00",0.20,238.00,9.00,0.08,9,274.00,0.24,359,127.00,9.70,215.00,0.20,9,274.00,1.30,206,99.00,6.40,116.00,0.10,9,274.00,0.90,240,95.00,9.10,209.00
"2025-04-01 18:45:00",0.50,222.00,9.00,0.06,9,274.00,0.23,295,94.00,9.60,234.00,0.50,9,274.00,1.40,178,83.00,6.40,130.00,0.00,9,274.00,0.90,216,66.00,10.10,245.00
"2025-04-01 19:00:00",0.40,254.00,9.00,0.03,9,274.00,0.23,301,96.00,9.60,237.00,0.30,9,274.00,1.40,188,88.00,6.40,123.00,0.30,9,274.00,0.90,223,64.00,10.70,249.00
"2025-04-01 19:15:00",0.70,226.00,9.00,0.03,9,276.00,0.23,335,123.00,8.60,200.00,0.70,9,276.00,1.90,207,102.00,5.90,123.00,0.10,9,276.00,1.00,250,91.00,8.80,213.00
"2025-04-01 19:30:00",1.00,232.00,9.00,0.02,9,274.00,0.23,307,107.00,8.90,215.00,0.90,9,274.00,1.50,192,98.00,5.80,103.00,0.20,9,274.00,0.90,226,72.00,9.80,241.00
"2025-04-01 19:45:00",0.80,240.00,9.00,0.02,9,274.00,0.20,325,92.00,10.60,246.00,0.70,9,274.00,1.30,188,89.00,6.40,137.00,0.30,9,274.00,0.90,219,60.00,11.10,256.00
"2025-04-01 20:00:00",0.40,249.00,9.00,0.02,9,274.00,0.22,322,95.00,10.30,259.00,0.40,9,274.00,1.30,195,93.00,6.30,122.00,0.20,9,274.00,0.80,227,62.00,11.00,256.00
"2025-04-01 20:15:00",0.10,216.00,9.00,0.04,9,276.00,0.23,318,96.00,9.90,239.00,0.10,9,276.00,1.40,198,95.00,6.10,110.00,0.00,9,276.00,0.80,227,62.00,10.60,244.00
"2025-04-01 20:30:00",0.10,295.00,9.00,0.04,9,274.00,0.24,315,99.00,9.70,234.00,0.00,9,274.00,1.30,194,90.00,6.40,126.00,0.10,9,274.00,0.90,234,66.00,10.70,258.00
"2025-04-01 20:45:00",0.10,257.00,9.00,0.05,9,274.00,0.22,419,152.00,9.80,222.00,0.10,9,274.00,1.50,250,123.00,6.40,132.00,0.10,9,274.00,0.90,312,117.00,9.70,219.00
"2025-04-01 21:00:00",0.50,292.00,9.00,0.04,9,273.00,0.26,320,99.00,10.00,235.00,0.10,9,273.00,2.00,199,83.00,7.60,174.00,0.50,9,273.00,1.60,231,82.00,9.20,220.00
"2025-04-01 21:15:00",1.20,262.00,9.00,0.00,9,277.00,0.29,300,103.00,9.10,213.00,0.80,9,277.00,1.60,195,85.00,7.00,156.00,0.80,9,277.00,1.40,226,90.00,8.00,187.00
"2025-04-01 21:30:00",2.30,264.00,9.00,-0.01,9,274.00,0.31,366,117.00,9.90,231.00,1.60,9,274.00,2.20,270,108.00,8.20,182.00,1.70,9,274.00,2.30,305,119.00,8.80,203.00
"2025-04-01 21:45:00",1.80,272.00,9.00,0.03,9,274.00,0.31,358,97.00,11.10,255.00,1.00,9,274.00,2.30,248,80.00,9.40,227.00,1.40,9,274.00,2.30,261,79.00,10.20,260.00
"2025-04-01 22:00:00",1.30,268.00,9.00,0.05,9,273.00,0.32,395,121.00,10.80,241.00,0.90,9,273.00,2.20,255,93.00,8.90,215.00,1.00,9,273.00,1.70,293,96.00,10.30,241.00
"2025-04-01 22:15:00",1.40,260.00,9.00,0.04,9,277.00,0.31,408,145.00,9.20,203.00,1.00,9,277.00,2.00,262,109.00,7.40,132.00,0.90,9,277.00,1.40,286,106.00,9.00,189.00
"2025-04-01 22:30:00",1.30,268.00,9.00,-0.01,9,273.00,0.24,360,101.00,10.70,233.00,0.80,9,273.00,1.20,232,95.00,7.50,124.00,1.00,9,273.00,1.20,246,71.00,10.50,238.00
"2025-04-01 22:45:00",1.30,261.00,9.00,-0.01,9,275.00,0.25,377,101.00,11.10,247.00,0.90,9,275.00,2.10,257,91.00,8.60,186.00,0.90,9,275.00,1.20,268,72.00,11.30,251.00
"2025-04-01 23:00:00",2.00,268.00,9.00,-0.11,9,274.00,0.34,360,106.00,10.30,231.00,1.30,9,274.00,2.30,267,107.00,7.50,125.00,1.50,9,274.00,1.40,258,71.00,10.90,246.00
"2025-04-01 23:15:00",0.80,275.00,9.00,-0.01,9,276.00,0.24,330,103.00,9.60,222.00,0.40,9,276.00,1.70,229,97.00,7.20,160.00,0.60,9,276.00,1.10,240,67.00,10.60,239.00
"2025-04-01 23:30:00",1.60,277.00,9.00,-0.04,9,273.00,0.31,431,158.00,9.40,209.00,0.80,9,273.00,2.40,292,125.00,7.20,149.00,1.30,9,273.00,1.80,313,115.00,9.70,221.00
"2025-04-01 23:45:00",0.30,271.00,9.00,0.01,9,274.00,0.26,314,96.00,9.90,244.00,0.20,9,274.00,1.80,207,84.00,7.50,179.00,0.30,9,274.00,1.00,240,65.00,11.00,251.00
"2025-04-02 00:00:00",0.40,249.00,9.00,0.04,9,274.00,0.31,400,153.00,9.10,205.00,0.40,9,274.00,1.70,231,106.00,6.80,144.00,0.20,9,274.00,1.30,286,108.00,9.40,209.00
"2025-04-02 00:15:00",1.20,272.00,9.00,-0.04,9,277.00,0.28,311,95.00,9.90,229.00,0.70,9,277.00,1.70,196,85.00,7.00,167.00,1.00,9,277.00,1.50,223,67.00,9.90,234.00
"2025-04-02 00:30:00",1.30,264.00,9.00,-0.04,9,274.00,0.25,320,92.00,10.40,251.00,0.90,9,274.00,1.70,205,81.00,7.70,193.00,0.90,9,274.00,1.20,223,62.00,10.80,258.00
"2025-04-02 00:45:00",1.00,241.00,9.00,0.02,9,274.00,0.29,371,136.00,9.20,220.00,0.90,9,274.00,1.50,234,106.00,6.90,145.00,0.40,9,274.00,1.10,286,100.00,9.90,235.00
"2025-04-02 01:00:00",0.80,255.00,9.00,-0.02,9,275.00,0.21,326,91.00,10.80,259.00,0.70,9,275.00,1.30,186,74.00,7.90,199.00,0.50,9,275.00,0.90,232,67.00,10.70,250.00
"2025-04-02 01:15:00",0.60,294.00,9.00,0.00,9,276.00,0.25,601,324.00,6.70,118.00,0.20,9,276.00,1.30,497,303.00,5.10,59.00,0.60,9,276.00,1.10,606,362.00,5.70,79.00
"2025-04-02 01:30:00",0.30,283.00,9.00,-0.01,9,274.00,0.24,449,223.00,6.90,128.00,0.10,9,274.00,1.20,366,213.00,5.30,64.00,0.20,9,274.00,0.90,418,238.00,6.10,93.00
"2025-04-02 01:45:00",1.50,263.00,9.00,-0.04,9,274.00,0.22,526,261.00,7.20,142.00,1.10,9,274.00,1.80,417,238.00,5.70,98.00,1.10,9,274.00,1.40,509,285.00,6.10,93.00
"2025-04-02 02:00:00",1.20,256.00,9.00,-0.02,9,274.00,0.28,413,129.00,10.60,244.00,1.00,9,274.00,1.50,251,103.00,8.10,194.00,0.80,9,274.00,1.40,292,100.00,9.80,223.00
"2025-04-02 02:15:00",2.60,233.00,9.00,0.01,9,277.00,0.35,359,97.00,10.80,234.00,2.50,9,277.00,2.70,246,84.00,8.80,221.00,0.70,9,277.00,1.30,262,74.00,10.60,243.00
"2025-04-02 02:30:00",2.40,250.00,9.00,-0.06,9,274.00,0.33,419,111.00,11.70,258.00,2.00,9,274.00,2.10,314,97.00,10.00,244.00,1.30,9,274.00,1.40,334,98.00,11.20,244.00
"2025-04-02 02:45:00",2.10,249.00,9.00,-0.01,9,274.00,0.27,468,190.00,9.50,185.00,1.80,9,274.00,2.10,378,183.00,7.80,161.00,1.10,9,274.00,1.60,442,208.00,9.20,175.00
"2025-04-02 03:00:00",2.40,248.00,9.00,0.01,9,275.00,0.33,589,321.00,5.70,79.00,2.10,9,275.00,2.50,539,311.00,4.90,46.00,1.20,9,275.00,2.30,598,373.00,4.50,49.00
"2025-04-02 03:15:00",1.50,244.00,9.00,0.02,9,277.00,0.26,482,205.00,8.50,182.00,1.30,9,277.00,1.70,385,201.00,6.20,111.00,0.60,9,277.00,1.10,444,228.00,6.90,130.00
"2025-04-02 03:30:00",1.20,249.00,9.00,0.01,9,274.00,0.27,431,153.00,9.40,204.00,1.00,9,274.00,1.30,320,134.00,7.90,164.00,0.60,9,274.00,1.10,339,144.00,8.30,162.00
"2025-04-02 03:45:00",1.20,231.00,9.00,-0.02,9,275.00,0.24,429,100.00,12.30,268.00,1.20,9,275.00,1.30,299,84.00,10.60,256.00,0.30,9,275.00,0.90,332,77.00,12.70,267.00
"2025-04-02 04:00:00",1.70,238.00,9.00,-0.01,9,274.00,0.24,432,105.00,12.00,266.00,1.60,9,274.00,1.70,326,93.00,10.20,237.00,0.60,9,274.00,1.20,361,75.00,13.30,268.00
"2025-04-02 04:15:00",1.70,255.00,9.00,0.03,9,276.00,0.24,435,100.00,12.10,254.00,1.30,9,276.00,1.60,300,91.00,9.70,235.00,1.00,9,276.00,1.10,334,73.00,12.50,254.00
"2025-04-02 04:30:00",2.00,236.00,9.00,0.09,9,274.00,0.24,487,116.00,12.00,261.00,1.90,9,274.00,1.80,340,107.00,9.40,235.00,0.60,9,274.00,1.20,382,87.00,12.40,265.00
"2025-04-02 04:45:00",1.60,233.00,9.00,0.13,9,274.00,0.22,543,139.00,11.80,265.00,1.50,9,274.00,1.30,379,130.00,8.80,202.00,0.40,9,274.00,1.00,446,104.00,12.80,268.00
"2025-04-02 05:00:00",1.60,242.00,9.00,0.09,9,273.00,0.22,544,124.00,12.40,268.00,1.50,9,273.00,1.20,409,126.00,9.80,233.00,0.60,9,273.00,1.10,421,96.00,12.60,266.00
"2025-04-02 05:15:00",1.10,254.00,9.00,0.16,9,276.00,0.26,447,121.00,10.90,242.00,0.90,9,276.00,1.10,305,126.00,7.30,160.00,0.70,9,276.00,1.20,365,93.00,11.30,244.00
"2025-04-02 05:30:00",0.70,285.00,9.00,0.02,9,273.00,0.23,452,120.00,11.20,256.00,0.30,9,273.00,1.10,287,124.00,7.00,140.00,0.70,9,273.00,0.90,330,92.00,10.90,252.00
"2025-04-02 05:45:00",0.50,300.00,9.00,0.01,9,274.00,0.22,419,131.00,10.00,232.00,0.10,9,274.00,0.90,272,123.00,6.70,126.00,0.50,9,274.00,0.80,298,95.00,9.80,224.00
"2025-04-02 06:00:00",1.40,254.00,9.00,0.08,9,273.00,0.21,461,136.00,10.60,248.00,1.10,9,273.00,1.40,352,139.00,7.70,172.00,0.80,9,273.00,1.10,361,103.00,10.80,244.00
"2025-04-02 06:15:00",1.80,246.00,9.00,0.09,9,276.00,0.25,484,128.00,11.00,241.00,1.60,9,276.00,1.20,383,115.00,9.70,216.00,0.90,9,276.00,1.20,380,98.00,11.20,243.00
"2025-04-02 06:30:00",1.00,241.00,9.00,0.16,9,273.00,0.27,567,132.00,12.30,267.00,0.90,9,273.00,1.20,462,130.00,10.30,229.00,0.40,9,273.00,1.10,440,97.00,12.60,260.00
"2025-04-02 06:45:00",0.70,278.00,9.00,0.08,9,273.00,0.24,587,128.00,12.80,270.00,0.30,9,273.00,1.60,431,125.00,10.00,223.00,0.60,9,273.00,1.10,451,96.00,13.00,270.00
"2025-04-02 07:00:00",1.00,24.00,9.00,0.18,9,274.00,0.33,569,133.00,12.30,258.00,-0.90,9,274.00,1.50,503,133.00,11.10,245.00,0.20,9,274.00,1.20,439,108.00,12.20,259.00
"2025-04-02 07:15:00",1.10,9.00,9.00,0.09,9,275.00,0.28,504,119.00,12.00,241.00,-0.90,9,275.00,1.60,385,100.00,10.90,230.00,0.50,9,275.00,1.10,399,90.00,12.30,253.00
"2025-04-02 07:30:00",0.50,269.00,9.00,0.03,9,274.00,0.20,546,246.00,7.50,157.00,0.30,9,274.00,1.10,381,216.00,5.20,70.00,0.40,9,274.00,0.90,491,252.00,6.60,119.00
"2025-04-02 07:45:00",0.60,249.00,9.00,-0.01,9,275.00,0.20,425,106.00,11.90,262.00,0.50,9,275.00,1.00,259,92.00,8.60,203.00,0.30,9,275.00,0.80,324,84.00,11.60,252.00
"2025-04-02 08:00:00",0.50,97.00,9.00,0.06,9,274.00,0.19,415,104.00,11.90,256.00,-0.30,9,274.00,0.80,229,96.00,7.40,167.00,-0.40,9,274.00,0.60,324,79.00,12.20,254.00
"2025-04-02 08:15:00",0.40,148.00,9.00,0.02,9,275.00,0.26,489,121.00,11.60,239.00,0.10,9,275.00,1.20,427,109.00,11.20,234.00,-0.40,9,275.00,0.90,433,88.00,13.10,250.00
"2025-04-02 08:30:00",0.10,83.00,9.00,0.11,9,275.00,0.26,445,109.00,11.80,257.00,-0.10,9,275.00,1.00,343,92.00,10.70,235.00,-0.10,9,275.00,1.10,365,76.00,13.30,265.00
"2025-04-02 08:45:00",0.50,101.00,9.00,0.00,9,274.00,0.23,482,180.00,9.60,210.00,-0.20,9,274.00,0.90,353,129.00,8.30,165.00,-0.40,9,274.00,1.00,346,123.00,10.20,225.00
"2025-04-02 09:00:00",0.30,86.00,9.00,-0.08,9,274.00,0.28,431,129.00,10.30,236.00,-0.20,9,274.00,1.30,429,119.00,10.50,221.00,-0.30,9,274.00,1.10,356,102.00,11.30,245.00
"2025-04-02 09:15:00",0.80,37.00,9.00,-0.07,9,276.00,0.33,447,200.00,7.40,139.00,-0.80,9,276.00,2.60,359,186.00,6.20,95.00,0.00,9,276.00,1.10,369,185.00,7.20,122.00
"2025-04-02 09:30:00",3.40,239.00,0.00,-0.06,9,274.00,0.23,577,331.00,5.10,51.00,3.20,0,274.00,2.50,533,331.00,4.20,15.00,1.20,0,274.00,1.50,586,377.00,4.00,13.00
"2025-04-02 09:45:00",3.00,239.00,9.00,-0.08,9,274.00,0.32,398,140.00,9.60,205.00,2.80,2,274.00,2.20,285,130.00,7.40,148.00,1.10,9,274.00,1.30,330,132.00,9.40,199.00
"2025-04-02 10:00:00",1.60,238.00,9.00,-0.01,2,274.00,0.24,384,136.00,9.70,218.00,1.50,2,274.00,1.90,257,110.00,7.30,142.00,0.50,2,274.00,1.00,288,96.00,10.50,227.00
"2025-04-02 10:15:00",0.50,210.00,9.00,0.03,2,276.00,0.23,348,127.00,8.90,182.00,0.50,2,276.00,1.10,214,110.00,5.90,71.00,-0.10,2,276.00,0.70,240,84.00,9.30,197.00
"2025-04-02 10:30:00",0.20,215.00,9.00,0.04,9,274.00,0.22,328,93.00,10.70,235.00,0.20,9,274.00,0.90,189,83.00,6.90,126.00,0.00,9,274.00,0.80,221,64.00,10.70,232.00
"2025-04-02 10:45:00",0.20,354.00,9.00,-0.04,9,275.00,0.21,313,93.00,10.30,234.00,-0.20,9,275.00,1.60,182,80.00,7.00,116.00,0.20,9,275.00,0.80,219,64.00,10.50,224.00
"2025-04-02 11:00:00",1.40,242.00,9.00,0.00,2,274.00,0.22,321,102.00,9.90,218.00,1.30,2,274.00,2.80,194,85.00,6.90,105.00,0.60,2,274.00,1.80,224,70.00,10.00,220.00
"2025-04-02 11:15:00",1.10,269.00,9.00,0.07,2,276.00,0.38,320,123.00,8.00,187.00,0.70,2,276.00,2.80,262,128.00,6.00,105.00,0.80,2,276.00,2.50,235,93.00,7.80,180.00
"2025-04-02 11:30:00",0.90,253.00,9.00,0.03,2,274.00,0.34,383,164.00,7.60,179.00,0.70,2,274.00,1.90,279,153.00,5.10,60.00,0.50,2,274.00,1.60,298,134.00,7.30,171.00
"2025-04-02 11:45:00",1.40,237.00,9.00,0.19,2,275.00,0.43,344,116.00,9.10,222.00,1.30,2,275.00,2.90,250,116.00,6.30,117.00,0.50,2,275.00,1.80,244,88.00,8.60,221.00
"2025-04-02 12:00:00",2.30,259.00,9.00,0.40,2,275.00,0.69,362,106.00,10.30,251.00,1.70,2,275.00,3.30,328,102.00,9.50,215.00,1.50,2,275.00,3.30,301,83.00,10.80,260.00
"2025-04-02 12:15:00",0.90,336.00,9.00,0.14,2,278.00,0.46,277,88.00,9.60,228.00,-0.40,2,278.00,2.20,192,71.00,7.90,176.00,0.80,2,278.00,2.70,206,61.00,10.10,234.00
"2025-04-02 12:30:00",0.50,287.00,9.00,0.03,9,276.00,0.24,341,127.00,9.50,213.00,0.20,9,276.00,1.50,244,111.00,7.40,147.00,0.50,9,276.00,1.40,286,122.00,9.20,202.00
"2025-04-02 12:45:00",0.90,268.00,9.00,0.02,2,276.00,0.31,420,162.00,9.30,212.00,0.60,2,276.00,1.60,260,115.00,7.30,146.00,0.70,2,276.00,1.50,290,112.00,9.40,211.00
"2025-04-02 13:00:00",1.10,309.00,9.00,-0.01,2,274.00,0.31,332,137.00,8.10,183.00,0.00,2,274.00,1.50,251,118.00,6.70,120.00,1.10,2,274.00,1.90,264,125.00,7.30,144.00
"2025-04-02 13:15:00",1.00,288.00,9.00,0.03,2,276.00,0.26,294,93.00,9.60,218.00,0.30,2,276.00,1.50,189,75.00,7.10,156.00,0.90,2,276.00,1.90,214,67.00,9.80,226.00
"2025-04-02 13:30:00",1.60,281.00,9.00,0.13,2,276.00,0.57,368,134.00,8.90,205.00,0.70,2,276.00,2.70,286,124.00,7.70,155.00,1.50,2,276.00,3.00,298,129.00,8.50,195.00
"2025-04-02 13:45:00",1.50,247.00,9.00,-0.07,2,276.00,0.28,401,146.00,9.90,206.00,1.30,2,276.00,1.60,294,131.00,8.10,162.00,0.80,2,276.00,1.00,328,140.00,9.20,182.00
"2025-04-02 14:00:00",1.20,240.00,9.00,0.06,2,274.00,0.34,377,110.00,10.90,240.00,1.10,2,274.00,1.60,287,88.00,10.00,232.00,0.50,2,274.00,1.00,289,78.00,12.00,254.00
"2025-04-02 14:15:00",0.90,305.00,9.00,-0.03,9,276.00,0.29,367,143.00,8.60,160.00,0.00,9,276.00,1.30,234,105.00,7.00,106.00,0.90,9,276.00,1.40,265,101.00,9.00,181.00
"2025-04-02 14:30:00",0.80,357.00,9.00,0.01,2,276.00,0.28,298,106.00,8.70,180.00,-0.60,2,276.00,1.50,187,79.00,7.10,111.00,0.50,2,276.00,1.30,228,69.00,10.20,224.00
"2025-04-02 14:45:00",1.40,259.00,9.00,-0.04,2,276.00,0.32,300,136.00,6.80,106.00,1.00,2,276.00,2.20,186,91.00,6.10,78.00,0.90,2,276.00,1.60,217,84.00,8.10,158.00
"2025-04-02 15:00:00",1.50,252.00,9.00,0.06,2,275.00,0.50,336,157.00,6.40,87.00,1.20,2,275.00,3.20,254,109.00,7.00,118.00,0.80,2,275.00,2.40,246,93.00,8.20,166.00
"2025-04-02 15:15:00",1.80,277.00,9.00,-0.14,2,278.00,0.57,304,142.00,6.70,123.00,0.90,2,278.00,3.00,219,102.00,6.40,115.00,1.50,2,278.00,2.40,211,83.00,7.90,177.00
"2025-04-02 15:30:00",2.40,274.00,9.00,0.02,2,276.00,0.60,321,125.00,8.10,175.00,1.40,2,276.00,3.90,242,99.00,7.50,156.00,2.00,2,276.00,3.80,249,95.00,8.60,211.00
"2025-04-02 15:45:00",1.30,307.00,9.00,0.07,2,276.00,0.37,273,92.00,9.20,209.00,0.00,2,276.00,3.20,183,74.00,7.60,165.00,1.30,2,276.00,2.60,206,67.00,9.70,225.00
"2025-04-02 16:00:00",2.30,256.00,9.00,-0.04,2,275.00,0.48,299,92.00,10.00,241.00,1.80,2,275.00,3.80,204,72.00,8.70,212.00,1.40,2,275.00,2.80,241,66.00,11.20,263.00
"2025-04-02 16:15:00",0.90,238.00,9.00,-0.02,2,278.00,0.34,263,81.00,9.90,229.00,0.80,2,278.00,2.00,175,66.00,8.20,189.00,0.30,2,278.00,1.20,191,56.00,10.40,231.00
"2025-04-02 16:30:00",0.80,265.00,9.00,0.08,2,276.00,0.28,277,88.00,9.70,232.00,0.60,2,276.00,2.60,188,71.00,8.10,194.00,0.60,2,276.00,2.10,204,64.00,9.90,237.00
"2025-04-02 16:45:00",0.80,293.00,9.00,-0.02,9,275.00,0.27,274,97.00,8.90,210.00,0.20,9,275.00,1.70,185,79.00,7.20,149.00,0.80,9,275.00,1.70,198,73.00,8.80,208.00
"2025-04-02 17:00:00",1.10,273.00,9.00,0.02,2,276.00,0.33,265,85.00,9.60,235.00,0.70,2,276.00,2.10,176,67.00,8.10,194.00,0.90,2,276.00,2.20,205,62.00,10.20,246.00
"2025-04-02 17:15:00",0.50,288.00,9.00,0.08,9,278.00,0.24,262,85.00,9.30,221.00,0.20,9,278.00,2.00,166,70.00,7.10,156.00,0.50,9,278.00,1.50,181,59.00,9.40,234.00
"2025-04-02 17:30:00",0.40,339.00,9.00,0.06,9,274.00,0.24,252,85.00,9.20,224.00,-0.20,9,274.00,1.80,149,69.00,6.50,138.00,0.30,9,274.00,1.20,170,59.00,9.00,215.00
"2025-04-02 17:45:00",0.30,301.00,9.00,0.08,9,274.00,0.24,270,83.00,9.90,245.00,0.00,9,274.00,1.00,152,69.00,6.70,133.00,0.20,9,274.00,0.90,186,58.00,9.90,229.00
"2025-04-02 18:00:00",0.20,14.00,9.00,0.06,9,274.00,0.19,267,83.00,9.80,227.00,-0.10,9,274.00,1.20,154,75.00,6.00,116.00,0.10,9,274.00,0.80,175,53.00,10.10,235.00
"2025-04-02 18:15:00",0.60,28.00,9.00,0.08,9,276.00,0.22,279,102.00,8.50,189.00,-0.60,9,276.00,1.10,179,93.00,5.40,65.00,0.10,9,276.00,0.80,195,74.00,8.50,198.00
"2025-04-02 18:30:00",0.20,228.00,9.00,0.07,9,274.00,0.21,280,90.00,9.60,227.00,0.20,9,274.00,1.10,157,83.00,5.40,74.00,0.00,9,274.00,0.80,184,59.00,9.80,240.00
"2025-04-02 18:45:00",0.70,238.00,9.00,0.05,9,274.00,0.21,338,141.00,8.40,184.00,0.60,9,274.00,1.20,236,133.00,5.50,76.00,0.20,9,274.00,0.80,285,137.00,8.10,163.00
"2025-04-02 19:00:00",1.00,239.00,9.00,0.02,9,274.00,0.23,331,90.00,11.00,260.00,0.90,9,274.00,1.20,196,82.00,7.40,166.00,0.40,9,274.00,0.90,235,62.00,11.30,260.00
"2025-04-02 19:15:00",0.70,235.00,9.00,0.07,9,276.00,0.23,310,85.00,10.70,243.00,0.70,9,276.00,1.30,180,78.00,7.10,150.00,0.20,9,276.00,0.80,218,58.00,11.00,243.00
"2025-04-02 19:30:00",1.00,236.00,9.00,0.02,9,274.00,0.22,347,91.00,11.30,257.00,1.00,9,274.00,1.30,203,68.00,9.20,231.00,0.30,9,274.00,1.00,246,60.00,11.90,264.00
"2025-04-02 19:45:00",2.10,233.00,9.00,0.05,9,274.00,0.26,448,134.00,10.60,244.00,2.10,9,274.00,2.30,284,96.00,9.00,217.00,0.50,9,274.00,1.10,328,90.00,11.50,251.00
"2025-04-02 20:00:00",2.60,235.00,9.00,0.00,9,274.00,0.27,421,119.00,10.70,260.00,2.50,9,274.00,2.00,266,87.00,9.30,226.00,0.80,9,274.00,1.10,273,74.00,11.10,256.00
"2025-04-02 20:15:00",1.60,235.00,9.00,-0.01,9,276.00,0.20,349,88.00,11.30,248.00,1.60,9,276.00,1.70,183,69.00,8.00,192.00,0.50,9,276.00,0.80,211,58.00,10.60,241.00
"2025-04-02 20:30:00",2.60,239.00,9.00,-0.03,9,274.00,0.28,425,186.00,8.30,171.00,2.40,9,274.00,2.20,339,173.00,6.70,127.00,0.90,9,274.00,1.10,390,195.00,7.70,137.00
"2025-04-02 20:45:00",2.60,239.00,9.00,-0.02,9,273.00,0.24,420,97.00,12.40,265.00,2.40,9,273.00,1.80,255,80.00,9.60,239.00,0.90,9,273.00,1.00,323,67.00,13.30,268.00
"2025-04-02 21:00:00",2.60,240.00,9.00,0.04,9,275.00,0.26,437,99.00,12.50,267.00,2.40,9,275.00,2.00,272,80.00,10.10,251.00,1.00,9,275.00,1.30,279,69.00,11.80,266.00
"2025-04-02 21:15:00",2.50,239.00,9.00,-0.03,9,276.00,0.25,402,105.00,11.20,241.00,2.40,2,276.00,2.00,251,85.00,8.80,208.00,0.90,9,276.00,1.20,275,75.00,11.00,244.00
"2025-04-02 21:30:00",2.10,237.00,9.00,-0.01,9,274.00,0.29,441,145.00,9.50,235.00,2.00,9,274.00,1.80,318,115.00,8.40,200.00,0.70,9,274.00,1.10,298,96.00,9.90,240.00
"2025-04-02 21:45:00",1.80,242.00,9.00,0.11,9,274.00,0.25,453,115.00,11.60,262.00,1.60,9,274.00,1.60,272,96.00,8.60,215.00,0.70,9,274.00,1.10,307,72.00,12.30,269.00
"2025-04-02 22:00:00",2.20,240.00,9.00,0.06,9,274.00,0.20,487,106.00,12.80,271.00,2.00,9,274.00,1.60,295,104.00,8.60,206.00,0.80,9,274.00,1.20,310,77.00,11.70,265.00
"2025-04-02 22:15:00",1.80,247.00,9.00,0.03,9,276.00,0.20,451,94.00,12.80,254.00,1.50,9,276.00,1.30,252,81.00,9.30,224.00,0.90,9,276.00,1.00,293,69.00,11.80,248.00
"2025-04-02 22:30:00",0.90,245.00,9.00,0.02,9,273.00,0.18,514,110.00,13.00,269.00,0.80,9,273.00,1.00,253,93.00,8.40,198.00,0.40,9,273.00,0.80,311,79.00,11.90,255.00
"2025-04-02 22:45:00",1.10,262.00,9.00,0.01,9,274.00,0.26,488,219.00,7.90,156.00,0.80,9,274.00,1.40,375,200.00,6.10,95.00,0.70,9,274.00,1.10,431,232.00,6.20,103.00
"2025-04-02 23:00:00",0.90,241.00,0.00,0.00,9,274.00,0.37,648,365.00,5.00,60.00,0.80,0,274.00,1.00,527,332.00,4.00,10.00,0.40,0,274.00,1.50,644,401.00,4.00,8.00
"2025-04-02 23:15:00",1.80,253.00,9.00,-0.03,9,276.00,0.26,482,141.00,11.20,233.00,1.50,9,276.00,1.30,314,123.00,8.70,187.00,1.00,9,276.00,1.00,339,127.00,9.60,198.00
"2025-04-02 23:30:00",1.80,244.00,9.00,0.08,9,274.00,0.21,439,101.00,12.30,264.00,1.60,9,274.00,1.30,280,84.00,10.00,240.00,0.80,9,274.00,1.00,307,77.00,11.90,263.00
"2025-04-02 23:45:00",0.40,18.00,9.00,0.12,9,274.00,0.26,503,123.00,11.90,256.00,-0.30,9,274.00,1.80,359,113.00,9.50,232.00,0.10,9,274.00,1.20,318,83.00,11.20,258.00
"2025-04-03 00:00:00",0.40,48.00,9.00,0.00,9,274.00,0.21,501,113.00,12.50,268.00,-0.40,9,274.00,1.30,322,108.00,9.10,230.00,-0.10,9,274.00,0.70,339,75.00,12.90,271.00
"2025-04-03 00:15:00",0.50,233.00,9.00,-0.03,9,276.00,0.15,563,114.00,13.50,246.00,0.50,9,276.00,1.00,327,103.00,9.20,208.00,0.10,9,276.00,1.00,287,77.00,11.00,237.00
"2025-04-03 00:30:00",0.50,315.00,9.00,-0.07,9,275.00,0.15,561,169.00,11.30,246.00,-0.10,9,275.00,0.90,253,123.00,6.20,116.00,0.50,9,275.00,0.50,334,114.00,10.20,227.00
"2025-04-03 00:45:00",0.60,284.00,9.00,-0.14,9,274.00,0.11,507,104.00,13.50,272.00,0.20,9,274.00,0.70,239,96.00,7.70,203.00,0.50,9,274.00,0.60,233,70.00,10.20,251.00
"2025-04-03 01:00:00",0.70,289.00,9.00,-0.13,9,274.00,0.13,457,99.00,13.10,273.00,0.20,9,274.00,0.70,222,92.00,7.40,181.00,0.70,9,274.00,0.60,237,67.00,10.70,262.00
"2025-04-03 01:15:00",0.50,304.00,9.00,-0.06,9,277.00,0.11,477,109.00,12.40,256.00,0.00,9,277.00,0.70,284,100.00,8.60,207.00,0.50,9,277.00,0.40,324,74.00,12.50,255.00
"2025-04-03 01:30:00",0.60,325.00,9.00,-0.03,9,274.00,0.14,546,114.00,13.40,261.00,-0.20,9,274.00,0.90,374,104.00,10.50,223.00,0.60,9,274.00,0.80,379,88.00,12.60,262.00
"2025-04-03 01:45:00",0.60,23.00,9.00,0.01,9,274.00,0.18,494,108.00,12.90,270.00,-0.60,9,274.00,1.10,315,102.00,9.30,221.00,0.20,9,274.00,0.70,323,75.00,12.10,260.00
"2025-04-03 02:00:00",0.60,344.00,9.00,0.08,9,275.00,0.31,491,166.00,10.00,228.00,-0.40,9,275.00,1.00,389,125.00,9.70,217.00,0.50,9,275.00,1.10,411,121.00,11.50,233.00
"2025-04-03 02:15:00",0.40,270.00,9.00,-0.04,9,276.00,0.13,581,110.00,13.70,253.00,0.20,9,276.00,0.80,310,99.00,9.10,189.00,0.30,9,276.00,0.80,265,85.00,9.50,217.00
"2025-04-03 02:30:00",0.50,282.00,9.00,-0.07,9,274.00,0.12,479,99.00,13.60,273.00,0.20,9,274.00,0.50,288,80.00,10.90,255.00,0.50,9,274.00,0.70,217,67.00,10.10,255.00
"2025-04-03 02:45:00",0.60,338.00,9.00,0.03,9,274.00,0.24,600,158.00,12.90,236.00,-0.30,9,274.00,0.80,273,113.00,7.80,178.00,0.50,9,274.00,0.50,326,107.00,10.80,233.00
"2025-04-03 03:00:00",0.30,287.00,9.00,0.00,9,275.00,0.14,495,114.00,12.70,266.00,0.10,9,275.00,0.60,273,96.00,8.90,233.00,0.30,9,275.00,0.60,278,77.00,11.10,257.00
"2025-04-03 03:15:00",0.40,261.00,9.00,-0.02,9,276.00,0.14,477,102.00,12.90,252.00,0.30,9,276.00,0.70,260,94.00,8.50,213.00,0.30,9,276.00,0.50,294,70.00,12.10,253.00
"2025-04-03 03:30:00",0.50,265.00,9.00,-0.02,9,274.00,0.11,509,100.00,13.80,264.00,0.30,9,274.00,0.60,250,92.00,8.40,206.00,0.30,9,274.00,0.70,246,72.00,10.50,249.00
"2025-04-03 03:45:00",0.20,262.00,9.00,0.01,9,275.00,0.10,646,107.00,15.10,272.00,0.20,9,275.00,0.70,244,97.00,7.70,181.00,0.20,9,275.00,0.60,277,71.00,11.50,264.00
"2025-04-03 04:00:00",0.20,148.00,9.00,0.02,9,274.00,0.09,602,101.00,15.30,273.00,0.10,9,274.00,0.70,235,91.00,8.00,190.00,-0.20,9,274.00,0.80,195,66.00,9.30,239.00
"2025-04-03 04:15:00",0.30,303.00,9.00,0.03,9,277.00,0.16,507,165.00,10.10,220.00,0.00,9,277.00,2.30,253,114.00,6.70,148.00,0.30,9,277.00,0.80,273,101.00,8.80,209.00
"2025-04-03 04:30:00",0.20,335.00,9.00,0.07,9,274.00,0.18,424,111.00,11.40,257.00,-0.10,9,274.00,0.80,215,97.00,6.80,149.00,0.10,9,274.00,0.60,272,72.00,11.30,253.00
"2025-04-03 04:45:00",0.60,247.00,9.00,0.04,9,274.00,0.20,394,112.00,10.80,265.00,0.50,9,274.00,0.80,264,96.00,8.50,226.00,0.30,9,274.00,0.70,261,73.00,10.70,251.00
"2025-04-03 05:00:00",0.30,62.00,9.00,0.13,9,273.00,0.12,546,113.00,13.50,269.00,-0.30,9,273.00,0.80,305,104.00,9.30,228.00,-0.10,9,273.00,0.70,291,88.00,10.50,245.00
"2025-04-03 05:15:00",0.40,9.00,9.00,0.12,9,275.00,0.13,444,108.00,12.00,242.00,-0.30,9,275.00,0.80,265,94.00,8.80,203.00,0.20,9,275.00,0.90,226,85.00,8.50,189.00
"2025-04-03 05:30:00",0.20,92.00,9.00,0.15,9,274.00,0.20,447,138.00,10.50,220.00,-0.10,9,274.00,1.40,301,115.00,8.30,176.00,-0.20,9,274.00,0.90,260,102.00,8.20,184.00
"2025-04-03 05:45:00",0.70,2.00,9.00,0.10,9,273.00,0.17,388,112.00,10.50,234.00,-0.50,9,273.00,0.90,264,101.00,8.10,165.00,0.40,9,273.00,0.70,267,87.00,9.70,224.00
"2025-04-03 06:00:00",0.60,51.00,9.00,0.16,9,273.00,0.10,557,101.00,14.70,269.00,-0.60,9,273.00,0.90,257,90.00,8.70,193.00,-0.10,9,273.00,0.80,242,76.00,9.80,229.00
"2025-04-03 06:15:00",0.70,55.00,9.00,0.17,9,276.00,0.12,446,96.00,12.70,251.00,-0.70,9,276.00,1.00,215,89.00,7.40,167.00,-0.20,9,276.00,0.80,236,72.00,10.00,238.00
"2025-04-03 06:30:00",0.50,23.00,9.00,0.10,9,273.00,0.15,502,110.00,13.10,264.00,-0.50,9,273.00,1.10,302,96.00,9.30,205.00,0.10,9,273.00,0.70,299,79.00,11.40,254.00
"2025-04-03 06:45:00",0.60,11.00,9.00,0.04,9,273.00,0.18,431,127.00,10.80,243.00,-0.50,9,273.00,1.00,244,102.00,7.70,171.00,0.30,9,273.00,0.60,302,90.00,10.80,235.00
"2025-04-03 07:00:00",0.00,138.00,9.00,0.04,9,274.00,0.17,383,113.00,10.40,239.00,0.00,9,274.00,0.90,220,92.00,7.40,166.00,0.00,9,274.00,0.70,273,87.00,10.00,229.00
"2025-04-03 07:15:00",0.40,332.00,9.00,0.03,9,275.00,0.13,431,109.00,11.50,240.00,-0.20,9,275.00,0.90,181,88.00,6.10,111.00,0.30,9,275.00,0.60,232,76.00,9.40,205.00
"2025-04-03 07:30:00",0.20,55.00,9.00,0.05,9,274.00,0.17,367,106.00,10.50,244.00,-0.20,9,274.00,0.80,198,90.00,6.60,127.00,-0.10,9,274.00,0.70,246,71.00,10.60,245.00
"2025-04-03 07:45:00",0.10,216.00,9.00,0.06,9,274.00,0.17,403,106.00,11.30,255.00,0.10,9,274.00,0.90,212,94.00,6.90,144.00,0.00,9,274.00,0.70,261,74.00,10.70,241.00
"2025-04-03 08:00:00",0.20,272.00,9.00,0.08,9,274.00,0.18,395,116.00,10.30,234.00,0.10,9,274.00,0.80,221,103.00,6.40,111.00,0.10,9,274.00,0.70,258,79.00,10.30,235.00
"2025-04-03 08:15:00",0.00,233.00,9.00,0.05,9,276.00,0.18,385,130.00,9.50,218.00,0.00,9,276.00,0.80,212,110.00,5.60,74.00,0.00,9,276.00,0.70,261,88.00,9.40,209.00
"2025-04-03 08:30:00",0.50,217.00,9.00,0.09,9,275.00,0.22,377,114.00,10.00,235.00,0.50,9,275.00,1.20,243,105.00,7.10,146.00,0.00,9,275.00,0.90,250,76.00,10.20,245.00
"2025-04-03 08:45:00",0.20,285.00,9.00,0.06,9,274.00,0.20,370,121.00,9.60,226.00,0.10,9,274.00,1.10,217,101.00,6.40,123.00,0.20,9,274.00,0.80,286,74.00,11.50,254.00
"2025-04-03 09:00:00",0.60,43.00,9.00,0.06,9,273.00,0.17,369,115.00,10.00,224.00,-0.60,9,273.00,1.10,227,99.00,6.90,134.00,-0.10,9,273.00,0.70,283,81.00,10.80,247.00
"2025-04-03 09:15:00",0.30,251.00,9.00,0.07,9,276.00,0.25,397,125.00,9.90,220.00,0.30,9,276.00,1.00,265,110.00,7.70,167.00,0.20,9,276.00,1.00,334,91.00,11.20,234.00
"2025-04-03 09:30:00",0.20,103.00,9.00,0.08,9,274.00,0.23,481,142.00,10.70,241.00,-0.10,9,274.00,0.90,387,119.00,9.80,214.00,-0.10,9,274.00,0.70,388,108.00,11.70,243.00
"2025-04-03 09:45:00",1.00,45.00,9.00,-0.08,9,274.00,0.27,453,123.00,10.90,241.00,-1.00,9,274.00,1.40,435,111.00,10.90,233.00,-0.10,9,274.00,1.20,430,95.00,12.90,259.00
"2025-04-03 10:00:00",0.70,73.00,9.00,0.10,2,274.00,0.37,438,119.00,10.90,249.00,-0.60,2,274.00,1.40,337,106.00,9.40,208.00,-0.40,2,274.00,0.90,318,77.00,11.90,252.00
"2025-04-03 10:15:00",0.80,62.00,9.00,-0.05,2,276.00,0.22,336,122.00,8.50,195.00,-0.70,2,276.00,0.90,252,101.00,7.50,153.00,-0.30,2,276.00,1.00,277,81.00,10.30,222.00
"2025-04-03 10:30:00",0.50,36.00,9.00,-0.06,2,275.00,0.23,325,117.00,8.60,210.00,-0.50,2,275.00,1.10,219,97.00,6.80,147.00,0.00,2,275.00,0.90,278,75.00,11.00,250.00
"2025-04-03 10:45:00",0.30,80.00,9.00,0.01,2,275.00,0.21,272,99.00,8.50,205.00,-0.20,2,275.00,0.80,163,82.00,5.60,80.00,-0.20,2,275.00,0.80,215,65.00,10.20,238.00
"2025-04-03 11:00:00",0.80,70.00,9.00,0.08,2,276.00,0.28,290,124.00,7.30,152.00,-0.60,2,276.00,1.60,204,101.00,5.60,71.00,-0.40,2,276.00,1.20,242,88.00,8.80,200.00
"2025-04-03 11:15:00",0.30,102.00,9.00,0.05,2,278.00,0.21,234,95.00,7.50,165.00,-0.10,2,278.00,1.30,161,75.00,5.90,95.00,-0.20,2,278.00,0.80,168,57.00,9.20,219.00
"2025-04-03 11:30:00",0.20,80.00,9.00,0.02,9,276.00,0.25,259,97.00,8.20,192.00,-0.20,9,276.00,1.70,185,88.00,6.00,99.00,-0.20,9,276.00,0.80,216,62.00,10.50,250.00
"2025-04-03 11:45:00",0.40,159.00,9.00,-0.01,2,276.00,0.23,251,100.00,7.80,193.00,0.20,2,276.00,1.80,185,97.00,5.10,55.00,-0.40,2,276.00,0.90,195,62.00,9.70,228.00
"2025-04-03 12:00:00",0.20,209.00,9.00,0.02,2,276.00,0.25,243,94.00,8.00,180.00,0.20,2,276.00,1.90,198,86.00,6.50,101.00,0.00,2,276.00,1.00,190,56.00,10.30,252.00
"2025-04-03 12:15:00",1.00,62.00,9.00,0.17,2,278.00,0.42,368,152.00,8.20,182.00,-1.00,2,278.00,1.80,296,128.00,6.90,114.00,-0.40,2,278.00,1.30,288,102.00,9.60,218.00
"2025-04-03 12:30:00",1.10,48.00,9.00,-0.03,2,277.00,0.43,289,93.00,9.50,235.00,-1.10,2,277.00,2.30,246,85.00,8.30,183.00,-0.20,2,277.00,1.70,220,66.00,10.10,234.00
"2025-04-03 12:45:00",1.10,67.00,9.00,0.06,2,276.00,0.30,258,89.00,8.80,212.00,-0.90,2,276.00,1.50,199,79.00,7.30,150.00,-0.50,2,276.00,1.10,204,59.00,10.50,245.00
"2025-04-03 13:00:00",1.30,87.00,9.00,0.11,2,276.00,0.38,269,99.00,8.40,213.00,-0.90,2,276.00,1.70,232,96.00,7.00,134.00,-1.00,2,276.00,1.30,217,64.00,10.20,243.00
"2025-04-03 13:15:00",0.90,86.00,9.00,-0.04,2,279.00,0.24,220,90.00,7.40,154.00,-0.60,2,279.00,1.60,156,84.00,5.20,64.00,-0.60,2,279.00,1.20,184,60.00,9.20,216.00
"2025-04-03 13:30:00",0.80,84.00,9.00,0.01,2,277.00,0.29,283,123.00,7.70,177.00,-0.50,2,277.00,1.20,211,98.00,6.50,117.00,-0.60,2,277.00,1.10,239,83.00,9.90,224.00
"2025-04-03 13:45:00",0.70,84.00,9.00,0.04,2,276.00,0.27,281,114.00,7.80,171.00,-0.50,2,276.00,1.10,196,93.00,6.20,105.00,-0.50,2,276.00,1.10,228,74.00,9.60,222.00
"2025-04-03 14:00:00",0.50,108.00,9.00,0.09,2,277.00,0.42,241,86.00,8.60,211.00,-0.20,2,277.00,1.70,204,80.00,7.40,156.00,-0.40,2,277.00,1.20,204,57.00,10.50,242.00
"2025-04-03 14:15:00",0.80,59.00,9.00,-0.02,2,278.00,0.32,237,86.00,8.30,191.00,-0.70,2,278.00,1.50,190,83.00,6.60,131.00,-0.30,2,278.00,1.20,183,55.00,9.80,227.00
"2025-04-03 14:30:00",0.80,56.00,9.00,-0.05,2,277.00,0.25,228,85.00,8.30,204.00,-0.70,2,277.00,1.40,176,83.00,6.10,106.00,-0.20,2,277.00,1.00,175,56.00,9.70,234.00
"2025-04-03 14:45:00",0.30,116.00,9.00,0.02,9,277.00,0.27,230,83.00,8.50,214.00,-0.10,9,277.00,1.50,185,83.00,6.40,122.00,-0.30,9,277.00,0.90,187,57.00,10.30,242.00
"2025-04-03 15:00:00",1.10,14.00,9.00,0.24,2,276.00,0.53,376,130.00,9.60,231.00,-1.00,2,276.00,2.70,335,120.00,9.00,207.00,0.40,2,276.00,2.10,292,97.00,10.30,237.00
"2025-04-03 15:15:00",2.30,29.00,9.00,-0.08,2,279.00,0.42,301,89.00,10.00,233.00,-2.20,2,279.00,2.20,283,95.00,8.70,193.00,0.40,2,279.00,1.50,239,60.00,11.30,241.00
"2025-04-03 15:30:00",1.60,13.00,9.00,0.03,2,276.00,0.45,298,85.00,10.50,252.00,-1.40,2,276.00,2.20,291,85.00,9.80,219.00,0.70,2,276.00,1.80,266,65.00,12.20,259.00
"2025-04-03 15:45:00",1.90,4.00,9.00,-0.04,2,277.00,0.32,323,85.00,11.30,260.00,-1.50,2,277.00,1.70,291,78.00,10.00,203.00,1.00,2,277.00,1.40,272,59.00,12.60,252.00
"2025-04-03 16:00:00",1.10,1.00,9.00,0.05,2,276.00,0.25,267,76.00,10.50,248.00,-0.80,2,276.00,1.40,200,68.00,8.40,185.00,0.60,2,276.00,1.30,200,53.00,11.20,247.00
"2025-04-03 16:15:00",2.20,290.00,9.00,0.14,2,279.00,0.48,373,135.00,9.30,213.00,0.70,2,279.00,2.70,289,107.00,8.60,185.00,2.10,2,279.00,2.80,307,111.00,9.50,222.00
"2025-04-03 16:30:00",2.80,267.00,9.00,0.17,2,276.00,0.49,381,95.00,11.60,259.00,1.80,2,276.00,2.90,267,83.00,9.60,236.00,2.10,2,276.00,2.70,296,78.00,11.30,264.00
"2025-04-03 16:45:00",1.60,255.00,9.00,0.12,2,277.00,0.35,318,94.00,10.40,250.00,1.30,2,277.00,2.60,212,79.00,8.10,197.00,1.00,2,277.00,1.80,236,67.00,10.60,260.00
"2025-04-03 17:00:00",1.80,271.00,9.00,0.02,2,276.00,0.25,306,88.00,10.60,252.00,1.10,2,276.00,2.20,210,80.00,7.80,181.00,1.40,2,276.00,2.50,223,65.00,10.50,252.00
"2025-04-03 17:15:00",0.80,239.00,9.00,0.09,9,279.00,0.27,291,86.00,10.10,234.00,0.80,9,279.00,1.60,171,78.00,6.50,132.00,0.30,9,279.00,1.10,209,62.00,10.10,241.00
"2025-04-03 17:30:00",0.50,245.00,9.00,0.08,9,276.00,0.24,319,106.00,9.90,239.00,0.40,9,276.00,1.60,180,89.00,6.10,129.00,0.20,9,276.00,0.90,221,79.00,9.50,225.00
"2025-04-03 17:45:00",0.40,250.00,9.00,0.08,2,276.00,0.24,346,121.00,9.30,219.00,0.30,2,276.00,1.30,192,97.00,5.90,101.00,0.20,2,276.00,1.00,242,88.00,9.20,222.00
"2025-04-03 18:00:00",0.60,228.00,9.00,0.10,9,276.00,0.20,314,91.00,10.60,254.00,0.60,9,276.00,1.40,176,80.00,6.70,151.00,0.10,9,276.00,0.80,205,63.00,10.00,246.00
"2025-04-03 18:15:00",0.90,252.00,9.00,0.07,9,277.00,0.20,334,96.00,10.40,238.00,0.80,9,277.00,1.40,179,82.00,6.60,126.00,0.50,9,277.00,1.00,218,68.00,9.80,233.00
"2025-04-03 18:30:00",1.40,252.00,9.00,0.05,9,276.00,0.24,362,108.00,10.30,243.00,1.20,9,276.00,1.60,213,87.00,7.40,159.00,0.80,9,276.00,1.30,231,77.00,9.60,231.00
"2025-04-03 18:45:00",2.10,240.00,9.00,0.10,9,276.00,0.23,378,102.00,11.00,256.00,2.00,9,276.00,2.10,221,87.00,7.70,183.00,0.80,9,276.00,1.40,242,74.00,10.10,256.00
"2025-04-03 19:00:00",2.30,252.00,9.00,0.00,9,276.00,0.26,416,129.00,10.40,243.00,1.90,9,276.00,2.10,261,101.00,8.00,187.00,1.30,9,276.00,1.40,284,96.00,9.80,237.00
"2025-04-03 19:15:00",3.40,254.00,9.00,0.04,9,277.00,0.31,392,104.00,11.00,243.00,2.80,2,277.00,2.20,297,90.00,9.70,229.00,2.00,9,277.00,1.60,290,79.00,10.80,248.00
"2025-04-03 19:30:00",2.10,257.00,9.00,0.02,9,274.00,0.31,375,97.00,11.40,264.00,1.60,9,274.00,2.00,255,80.00,9.60,224.00,1.30,9,274.00,1.60,257,72.00,10.80,260.00
"2025-04-03 19:45:00",2.00,264.00,9.00,-0.06,9,274.00,0.34,398,106.00,11.30,263.00,1.40,9,274.00,2.10,324,92.00,10.30,248.00,1.40,9,274.00,1.60,261,75.00,10.50,251.00
"2025-04-03 20:00:00",2.60,271.00,9.00,-0.32,9,274.00,0.50,404,108.00,11.20,262.00,1.60,9,274.00,2.10,390,91.00,12.00,262.00,2.10,9,274.00,1.50,327,74.00,12.50,270.00
"2025-04-03 20:15:00",3.00,272.00,9.00,-0.31,9,276.00,0.48,427,124.00,10.60,235.00,1.70,9,276.00,2.00,366,102.00,10.50,228.00,2.40,9,276.00,1.90,299,92.00,10.30,237.00
"2025-04-03 20:30:00",3.30,261.00,9.00,-0.16,9,274.00,0.37,382,103.00,11.10,258.00,2.40,2,274.00,2.20,310,87.00,10.40,249.00,2.30,9,274.00,1.70,279,75.00,11.10,262.00
"2025-04-03 20:45:00",4.00,261.00,9.00,-0.20,9,274.00,0.47,396,100.00,11.70,267.00,2.90,2,274.00,1.90,335,88.00,10.50,243.00,2.70,2,274.00,1.90,310,78.00,11.40,265.00
"2025-04-03 21:00:00",4.90,270.00,9.00,-0.34,9,274.00,0.45,494,109.00,12.60,268.00,3.00,2,274.00,1.80,439,96.00,12.30,264.00,3.80,2,274.00,1.90,378,86.00,12.30,272.00
"2025-04-03 21:15:00",3.60,269.00,9.00,-0.06,9,276.00,0.39,353,93.00,10.90,242.00,2.20,9,276.00,2.20,319,88.00,10.00,223.00,2.80,2,276.00,2.50,261,71.00,10.50,242.00
"2025-04-03 21:30:00",4.30,258.00,9.00,-0.14,9,274.00,0.40,403,103.00,11.50,258.00,3.30,2,274.00,2.40,342,97.00,10.10,246.00,2.70,2,274.00,1.80,292,76.00,11.20,261.00
"2025-04-03 21:45:00",4.40,264.00,9.00,-0.33,9,274.00,0.60,430,131.00,10.40,253.00,3.00,2,274.00,2.30,446,124.00,10.80,239.00,3.20,2,274.00,2.00,338,97.00,10.90,254.00
"2025-04-03 22:00:00",4.60,263.00,9.00,-0.32,9,274.00,0.61,462,122.00,11.20,262.00,3.20,2,274.00,2.40,416,122.00,9.80,227.00,3.30,2,274.00,2.40,348,85.00,11.70,266.00
"2025-04-03 22:15:00",3.70,260.00,9.00,-0.16,9,276.00,0.44,401,112.00,10.60,244.00,2.80,2,276.00,2.30,351,116.00,8.90,207.00,2.50,2,276.00,2.00,295,79.00,10.70,245.00
"2025-04-03 22:30:00",2.80,265.00,9.00,-0.14,9,273.00,0.29,396,106.00,11.10,253.00,1.90,9,273.00,1.80,326,108.00,9.10,210.00,2.10,9,273.00,1.60,279,74.00,11.30,268.00
"2025-04-03 22:45:00",3.30,264.00,9.00,-0.23,9,274.00,0.47,470,116.00,11.70,266.00,2.30,2,274.00,2.30,436,113.00,11.00,242.00,2.40,2,274.00,2.10,384,84.00,12.60,270.00
"2025-04-03 23:00:00",3.40,263.00,9.00,-0.20,9,274.00,0.56,519,137.00,11.40,251.00,2.40,2,274.00,2.50,476,130.00,10.80,240.00,2.40,2,274.00,2.60,411,106.00,11.80,257.00
"2025-04-03 23:15:00",2.10,278.00,9.00,-0.02,9,276.00,0.44,390,112.00,10.10,240.00,1.10,9,276.00,2.40,328,113.00,8.20,175.00,1.80,9,276.00,2.00,319,82.00,10.80,240.00
"2025-04-03 23:30:00",2.10,264.00,9.00,0.09,9,274.00,0.26,512,121.00,12.10,260.00,1.50,9,274.00,1.60,364,115.00,9.00,201.00,1.50,9,274.00,2.00,363,87.00,11.90,270.00
"2025-04-03 23:45:00",1.00,217.00,9.00,0.10,9,274.00,0.30,577,135.00,12.10,268.00,1.00,9,274.00,1.60,532,136.00,10.80,225.00,0.00,9,274.00,1.10,412,90.00,12.70,267.00
"2025-04-04 00:00:00",0.40,312.00,9.00,0.03,9,274.00,0.19,421,108.00,11.50,267.00,0.00,9,274.00,0.90,303,108.00,8.60,216.00,0.40,9,274.00,0.80,256,75.00,10.30,240.00
"2025-04-04 00:15:00",0.30,341.00,9.00,0.01,9,276.00,0.18,435,124.00,10.90,236.00,-0.10,9,276.00,1.80,279,103.00,8.10,185.00,0.20,9,276.00,0.80,277,90.00,9.70,223.00
"2025-04-04 00:30:00",0.20,300.00,9.00,0.03,9,274.00,0.19,463,120.00,11.30,256.00,0.00,9,274.00,1.00,310,102.00,9.10,206.00,0.20,9,274.00,0.70,330,83.00,11.60,260.00
"2025-04-04 00:45:00",0.10,258.00,9.00,0.01,9,275.00,0.14,462,102.00,12.80,269.00,0.00,9,275.00,0.70,203,89.00,6.90,141.00,0.00,9,275.00,0.70,226,72.00,9.50,236.00
"2025-04-04 01:00:00",0.30,95.00,9.00,0.09,9,273.00,0.16,386,106.00,11.00,253.00,-0.20,9,273.00,0.90,188,93.00,6.00,97.00,-0.30,9,273.00,0.70,237,76.00,9.60,228.00
"2025-04-04 01:15:00",0.50,106.00,9.00,0.05,9,276.00,0.15,475,107.00,12.30,252.00,-0.20,9,276.00,0.90,202,92.00,6.40,122.00,-0.40,9,276.00,1.10,220,78.00,8.80,212.00
"2025-04-04 01:30:00",0.60,92.00,9.00,0.08,9,274.00,0.17,410,109.00,11.20,261.00,-0.30,9,274.00,0.70,214,96.00,6.60,130.00,-0.40,9,274.00,0.90,245,79.00,9.60,237.00
"2025-04-04 01:45:00",0.20,54.00,9.00,0.04,9,273.00,0.17,486,156.00,10.80,241.00,-0.20,9,273.00,2.00,260,127.00,5.90,97.00,0.00,9,273.00,0.80,313,120.00,9.10,217.00
"2025-04-04 02:00:00",1.20,121.00,9.00,0.03,9,274.00,0.20,501,112.00,12.40,267.00,-0.20,9,274.00,0.90,313,94.00,9.50,217.00,-1.20,9,274.00,1.30,388,82.00,12.70,270.00
"2025-04-04 02:15:00",0.20,134.00,9.00,0.03,9,275.00,0.18,418,108.00,11.20,241.00,0.00,9,275.00,0.80,192,90.00,6.40,125.00,-0.20,9,275.00,0.80,237,73.00,9.80,234.00
"2025-04-04 02:30:00",0.20,97.00,9.00,0.05,9,274.00,0.17,410,104.00,11.60,265.00,-0.10,9,274.00,0.90,195,88.00,6.70,137.00,-0.20,9,274.00,0.70,248,72.00,10.60,261.00
"2025-04-04 02:45:00",0.10,52.00,9.00,0.03,9,273.00,0.15,429,103.00,12.00,266.00,-0.10,9,273.00,0.90,178,88.00,5.90,99.00,0.00,9,273.00,0.60,253,72.00,10.70,246.00
"2025-04-04 03:00:00",1.40,220.00,9.00,0.01,2,274.00,0.15,492,162.00,10.30,223.00,1.40,2,274.00,4.30,257,128.00,5.70,87.00,0.10,2,274.00,0.80,311,120.00,8.90,204.00
"2025-04-04 03:15:00",0.30,111.00,9.00,0.04,9,275.00,0.19,370,100.00,10.70,245.00,-0.10,9,275.00,0.80,178,86.00,6.10,117.00,-0.30,9,275.00,0.80,229,71.00,9.90,235.00
"2025-04-04 03:30:00",0.40,96.00,9.00,0.06,9,274.00,0.17,419,108.00,11.50,259.00,-0.20,9,274.00,0.80,236,94.00,7.70,184.00,-0.40,9,274.00,0.60,266,76.00,10.60,242.00
"2025-04-04 03:45:00",0.60,63.00,9.00,0.08,9,273.00,0.17,406,104.00,11.40,260.00,-0.50,9,273.00,0.80,208,92.00,6.80,130.00,-0.20,9,273.00,0.70,249,73.00,10.50,255.00
"2025-04-04 04:00:00",0.50,59.00,9.00,0.08,9,274.00,0.13,470,106.00,12.70,272.00,-0.50,9,274.00,0.60,208,100.00,6.20,115.00,-0.20,9,274.00,0.70,216,74.00,9.20,230.00
"2025-04-04 04:15:00",0.80,80.00,9.00,0.14,9,275.00,0.14,473,140.00,11.20,220.00,-0.60,9,275.00,2.50,234,105.00,6.60,143.00,-0.50,9,275.00,1.00,247,101.00,8.20,187.00
"2025-04-04 04:30:00",0.20,355.00,9.00,-0.02,9,274.00,0.18,455,112.00,12.00,272.00,-0.10,9,274.00,0.70,225,111.00,6.00,110.00,0.10,9,274.00,0.60,230,78.00,9.10,222.00
"2025-04-04 04:45:00",0.40,16.00,9.00,0.04,9,273.00,0.15,404,110.00,11.10,258.00,-0.40,9,273.00,0.70,206,102.00,5.90,107.00,0.20,9,273.00,0.70,239,75.00,9.90,247.00
"2025-04-04 05:00:00",0.30,228.00,9.00,0.02,9,273.00,0.18,389,108.00,10.80,251.00,0.30,9,273.00,0.70,220,95.00,7.00,165.00,0.10,9,273.00,0.70,242,77.00,9.70,237.00
"2025-04-04 05:15:00",0.40,114.00,9.00,0.04,9,276.00,0.17,404,104.00,11.20,245.00,-0.10,9,276.00,0.70,205,89.00,7.00,145.00,-0.40,9,276.00,1.00,221,73.00,9.20,222.00
"2025-04-04 05:30:00",0.30,131.00,9.00,0.02,9,273.00,0.20,380,106.00,10.80,247.00,0.00,9,273.00,0.90,215,91.00,7.20,143.00,-0.30,9,273.00,1.20,239,80.00,9.40,225.00
"2025-04-04 05:45:00",2.60,134.00,9.00,0.11,9,274.00,0.22,503,159.00,10.20,220.00,0.30,9,274.00,2.20,392,129.00,8.80,167.00,-2.60,9,274.00,2.30,407,139.00,9.40,198.00
"2025-04-04 06:00:00",2.20,138.00,9.00,0.11,9,273.00,0.22,415,117.00,10.60,244.00,0.40,9,273.00,1.10,301,97.00,9.00,193.00,-2.10,9,273.00,2.00,301,90.00,10.00,234.00
"2025-04-04 06:15:00",0.90,128.00,9.00,0.08,9,275.00,0.20,380,119.00,9.70,217.00,0.00,9,275.00,0.90,230,96.00,7.00,131.00,-0.90,9,275.00,1.80,238,84.00,8.70,200.00
"2025-04-04 06:30:00",3.10,123.00,9.00,0.20,9,274.00,0.28,442,122.00,10.90,255.00,-0.30,9,274.00,1.20,327,107.00,9.00,200.00,-3.10,9,274.00,2.20,346,98.00,10.50,247.00
"2025-04-04 06:45:00",2.40,128.00,9.00,0.12,9,273.00,0.27,395,118.00,10.10,247.00,0.00,9,273.00,1.30,268,109.00,7.00,126.00,-2.40,9,273.00,2.70,279,89.00,9.40,227.00
"2025-04-04 07:00:00",3.30,132.00,9.00,0.15,9,274.00,0.29,489,153.00,10.10,224.00,0.20,9,274.00,1.60,400,129.00,9.20,194.00,-3.30,2,274.00,1.80,444,125.00,10.80,218.00
"2025-04-04 07:15:00",3.10,128.00,9.00,0.16,9,275.00,0.24,469,122.00,10.90,234.00,0.00,9,275.00,1.00,494,107.00,12.20,249.00,-3.10,2,275.00,1.10,432,93.00,12.50,250.00
"2025-04-04 07:30:00",3.80,131.00,9.00,0.09,9,273.00,0.27,764,137.00,14.30,266.00,0.20,9,273.00,1.00,790,120.00,15.20,269.00,-3.80,2,273.00,1.20,754,117.00,15.40,272.00
"2025-04-04 07:45:00",2.10,138.00,9.00,-0.02,9,274.00,0.29,465,117.00,11.20,248.00,0.30,9,274.00,1.10,359,97.00,9.80,206.00,-2.00,9,274.00,2.10,412,95.00,11.70,251.00
"2025-04-04 08:00:00",2.30,116.00,9.00,0.01,9,273.00,0.24,353,122.00,9.00,215.00,-0.50,9,273.00,1.10,289,118.00,7.40,159.00,-2.20,2,273.00,2.30,270,92.00,9.20,235.00
"2025-04-04 08:15:00",3.30,141.00,9.00,-0.05,9,277.00,0.48,505,150.00,10.20,226.00,0.70,9,277.00,1.90,511,141.00,10.40,216.00,-3.20,2,277.00,2.90,464,122.00,11.20,239.00
"2025-04-04 08:30:00",2.90,131.00,9.00,-0.03,9,274.00,0.46,416,133.00,9.60,223.00,0.20,9,274.00,2.20,442,133.00,9.60,210.00,-2.90,2,274.00,3.00,354,99.00,10.70,247.00
"2025-04-04 08:45:00",3.40,126.00,9.00,0.09,9,274.00,0.53,543,138.00,11.30,245.00,-0.10,9,274.00,2.30,643,145.00,12.00,253.00,-3.40,2,274.00,3.00,464,109.00,12.00,265.00
"2025-04-04 09:00:00",3.40,131.00,9.00,0.02,9,274.00,0.55,498,136.00,10.80,247.00,0.10,9,274.00,2.40,492,118.00,11.20,234.00,-3.40,2,274.00,3.30,443,111.00,11.50,254.00
"2025-04-04 09:15:00",2.90,120.00,9.00,-0.04,9,276.00,0.29,361,124.00,9.00,196.00,-0.40,9,276.00,1.90,293,103.00,8.50,179.00,-2.90,2,276.00,3.00,292,101.00,9.10,220.00
"2025-04-04 09:30:00",1.60,129.00,9.00,0.04,9,274.00,0.33,323,117.00,8.60,202.00,0.00,9,274.00,1.60,241,96.00,7.80,172.00,-1.60,9,274.00,2.00,268,87.00,9.60,229.00
"2025-04-04 09:45:00",1.70,147.00,9.00,0.27,9,274.00,0.60,396,142.00,8.90,199.00,0.60,9,274.00,2.80,293,107.00,8.30,179.00,-1.60,9,274.00,2.50,338,106.00,10.30,228.00
"2025-04-04 10:00:00",1.90,140.00,9.00,0.52,2,276.00,0.69,401,121.00,10.10,245.00,0.40,2,276.00,2.80,277,93.00,8.90,203.00,-1.80,2,276.00,1.90,337,84.00,11.70,255.00
"2025-04-04 10:15:00",1.30,126.00,9.00,0.03,2,278.00,0.40,332,114.00,8.80,195.00,0.00,2,278.00,2.20,242,85.00,8.40,187.00,-1.30,2,278.00,2.20,257,77.00,10.00,224.00
"2025-04-04 10:30:00",1.40,126.00,9.00,0.39,2,276.00,0.76,363,128.00,8.70,212.00,0.00,2,276.00,2.80,290,96.00,9.00,207.00,-1.40,2,276.00,2.60,300,84.00,10.50,246.00
"2025-04-04 10:45:00",1.90,155.00,9.00,0.53,2,276.00,0.71,368,125.00,9.10,216.00,0.90,2,276.00,3.10,313,98.00,9.50,229.00,-1.70,2,276.00,2.20,300,79.00,11.20,250.00
"2025-04-04 11:00:00",2.50,102.00,9.00,0.66,2,277.00,0.82,400,131.00,9.30,228.00,-1.10,2,277.00,2.50,271,97.00,8.40,182.00,-2.30,2,277.00,2.60,348,90.00,11.30,255.00
"2025-04-04 11:15:00",2.50,162.00,9.00,0.47,2,279.00,0.83,362,129.00,8.60,208.00,1.40,2,279.00,3.00,301,107.00,8.30,188.00,-2.00,2,279.00,2.80,302,91.00,9.90,234.00
"2025-04-04 11:30:00",2.10,100.00,9.00,0.49,2,276.00,0.73,377,129.00,8.90,221.00,-1.00,2,276.00,2.40,296,101.00,8.60,207.00,-1.80,2,276.00,2.30,306,88.00,10.60,254.00
