"2025-04-01 00:00:00",0.30,161.00,9.00,0.02,9,274.00,0.21,1952,287.00,16.50,274.00,0.20,9,274.00,0.70,1696,222.00,17.30,272.00,-0.30,9,274.00,0.70,1840,239.00,17.60,273.00
"2025-04-01 00:15:00",0.30,224.00,9.00,0.03,9,277.00,0.18,2224,281.00,17.10,254.00,0.30,9,277.00,0.60,1713,230.00,16.40,253.00,0.00,9,277.00,0.70,1757,241.00,16.40,255.00
"2025-04-01 00:30:00",0.50,269.00,9.00,-0.03,9,274.00,0.15,2384,250.00,19.40,273.00,0.30,9,274.00,0.40,1766,210.00,18.30,274.00,0.40,9,274.00,0.60,1989,234.00,18.50,274.00
"2025-04-01 00:45:00",0.70,254.00,9.00,-0.06,9,274.00,0.17,2279,264.00,18.30,273.00,0.60,9,274.00,0.40,1948,212.00,19.00,272.00,0.40,9,274.00,0.80,1668,231.00,17.00,273.00
"2025-04-01 01:00:00",0.30,247.00,9.00,-0.01,9,275.00,0.13,2325,247.00,19.10,273.00,0.30,9,275.00,0.40,1951,208.00,19.10,273.00,0.10,9,275.00,0.60,1655,213.00,17.50,270.00
"2025-04-01 01:15:00",0.20,297.00,9.00,-0.02,9,276.00,0.14,1747,247.00,16.00,253.00,0.00,9,276.00,0.40,1660,208.00,16.90,255.00,0.20,9,276.00,0.50,1502,186.00,17.00,254.00
"2025-04-01 01:30:00",0.40,50.00,9.00,0.04,9,274.00,0.17,1750,252.00,16.60,271.00,-0.40,9,274.00,0.70,1274,222.00,14.80,269.00,-0.10,9,274.00,0.60,1646,197.00,18.30,271.00
"2025-04-01 01:45:00",0.50,59.00,9.00,0.05,9,275.00,0.16,1785,247.00,16.90,275.00,-0.50,9,275.00,0.70,1271,212.00,15.30,272.00,-0.20,9,275.00,0.60,1608,188.00,18.20,274.00
"2025-04-01 02:00:00",0.70,108.00,9.00,0.09,9,274.00,0.16,1613,241.00,16.30,273.00,-0.20,9,274.00,0.40,1461,207.00,16.80,273.00,-0.60,9,274.00,0.50,1728,178.00,19.50,274.00
"2025-04-01 02:15:00",0.20,158.00,9.00,-0.02,9,277.00,0.21,1325,246.00,13.90,257.00,0.10,9,277.00,0.50,1280,212.00,14.80,255.00,-0.20,9,277.00,0.50,1508,174.00,17.80,257.00
"2025-04-01 02:30:00",0.30,111.00,9.00,-0.02,9,274.00,0.24,1253,266.00,13.30,274.00,-0.10,9,274.00,0.40,1385,224.00,15.60,269.00,-0.30,9,274.00,0.50,1579,194.00,18.00,274.00
"2025-04-01 02:45:00",0.40,80.00,9.00,0.04,9,274.00,0.18,1499,266.00,14.80,273.00,-0.30,9,274.00,0.50,1462,226.00,16.00,273.00,-0.30,9,274.00,0.50,1537,206.00,17.20,272.00
"2025-04-01 03:00:00",0.20,31.00,9.00,0.02,9,275.00,0.22,1735,258.00,16.50,274.00,-0.20,9,275.00,0.30,1892,200.00,19.40,272.00,0.00,9,275.00,0.40,1814,190.00,19.60,274.00
"2025-04-01 03:15:00",0.50,268.00,9.00,-0.04,9,276.00,0.13,1857,241.00,16.70,254.00,0.30,9,276.00,0.30,1906,175.00,19.40,256.00,0.40,9,276.00,0.40,1864,182.00,19.10,254.00
"2025-04-01 03:30:00",0.70,238.00,9.00,-0.06,9,274.00,0.15,2181,248.00,18.40,271.00,0.70,9,274.00,0.40,1651,182.00,18.70,269.00,0.20,9,274.00,0.60,1711,198.00,18.50,272.00
"2025-04-01 03:45:00",0.30,317.00,9.00,-0.01,9,275.00,0.11,2496,238.00,20.00,275.00,0.00,9,275.00,0.70,1359,174.00,17.50,275.00,0.30,9,275.00,0.50,1542,185.00,18.10,273.00
"2025-04-01 04:00:00",0.30,27.00,9.00,0.05,9,274.00,0.12,2654,210.00,21.80,274.00,-0.30,9,274.00,0.60,1075,177.00,15.40,274.00,0.10,9,274.00,0.50,1448,166.00,18.60,274.00
"2025-04-01 04:15:00",0.10,81.00,9.00,0.07,9,277.00,0.17,2116,227.00,18.50,256.00,-0.10,9,277.00,0.80,993,188.00,13.70,251.00,-0.10,9,277.00,0.50,1601,179.00,18.10,257.00
"2025-04-01 04:30:00",0.30,156.00,9.00,0.03,9,273.00,0.14,2190,246.00,18.90,272.00,0.20,9,273.00,0.90,1441,224.00,15.60,273.00,-0.30,9,273.00,0.40,2273,205.00,20.80,272.00
"2025-04-01 04:45:00",0.90,104.00,9.00,0.09,9,273.00,0.14,2455,248.00,19.70,273.00,-0.40,9,273.00,0.30,2780,245.00,21.00,271.00,-0.80,9,273.00,0.70,1772,204.00,18.50,273.00
"2025-04-01 05:00:00",0.60,235.00,9.00,-0.06,9,274.00,0.12,2563,237.00,20.60,274.00,0.60,9,274.00,0.50,1622,201.00,17.70,272.00,0.20,9,274.00,0.60,2001,204.00,19.70,274.00
"2025-04-01 05:15:00",0.40,239.00,9.00,-0.13,9,275.00,0.14,1964,217.00,18.20,254.00,0.30,9,275.00,0.50,1422,177.00,17.20,253.00,0.10,9,275.00,0.50,1297,159.00,17.10,255.00
"2025-04-01 05:30:00",0.50,86.00,9.00,0.01,9,274.00,0.16,1897,227.00,18.30,274.00,-0.30,9,274.00,0.30,1676,194.00,18.70,273.00,-0.30,9,274.00,0.60,1781,181.00,20.10,273.00
"2025-04-01 05:45:00",0.60,282.00,9.00,-0.14,9,273.00,0.12,2226,213.00,20.00,273.00,0.20,9,273.00,0.40,1418,172.00,18.20,273.00,0.50,9,273.00,0.50,1412,152.00,18.90,273.00
"2025-04-01 06:00:00",0.40,270.00,9.00,-0.07,9,274.00,0.18,2383,228.00,20.10,274.00,0.20,9,274.00,0.40,2123,186.00,20.60,274.00,0.30,9,274.00,0.50,1487,171.00,18.60,274.00
"2025-04-01 06:15:00",0.40,292.00,9.00,-0.09,9,275.00,0.17,2154,243.00,17.60,255.00,0.10,9,275.00,0.50,1734,185.00,18.10,255.00,0.30,9,275.00,0.50,1674,155.00,19.50,255.00
"2025-04-01 06:30:00",0.30,334.00,9.00,-0.02,9,273.00,0.16,2347,237.00,19.60,273.00,-0.10,9,273.00,0.20,2466,210.00,21.20,269.00,0.30,9,273.00,0.40,1796,170.00,20.40,271.00
"2025-04-01 06:45:00",1.10,42.00,9.00,0.10,9,274.00,0.15,2015,286.00,16.90,262.00,-1.10,9,274.00,0.90,1481,230.00,15.90,270.00,-0.10,9,274.00,0.60,1886,192.00,19.70,270.00
"2025-04-01 07:00:00",0.30,279.00,9.00,-0.03,9,273.00,0.16,2143,293.00,17.70,266.00,0.10,9,273.00,0.70,1627,225.00,17.10,268.00,0.20,9,273.00,0.60,1718,202.00,18.80,267.00
"2025-04-01 07:15:00",0.30,204.00,9.00,0.02,9,276.00,0.19,1836,243.00,16.50,256.00,0.30,9,276.00,0.70,1496,199.00,16.40,252.00,-0.10,9,276.00,0.50,1544,164.00,18.20,255.00
"2025-04-01 07:30:00",0.10,201.00,9.00,0.01,9,274.00,0.19,2056,281.00,17.10,272.00,0.10,9,274.00,0.70,1629,226.00,16.80,274.00,0.00,9,274.00,0.70,1883,187.00,19.70,271.00
"2025-04-01 07:45:00",0.30,317.00,9.00,0.07,9,274.00,0.20,2074,275.00,17.30,274.00,0.00,9,274.00,0.90,1569,222.00,16.70,272.00,0.30,9,274.00,0.90,1910,219.00,18.80,270.00
"2025-04-01 08:00:00",0.10,319.00,9.00,0.04,9,274.00,0.20,2345,290.00,17.90,274.00,0.00,9,274.00,1.00,1751,247.00,16.50,272.00,0.10,9,274.00,0.80,1880,210.00,19.00,274.00
"2025-04-01 08:15:00",0.30,287.00,9.00,0.02,9,277.00,0.21,2199,315.00,16.20,255.00,0.10,9,277.00,1.00,1779,266.00,15.50,255.00,0.30,9,277.00,0.80,2070,249.00,17.40,253.00
"2025-04-01 08:30:00",0.20,127.00,9.00,-0.06,9,274.00,0.20,2361,284.00,18.20,268.00,0.00,9,274.00,1.10,1740,232.00,17.20,272.00,-0.20,9,274.00,0.90,1812,216.00,18.60,272.00
"2025-04-01 08:45:00",0.30,342.00,9.00,0.11,9,274.00,0.34,2375,325.00,17.20,273.00,-0.20,9,274.00,1.80,2176,287.00,17.20,274.00,0.20,9,274.00,1.40,2021,280.00,17.20,270.00
"2025-04-01 09:00:00",0.30,25.00,9.00,0.00,9,274.00,0.19,2063,256.00,17.80,274.00,-0.30,9,274.00,0.80,1586,211.00,17.20,272.00,0.10,9,274.00,0.70,1696,190.00,18.80,273.00
"2025-04-01 09:15:00",0.20,37.00,9.00,-0.04,9,277.00,0.19,1906,248.00,16.60,256.00,-0.20,9,277.00,0.70,1420,200.00,16.10,253.00,0.00,9,277.00,0.60,1620,184.00,17.70,256.00
"2025-04-01 09:30:00",0.70,6.00,9.00,0.05,9,273.00,0.23,2360,325.00,17.10,270.00,-0.60,9,273.00,1.00,1809,258.00,16.80,271.00,0.40,9,273.00,1.10,1983,274.00,17.40,267.00
"2025-04-01 09:45:00",0.50,20.00,9.00,0.01,9,274.00,0.26,2266,284.00,17.80,274.00,-0.50,9,274.00,1.20,1805,238.00,17.30,273.00,0.20,9,274.00,1.00,1764,223.00,17.90,269.00
"2025-04-01 10:00:00",0.80,18.00,9.00,0.02,2,274.00,0.25,2382,292.00,18.10,272.00,-0.70,2,274.00,1.30,1748,247.00,16.80,271.00,0.30,2,274.00,0.90,1730,219.00,17.90,271.00
"2025-04-01 10:15:00",0.70,324.00,9.00,0.06,2,276.00,0.22,2107,296.00,16.30,251.00,-0.20,2,276.00,1.20,1551,248.00,15.10,252.00,0.70,2,276.00,1.40,1576,259.00,15.20,251.00
"2025-04-01 10:30:00",0.40,302.00,9.00,0.00,9,275.00,0.27,2084,298.00,16.70,271.00,0.00,9,275.00,1.70,1523,256.00,15.50,270.00,0.40,9,275.00,1.00,1548,245.00,16.30,270.00
"2025-04-01 10:45:00",0.30,294.00,9.00,0.05,9,276.00,0.23,2199,310.00,17.00,270.00,0.10,9,276.00,1.50,1487,265.00,15.00,270.00,0.30,9,276.00,1.10,1671,259.00,16.50,269.00
"2025-04-01 11:00:00",0.30,295.00,9.00,0.07,9,275.00,0.26,2133,303.00,16.90,270.00,0.10,9,275.00,1.80,1552,267.00,15.30,268.00,0.30,9,275.00,1.10,1652,246.00,16.60,270.00
"2025-04-01 11:15:00",0.90,277.00,9.00,-0.03,2,278.00,0.35,2068,306.00,15.80,253.00,0.50,2,278.00,1.70,1646,258.00,15.20,253.00,0.80,2,278.00,1.30,1604,265.00,15.00,253.00
"2025-04-01 11:30:00",1.10,294.00,9.00,-0.07,2,276.00,0.32,2302,332.00,16.80,271.00,0.30,2,276.00,1.80,1797,274.00,16.30,270.00,1.00,2,276.00,1.60,1831,277.00,16.60,272.00
"2025-04-01 11:45:00",1.10,323.00,9.00,0.04,2,276.00,0.36,2371,356.00,16.80,274.00,-0.30,2,276.00,1.80,1737,280.00,16.00,271.00,1.10,2,276.00,2.10,1690,296.00,15.50,274.00
"2025-04-01 12:00:00",0.90,288.00,9.00,0.07,9,276.00,0.32,2227,309.00,17.20,271.00,0.30,9,276.00,1.70,1698,271.00,15.80,270.00,0.80,9,276.00,2.10,1615,277.00,15.60,271.00
"2025-04-01 12:15:00",0.60,295.00,9.00,0.01,2,278.00,0.27,1963,309.00,15.30,252.00,0.10,2,278.00,1.50,1375,249.00,14.10,250.00,0.60,2,278.00,1.40,1431,262.00,14.40,251.00
"2025-04-01 12:30:00",0.40,261.00,9.00,0.01,9,275.00,0.20,2106,284.00,17.40,272.00,0.30,9,275.00,1.50,1428,231.00,15.80,269.00,0.30,9,275.00,1.20,1507,225.00,16.70,270.00
"2025-04-01 12:45:00",0.20,271.00,9.00,0.04,9,276.00,0.22,1996,293.00,16.60,269.00,0.10,9,276.00,1.20,1366,237.00,15.30,270.00,0.20,9,276.00,0.80,1543,250.00,16.00,269.00
"2025-04-01 13:00:00",0.30,221.00,9.00,0.05,9,276.00,0.18,2099,262.00,17.90,270.00,0.30,9,276.00,1.20,1319,216.00,15.90,267.00,0.00,9,276.00,0.70,1595,213.00,17.50,273.00
"2025-04-01 13:15:00",0.20,286.00,9.00,0.04,9,278.00,0.23,1813,263.00,15.90,253.00,0.10,9,278.00,1.20,1271,217.00,14.80,253.00,0.20,9,278.00,0.80,1456,212.00,16.10,253.00
"2025-04-01 13:30:00",0.50,289.00,9.00,0.04,9,276.00,0.26,2122,324.00,16.50,270.00,0.20,9,276.00,2.00,1408,259.00,15.00,269.00,0.40,9,276.00,1.50,1550,279.00,15.20,269.00
"2025-04-01 13:45:00",0.10,242.00,9.00,0.05,9,275.00,0.20,1963,259.00,17.40,271.00,0.10,9,275.00,1.10,1253,201.00,16.00,270.00,0.00,9,275.00,0.70,1425,202.00,16.90,270.00
"2025-04-01 14:00:00",0.10,257.00,9.00,0.04,9,276.00,0.21,2115,276.00,17.60,272.00,0.10,9,276.00,1.40,1359,221.00,15.80,271.00,0.10,9,276.00,0.80,1649,217.00,17.70,271.00
"2025-04-01 14:15:00",0.10,346.00,9.00,0.05,9,278.00,0.22,1884,263.00,16.20,253.00,0.00,9,278.00,1.50,1318,225.00,14.60,253.00,0.00,9,278.00,0.80,1505,208.00,16.60,253.00
"2025-04-01 14:30:00",0.40,277.00,9.00,0.07,9,276.00,0.24,2074,294.00,17.00,271.00,0.20,9,276.00,1.70,1500,260.00,15.30,270.00,0.40,9,276.00,1.30,1495,245.00,15.90,271.00
"2025-04-01 14:45:00",0.60,270.00,9.00,-0.02,9,276.00,0.24,1866,291.00,16.30,269.00,0.40,9,276.00,2.50,1364,256.00,14.80,269.00,0.50,9,276.00,1.20,1365,257.00,14.90,268.00
"2025-04-01 15:00:00",1.00,293.00,9.00,0.08,2,276.00,0.37,2122,358.00,15.70,271.00,0.30,2,276.00,2.60,1531,321.00,13.80,267.00,1.00,2,276.00,2.90,1500,307.00,14.10,268.00
"2025-04-01 15:15:00",1.00,276.00,9.00,0.01,2,279.00,0.28,1959,295.00,15.80,254.00,0.50,2,279.00,1.80,1298,233.00,14.40,252.00,0.80,2,279.00,2.00,1406,256.00,14.30,254.00
"2025-04-01 15:30:00",0.80,293.00,9.00,0.00,9,276.00,0.28,1987,310.00,16.20,270.00,0.20,9,276.00,2.20,1381,267.00,14.40,270.00,0.80,9,276.00,2.30,1405,267.00,14.70,271.00
"2025-04-01 15:45:00",0.40,258.00,9.00,0.01,9,277.00,0.27,1903,273.00,16.80,272.00,0.30,9,277.00,1.40,1261,216.00,15.40,272.00,0.30,9,277.00,1.30,1409,230.00,16.00,271.00
"2025-04-01 16:00:00",0.20,243.00,9.00,0.02,9,276.00,0.19,1848,259.00,16.90,272.00,0.20,9,276.00,1.30,1195,213.00,15.20,269.00,0.10,9,276.00,0.80,1426,215.00,16.40,271.00
"2025-04-01 16:15:00",0.10,240.00,9.00,0.01,9,277.00,0.19,1657,251.00,15.60,253.00,0.10,9,277.00,0.90,1083,205.00,13.90,253.00,0.00,9,277.00,0.60,1336,206.00,15.70,250.00
"2025-04-01 16:30:00",0.20,242.00,9.00,0.02,9,276.00,0.19,1780,240.00,17.20,271.00,0.20,9,276.00,0.90,1176,202.00,15.40,271.00,0.10,9,276.00,0.70,1333,203.00,16.30,271.00
"2025-04-01 16:45:00",0.10,239.00,9.00,0.02,9,276.00,0.18,1721,229.00,17.30,273.00,0.10,9,276.00,0.90,1109,187.00,15.40,271.00,0.00,9,276.00,0.60,1424,185.00,17.60,273.00
"2025-04-01 17:00:00",0.10,273.00,9.00,0.05,9,276.00,0.18,1794,228.00,17.60,273.00,0.00,9,276.00,0.80,1114,192.00,15.40,270.00,0.10,9,276.00,0.70,1418,177.00,17.90,276.00
"2025-04-01 17:15:00",0.00,59.00,9.00,0.07,9,277.00,0.20,1623,222.00,16.30,257.00,0.00,9,277.00,0.80,1035,188.00,14.20,252.00,0.00,9,277.00,0.70,1329,192.00,16.00,255.00
"2025-04-01 17:30:00",0.10,266.00,9.00,0.05,9,276.00,0.18,1760,227.00,17.50,275.00,0.10,9,276.00,0.70,1146,175.00,16.10,274.00,0.10,9,276.00,0.60,1464,178.00,18.20,276.00
"2025-04-01 17:45:00",0.00,42.00,9.00,0.08,9,276.00,0.16,1767,234.00,17.40,272.00,0.00,9,276.00,0.80,1158,184.00,16.00,269.00,0.00,9,276.00,0.60,1579,184.00,18.60,275.00
"2025-04-01 18:00:00",0.10,319.00,9.00,0.08,9,276.00,0.18,1693,224.00,17.30,273.00,0.00,9,276.00,0.70,1181,172.00,16.60,276.00,0.10,9,276.00,0.50,1540,169.00,18.90,272.00
"2025-04-01 18:15:00",0.10,57.00,9.00,0.13,9,277.00,0.18,1561,217.00,16.10,258.00,-0.10,9,277.00,0.60,1136,161.00,16.00,256.00,0.00,9,277.00,0.50,1528,155.00,18.60,257.00
"2025-04-01 18:30:00",0.10,195.00,9.00,0.09,9,274.00,0.17,1711,254.00,16.60,266.00,0.10,9,274.00,0.70,1171,193.00,15.70,267.00,0.00,9,274.00,0.60,1500,189.00,18.00,271.00
"2025-04-01 18:45:00",0.20,258.00,9.00,0.08,9,274.00,0.18,1685,222.00,17.30,273.00,0.10,9,274.00,0.60,1247,169.00,17.10,272.00,0.10,9,274.00,0.50,1634,166.00,19.50,273.00
"2025-04-01 19:00:00",0.10,222.00,9.00,0.09,9,274.00,0.20,1679,229.00,17.00,272.00,0.10,9,274.00,0.70,1269,176.00,16.80,271.00,0.00,9,274.00,0.50,1675,163.00,19.90,271.00
"2025-04-01 19:15:00",0.10,274.00,9.00,0.07,9,276.00,0.19,1578,240.00,15.50,254.00,0.00,9,276.00,0.70,1107,176.00,15.10,254.00,0.10,9,276.00,0.60,1573,176.00,18.10,255.00
"2025-04-01 19:30:00",0.20,210.00,9.00,0.06,9,274.00,0.16,1819,237.00,17.40,271.00,0.20,9,274.00,0.80,1162,185.00,15.70,272.00,0.00,9,274.00,0.50,1658,170.00,19.50,273.00
"2025-04-01 19:45:00",0.10,250.00,9.00,0.04,9,274.00,0.17,1700,226.00,17.30,273.00,0.10,9,274.00,0.70,1249,178.00,16.60,271.00,0.10,9,274.00,0.60,1617,160.00,19.70,274.00
"2025-04-01 20:00:00",0.10,134.00,9.00,0.07,9,274.00,0.17,1715,231.00,17.10,271.00,0.00,9,274.00,0.60,1203,173.00,16.50,272.00,-0.10,9,274.00,0.50,1762,159.00,20.50,274.00
"2025-04-01 20:15:00",0.10,152.00,9.00,0.06,9,276.00,0.19,1699,227.00,16.30,256.00,0.10,9,276.00,0.60,1167,165.00,16.00,257.00,-0.10,9,276.00,0.50,1743,150.00,20.00,257.00
"2025-04-01 20:30:00",0.10,134.00,9.00,0.06,9,274.00,0.19,1690,226.00,17.20,274.00,0.00,9,274.00,0.70,1288,175.00,17.00,272.00,-0.10,9,274.00,0.60,1538,164.00,19.10,274.00
"2025-04-01 20:45:00",0.30,237.00,9.00,0.04,9,274.00,0.18,1867,283.00,16.70,264.00,0.30,9,274.00,0.70,1302,210.00,16.10,268.00,0.10,9,274.00,0.50,1856,214.00,19.50,267.00
"2025-04-01 21:00:00",0.00,290.00,9.00,0.05,9,273.00,0.16,1753,235.00,17.10,270.00,0.00,9,273.00,0.80,1202,197.00,15.50,271.00,0.00,9,273.00,0.60,1550,197.00,17.80,268.00
"2025-04-01 21:15:00",0.20,271.00,9.00,0.06,9,277.00,0.19,1647,240.00,15.70,256.00,0.10,9,277.00,0.80,1191,200.00,14.50,254.00,0.10,9,277.00,0.70,1460,200.00,16.20,251.00
"2025-04-01 21:30:00",0.60,255.00,9.00,0.04,9,274.00,0.21,1890,291.00,16.10,269.00,0.50,9,274.00,1.10,1407,247.00,15.00,270.00,0.30,9,274.00,0.80,1651,271.00,15.70,272.00
"2025-04-01 21:45:00",0.90,270.00,9.00,0.03,9,274.00,0.24,1894,285.00,16.40,269.00,0.50,9,274.00,1.20,1427,236.00,15.70,269.00,0.70,9,274.00,1.20,1660,252.00,16.40,269.00
"2025-04-01 22:00:00",0.40,286.00,9.00,0.05,9,273.00,0.20,1886,280.00,16.40,268.00,0.10,9,273.00,1.00,1390,218.00,16.00,268.00,0.40,9,273.00,0.90,1572,237.00,16.50,268.00
"2025-04-01 22:15:00",0.50,269.00,9.00,0.02,9,277.00,0.21,1813,290.00,15.50,253.00,0.30,9,277.00,1.00,1320,225.00,15.00,255.00,0.40,9,277.00,0.90,1446,223.00,15.80,256.00
"2025-04-01 22:30:00",0.30,260.00,9.00,0.03,9,273.00,0.22,1796,252.00,16.80,271.00,0.20,9,273.00,1.00,1322,191.00,16.50,268.00,0.20,9,273.00,0.60,1631,187.00,18.60,269.00
"2025-04-01 22:45:00",0.40,273.00,9.00,0.05,9,275.00,0.20,1861,260.00,16.90,272.00,0.20,9,275.00,1.10,1411,208.00,16.50,273.00,0.30,9,275.00,0.70,1621,193.00,18.30,273.00
"2025-04-01 23:00:00",0.40,277.00,9.00,0.01,9,274.00,0.21,1821,271.00,16.40,270.00,0.20,9,274.00,1.10,1296,207.00,15.70,273.00,0.40,9,274.00,0.80,1567,213.00,17.30,269.00
"2025-04-01 23:15:00",0.40,288.00,9.00,-0.04,9,276.00,0.22,1578,240.00,15.50,252.00,0.10,9,276.00,0.90,1184,191.00,15.00,253.00,0.40,9,276.00,0.70,1442,170.00,17.50,255.00
"2025-04-01 23:30:00",0.30,258.00,9.00,-0.01,9,273.00,0.19,1791,297.00,15.80,267.00,0.30,9,273.00,1.10,1309,218.00,15.50,265.00,0.20,9,273.00,0.70,1600,219.00,17.40,271.00
"2025-04-01 23:45:00",0.50,279.00,9.00,-0.04,9,274.00,0.20,1712,234.00,17.00,272.00,0.20,9,274.00,0.80,1228,180.00,16.40,271.00,0.40,9,274.00,0.70,1412,173.00,18.00,273.00
"2025-04-02 00:00:00",0.10,292.00,9.00,0.02,9,274.00,0.17,1815,281.00,16.40,272.00,0.00,9,274.00,0.70,1221,192.00,16.00,272.00,0.10,9,274.00,0.70,1371,196.00,17.10,271.00
"2025-04-02 00:15:00",0.30,286.00,9.00,0.00,9,277.00,0.17,1728,226.00,16.60,253.00,0.10,9,277.00,0.80,1139,179.00,15.20,254.00,0.30,9,277.00,0.70,1422,174.00,17.30,256.00
"2025-04-02 00:30:00",0.20,280.00,9.00,0.01,9,274.00,0.18,1783,234.00,17.40,274.00,0.10,9,274.00,0.70,1220,173.00,16.70,273.00,0.20,9,274.00,0.60,1525,176.00,18.50,272.00
"2025-04-02 00:45:00",0.20,262.00,9.00,0.01,9,274.00,0.17,1874,270.00,16.80,274.00,0.20,9,274.00,0.70,1228,193.00,15.90,268.00,0.20,9,274.00,0.70,1629,200.00,18.20,269.00
"2025-04-02 01:00:00",0.20,288.00,9.00,-0.01,9,275.00,0.17,1810,237.00,17.30,275.00,0.10,9,275.00,0.70,1194,177.00,16.30,272.00,0.20,9,275.00,0.50,1688,175.00,19.40,274.00
"2025-04-02 01:15:00",0.50,3.00,9.00,-0.01,9,276.00,0.21,1891,471.00,12.60,218.00,-0.40,9,276.00,3.50,1413,443.00,11.00,184.00,0.30,9,276.00,0.70,1587,493.00,11.30,196.00
"2025-04-02 01:30:00",0.40,301.00,9.00,0.00,9,274.00,0.21,2180,398.00,14.80,265.00,0.10,9,274.00,0.90,1633,367.00,13.30,250.00,0.40,9,274.00,1.20,1724,399.00,13.50,245.00
"2025-04-02 01:45:00",0.70,268.00,9.00,-0.05,9,274.00,0.27,1924,450.00,12.90,251.00,0.50,9,274.00,1.40,1688,452.00,11.70,234.00,0.60,9,274.00,0.90,1780,458.00,12.50,231.00
"2025-04-02 02:00:00",0.50,228.00,9.00,0.00,9,274.00,0.22,1977,303.00,16.30,270.00,0.50,9,274.00,1.10,1497,257.00,15.30,269.00,0.10,9,274.00,0.70,1826,262.00,17.20,267.00
"2025-04-02 02:15:00",0.80,246.00,9.00,-0.03,9,277.00,0.22,1971,286.00,15.90,252.00,0.70,9,277.00,1.40,1470,259.00,14.40,252.00,0.40,9,277.00,0.90,1772,238.00,16.60,252.00
"2025-04-02 02:30:00",0.60,252.00,9.00,0.00,9,274.00,0.22,2215,309.00,16.90,269.00,0.50,9,274.00,1.30,1710,285.00,15.60,269.00,0.40,9,274.00,0.90,1852,275.00,16.70,270.00
"2025-04-02 02:45:00",0.90,240.00,9.00,0.00,9,274.00,0.20,2306,382.00,15.90,266.00,0.90,9,274.00,1.20,1821,383.00,14.10,254.00,0.30,9,274.00,0.90,1895,374.00,15.20,249.00
"2025-04-02 03:00:00",1.40,256.00,9.00,-0.06,9,275.00,0.27,2401,530.00,13.10,262.00,1.10,9,275.00,1.30,2000,512.00,11.60,244.00,0.80,9,275.00,1.10,1993,562.00,11.20,242.00
"2025-04-02 03:15:00",1.20,262.00,9.00,-0.07,9,277.00,0.24,2337,399.00,15.00,253.00,0.90,9,277.00,0.90,1887,373.00,13.90,247.00,0.90,9,277.00,0.90,2035,381.00,14.60,248.00
"2025-04-02 03:30:00",1.20,261.00,9.00,-0.06,9,274.00,0.21,2614,346.00,17.30,271.00,0.90,9,274.00,1.10,2119,337.00,16.00,268.00,0.80,9,274.00,0.90,2249,320.00,17.20,267.00
"2025-04-02 03:45:00",1.50,242.00,9.00,-0.09,9,275.00,0.21,2777,326.00,18.40,274.00,1.30,9,275.00,1.10,2043,274.00,17.40,268.00,0.60,9,275.00,0.70,2565,242.00,20.40,273.00
"2025-04-02 04:00:00",1.50,245.00,9.00,-0.08,9,274.00,0.24,2913,362.00,17.90,274.00,1.30,9,274.00,1.00,2140,286.00,17.20,273.00,0.70,9,274.00,0.80,2658,265.00,20.00,271.00
"2025-04-02 04:15:00",1.00,246.00,9.00,0.00,9,276.00,0.20,2697,297.00,17.90,256.00,0.90,9,276.00,1.20,1976,283.00,15.90,256.00,0.50,9,276.00,0.90,1964,237.00,17.40,256.00
"2025-04-02 04:30:00",0.90,249.00,9.00,-0.01,9,274.00,0.19,2890,331.00,18.60,273.00,0.70,9,274.00,0.90,2440,306.00,17.90,273.00,0.40,9,274.00,0.90,2339,262.00,18.90,272.00
"2025-04-02 04:45:00",0.20,274.00,9.00,0.01,9,274.00,0.16,2693,304.00,18.70,271.00,0.10,9,274.00,0.70,1960,249.00,17.70,273.00,0.10,9,274.00,0.60,1838,195.00,19.40,273.00
"2025-04-02 05:00:00",0.10,259.00,9.00,0.01,9,273.00,0.19,2408,300.00,17.70,269.00,0.10,9,273.00,0.70,1954,252.00,17.60,270.00,0.10,9,273.00,0.70,2034,203.00,19.60,271.00
"2025-04-02 05:15:00",0.30,359.00,9.00,0.06,9,276.00,0.17,2628,286.00,18.00,255.00,-0.20,9,276.00,0.80,1852,251.00,16.30,253.00,0.20,9,276.00,0.60,1895,198.00,18.50,252.00
"2025-04-02 05:30:00",0.20,43.00,9.00,0.14,9,273.00,0.12,3225,286.00,20.70,271.00,-0.20,9,273.00,0.70,1796,231.00,17.60,273.00,0.00,9,273.00,0.70,1768,202.00,18.50,272.00
"2025-04-02 05:45:00",0.00,265.00,9.00,0.03,9,274.00,0.11,3239,287.00,20.90,274.00,0.00,9,274.00,0.70,1922,232.00,18.10,273.00,0.00,9,274.00,0.60,1610,201.00,17.80,274.00
"2025-04-02 06:00:00",0.10,219.00,9.00,0.07,9,273.00,0.15,2910,312.00,19.30,273.00,0.10,9,273.00,0.80,1900,246.00,17.60,273.00,0.00,9,273.00,0.60,1796,206.00,18.30,272.00
"2025-04-02 06:15:00",0.10,337.00,9.00,0.06,9,276.00,0.17,2735,294.00,18.20,253.00,-0.10,9,276.00,0.80,2027,251.00,17.00,255.00,0.10,9,276.00,0.70,1967,215.00,18.00,253.00
"2025-04-02 06:30:00",0.40,42.00,9.00,0.07,9,273.00,0.13,3016,291.00,19.90,273.00,-0.40,9,273.00,0.70,1938,238.00,17.90,269.00,0.00,9,273.00,0.80,1938,203.00,19.30,272.00
"2025-04-02 06:45:00",0.40,308.00,9.00,-0.02,9,273.00,0.13,3406,288.00,21.10,270.00,0.00,9,273.00,0.70,1918,233.00,17.90,272.00,0.40,9,273.00,0.60,1891,197.00,19.40,273.00
"2025-04-02 07:00:00",0.20,354.00,9.00,-0.01,9,274.00,0.15,3044,300.00,19.70,274.00,-0.20,9,274.00,0.80,1701,236.00,16.90,273.00,0.10,9,274.00,0.60,1920,227.00,18.40,274.00
"2025-04-02 07:15:00",0.20,302.00,9.00,0.02,9,275.00,0.17,2615,277.00,18.30,256.00,0.00,9,275.00,0.80,1747,231.00,16.50,255.00,0.20,9,275.00,0.90,2099,226.00,18.20,254.00
"2025-04-02 07:30:00",0.50,301.00,9.00,-0.09,9,274.00,0.14,3033,414.00,17.30,273.00,0.10,9,274.00,0.90,1608,358.00,13.00,254.00,0.50,9,274.00,0.60,2213,384.00,15.60,271.00
"2025-04-02 07:45:00",0.60,260.00,9.00,-0.08,9,275.00,0.13,2812,268.00,20.00,274.00,0.50,9,275.00,0.80,1604,221.00,16.80,273.00,0.40,9,275.00,0.60,1944,208.00,19.20,275.00
"2025-04-02 08:00:00",0.80,220.00,9.00,-0.17,9,274.00,0.09,2565,273.00,19.30,274.00,0.80,9,274.00,0.80,1143,206.00,14.60,270.00,0.00,9,274.00,0.60,1950,186.00,20.30,274.00
"2025-04-02 08:15:00",0.70,223.00,9.00,-0.18,9,275.00,0.13,2512,254.00,18.80,256.00,0.60,9,275.00,0.60,1175,192.00,14.80,251.00,0.10,9,275.00,0.50,1835,173.00,19.50,256.00
"2025-04-02 08:30:00",0.20,174.00,9.00,-0.05,9,275.00,0.16,2475,280.00,18.80,275.00,0.10,9,275.00,0.80,1556,199.00,17.50,275.00,-0.10,9,275.00,0.70,1779,191.00,19.20,274.00
"2025-04-02 08:45:00",0.20,122.00,9.00,-0.05,9,274.00,0.16,2173,314.00,17.30,266.00,0.00,9,274.00,0.60,1422,211.00,16.70,263.00,-0.20,9,274.00,0.60,1706,225.00,18.10,265.00
"2025-04-02 09:00:00",0.40,100.00,9.00,-0.02,9,274.00,0.20,2016,262.00,17.60,274.00,-0.20,9,274.00,0.80,1538,212.00,17.20,270.00,-0.40,9,274.00,0.70,1597,206.00,17.80,267.00
"2025-04-02 09:15:00",0.20,359.00,9.00,-0.06,9,276.00,0.22,1866,350.00,14.20,245.00,-0.20,9,276.00,1.10,1369,314.00,12.70,226.00,0.10,9,276.00,0.80,1517,311.00,14.00,233.00
"2025-04-02 09:30:00",0.60,251.00,9.00,-0.06,9,274.00,0.20,2049,476.00,12.80,254.00,0.50,9,274.00,1.00,1453,478.00,9.80,204.00,0.30,9,274.00,0.70,1705,527.00,10.50,210.00
"2025-04-02 09:45:00",0.90,230.00,9.00,-0.01,9,274.00,0.25,2111,326.00,16.20,272.00,0.90,9,274.00,1.40,1533,305.00,14.20,260.00,0.20,9,274.00,0.70,1831,279.00,16.70,268.00
"2025-04-02 10:00:00",0.30,241.00,9.00,0.00,2,274.00,0.18,2100,295.00,17.00,270.00,0.20,2,274.00,0.90,1395,226.00,15.80,268.00,0.10,2,274.00,0.70,1641,224.00,17.40,269.00
"2025-04-02 10:15:00",0.30,213.00,9.00,0.00,2,276.00,0.18,1956,267.00,16.60,254.00,0.30,2,276.00,0.70,1291,200.00,15.70,255.00,0.00,2,276.00,0.60,1507,191.00,17.40,253.00
"2025-04-02 10:30:00",0.10,146.00,9.00,0.00,9,274.00,0.20,1907,245.00,17.60,274.00,0.00,9,274.00,0.60,1352,172.00,17.50,270.00,-0.10,9,274.00,0.60,1575,173.00,18.90,274.00
"2025-04-02 10:45:00",0.10,223.00,9.00,-0.02,9,275.00,0.16,2071,246.00,18.00,274.00,0.10,9,275.00,0.60,1306,178.00,17.00,273.00,0.00,9,275.00,0.60,1580,172.00,19.00,272.00
"2025-04-02 11:00:00",0.20,209.00,9.00,0.06,9,274.00,0.21,2220,263.00,18.40,272.00,0.20,9,274.00,0.90,1420,212.00,16.40,269.00,0.00,9,274.00,0.80,1476,210.00,17.10,268.00
"2025-04-02 11:15:00",0.20,22.00,9.00,0.02,9,276.00,0.24,2038,293.00,15.90,251.00,-0.20,9,276.00,1.40,1631,255.00,15.20,252.00,0.10,9,276.00,1.20,1502,227.00,15.80,250.00
"2025-04-02 11:30:00",0.50,239.00,9.00,0.07,9,274.00,0.24,2179,324.00,16.60,267.00,0.40,9,274.00,1.70,1524,270.00,15.00,273.00,0.20,9,274.00,0.80,1530,242.00,16.20,266.00
"2025-04-02 11:45:00",0.10,69.00,9.00,0.07,9,275.00,0.20,2138,263.00,17.90,274.00,-0.10,9,275.00,1.10,1637,240.00,16.50,272.00,-0.10,9,275.00,0.70,1484,197.00,17.40,271.00
"2025-04-02 12:00:00",1.10,245.00,9.00,0.15,2,275.00,0.32,2462,338.00,17.20,270.00,0.90,2,275.00,2.40,1868,308.00,15.60,271.00,0.50,2,275.00,1.80,1858,290.00,16.30,270.00
"2025-04-02 12:15:00",0.60,326.00,9.00,0.05,9,278.00,0.25,2008,268.00,16.70,253.00,-0.20,9,278.00,1.60,1494,234.00,15.30,253.00,0.60,9,278.00,1.40,1502,233.00,15.60,253.00
"2025-04-02 12:30:00",0.40,15.00,9.00,0.06,9,276.00,0.22,2069,292.00,17.10,273.00,-0.40,9,276.00,1.20,1461,260.00,15.20,263.00,0.20,9,276.00,1.10,1514,268.00,15.80,260.00
"2025-04-02 12:45:00",0.20,313.00,9.00,0.08,9,276.00,0.24,2117,311.00,16.90,271.00,0.00,9,276.00,1.10,1485,235.00,16.10,273.00,0.20,9,276.00,1.00,1666,243.00,17.30,271.00
"2025-04-02 13:00:00",1.00,318.00,9.00,-0.04,2,274.00,0.27,2071,328.00,16.00,271.00,-0.20,2,274.00,1.60,1575,295.00,14.50,266.00,1.00,2,274.00,1.50,1524,299.00,14.40,262.00
"2025-04-02 13:15:00",0.70,324.00,9.00,0.07,9,276.00,0.24,2056,272.00,16.60,251.00,-0.20,9,276.00,1.20,1422,205.00,15.90,249.00,0.70,9,276.00,1.60,1480,232.00,15.60,251.00
"2025-04-02 13:30:00",0.60,254.00,9.00,0.07,9,276.00,0.25,1993,320.00,15.90,268.00,0.50,9,276.00,1.70,1429,289.00,14.10,260.00,0.40,9,276.00,1.00,1507,295.00,14.50,263.00
"2025-04-02 13:45:00",0.50,254.00,9.00,0.01,9,276.00,0.23,1913,314.00,15.70,266.00,0.40,9,276.00,0.80,1613,280.00,15.70,264.00,0.30,9,276.00,0.90,1624,286.00,15.70,265.00
"2025-04-02 14:00:00",0.40,215.00,9.00,0.10,9,274.00,0.29,2412,309.00,17.70,272.00,0.40,9,274.00,1.30,1656,230.00,17.00,271.00,0.00,9,274.00,0.90,1710,217.00,18.10,273.00
"2025-04-02 14:15:00",0.60,336.00,9.00,0.07,9,276.00,0.25,2161,304.00,16.60,255.00,-0.30,9,276.00,1.10,1560,229.00,16.10,255.00,0.50,9,276.00,1.20,1486,250.00,15.40,250.00
"2025-04-02 14:30:00",0.40,343.00,9.00,0.02,9,276.00,0.19,2196,260.00,18.30,274.00,-0.20,9,276.00,0.90,1422,202.00,16.80,271.00,0.30,9,276.00,1.20,1505,205.00,17.50,271.00
"2025-04-02 14:45:00",0.30,278.00,9.00,0.05,9,276.00,0.22,2120,301.00,16.90,271.00,0.20,9,276.00,1.40,1371,234.00,15.40,269.00,0.30,9,276.00,1.50,1419,238.00,15.80,269.00
"2025-04-02 15:00:00",0.70,319.00,9.00,0.01,9,275.00,0.22,2146,320.00,16.40,270.00,-0.10,9,275.00,1.50,1516,260.00,15.20,270.00,0.70,9,275.00,1.60,1548,267.00,15.50,267.00
"2025-04-02 15:15:00",0.90,263.00,9.00,-0.03,2,278.00,0.34,1896,307.00,15.20,252.00,0.60,2,278.00,2.10,1237,243.00,13.50,251.00,0.60,2,278.00,1.60,1325,231.00,14.70,250.00
"2025-04-02 15:30:00",0.50,274.00,9.00,0.00,9,276.00,0.22,1911,303.00,16.00,269.00,0.30,9,276.00,1.60,1270,246.00,14.30,267.00,0.40,9,276.00,1.40,1465,249.00,15.60,265.00
"2025-04-02 15:45:00",0.20,294.00,9.00,0.03,9,276.00,0.21,1967,259.00,17.60,270.00,0.10,9,276.00,1.80,1220,216.00,15.20,269.00,0.20,9,276.00,1.00,1390,217.00,16.30,270.00
"2025-04-02 16:00:00",1.00,233.00,9.00,0.04,2,275.00,0.27,2008,299.00,16.70,269.00,1.00,2,275.00,2.30,1315,258.00,14.50,270.00,0.30,2,275.00,1.10,1480,239.00,16.10,270.00
"2025-04-02 16:15:00",0.60,226.00,9.00,0.03,9,278.00,0.24,1794,243.00,16.50,253.00,0.60,9,278.00,1.70,1207,206.00,14.70,253.00,0.10,9,278.00,0.70,1309,179.00,16.60,253.00
"2025-04-02 16:30:00",0.20,274.00,9.00,0.06,9,276.00,0.21,1875,251.00,17.40,271.00,0.10,9,276.00,1.20,1306,212.00,15.60,271.00,0.20,9,276.00,1.10,1422,195.00,17.30,271.00
"2025-04-02 16:45:00",0.40,333.00,9.00,0.02,9,275.00,0.21,1765,245.00,17.00,272.00,-0.20,9,275.00,0.90,1194,199.00,15.60,268.00,0.30,9,275.00,1.00,1374,213.00,16.50,268.00
"2025-04-02 17:00:00",0.20,253.00,9.00,0.08,9,276.00,0.21,1917,245.00,17.80,273.00,0.10,9,276.00,1.30,1225,197.00,15.90,271.00,0.10,9,276.00,1.00,1416,197.00,17.40,271.00
"2025-04-02 17:15:00",0.10,352.00,9.00,0.06,9,278.00,0.19,1681,216.00,16.80,254.00,-0.10,9,278.00,1.00,1082,162.00,15.50,255.00,0.10,9,278.00,0.70,1260,163.00,16.80,255.00
"2025-04-02 17:30:00",0.10,77.00,9.00,0.07,9,274.00,0.20,1581,210.00,17.30,271.00,-0.10,9,274.00,0.80,1057,159.00,16.20,268.00,-0.10,9,274.00,0.60,1234,155.00,17.70,273.00
"2025-04-02 17:45:00",0.10,295.00,9.00,0.07,9,274.00,0.19,1656,222.00,17.10,271.00,0.00,9,274.00,0.70,1102,162.00,16.40,273.00,0.10,9,274.00,0.70,1307,154.00,18.30,273.00
"2025-04-02 18:00:00",0.30,243.00,9.00,0.04,9,274.00,0.17,1634,210.00,17.50,271.00,0.20,9,274.00,0.60,1108,157.00,16.70,273.00,0.10,9,274.00,0.60,1164,144.00,17.90,273.00
"2025-04-02 18:15:00",0.10,300.00,9.00,0.07,9,276.00,0.17,1574,221.00,16.10,253.00,0.00,9,276.00,0.60,1075,163.00,15.60,253.00,0.10,9,276.00,0.60,1187,153.00,17.10,254.00
"2025-04-02 18:30:00",0.10,257.00,9.00,0.03,9,274.00,0.20,1635,221.00,17.10,274.00,0.10,9,274.00,0.60,1072,168.00,15.80,272.00,0.10,9,274.00,0.60,1336,157.00,18.30,273.00
"2025-04-02 18:45:00",0.30,260.00,9.00,0.03,9,274.00,0.18,1772,296.00,15.60,272.00,0.20,9,274.00,0.70,1201,246.00,14.20,259.00,0.20,9,274.00,0.70,1408,253.00,15.60,264.00
"2025-04-02 19:00:00",0.60,270.00,9.00,0.02,9,274.00,0.21,1960,261.00,17.30,271.00,0.40,9,274.00,0.80,1487,203.00,17.00,271.00,0.50,9,274.00,0.90,1669,208.00,18.10,269.00
"2025-04-02 19:15:00",0.70,252.00,9.00,0.00,9,276.00,0.19,1869,240.00,16.70,257.00,0.60,9,276.00,0.80,1152,187.00,14.90,256.00,0.40,9,276.00,0.70,1420,170.00,17.30,253.00
"2025-04-02 19:30:00",0.30,252.00,9.00,0.01,9,274.00,0.17,1977,240.00,18.10,272.00,0.30,9,274.00,0.80,1249,181.00,16.50,271.00,0.20,9,274.00,0.60,1535,168.00,18.90,271.00
"2025-04-02 19:45:00",1.00,246.00,9.00,0.02,9,274.00,0.22,2213,298.00,17.30,273.00,0.90,9,274.00,1.30,1739,264.00,16.40,273.00,0.50,9,274.00,0.80,1890,231.00,18.20,270.00
"2025-04-02 20:00:00",1.30,254.00,9.00,-0.02,9,274.00,0.22,2269,313.00,17.00,272.00,1.00,9,274.00,1.40,1753,278.00,15.80,269.00,0.70,9,274.00,0.90,1791,238.00,17.50,271.00
"2025-04-02 20:15:00",0.60,255.00,9.00,-0.03,9,276.00,0.19,1806,244.00,16.30,254.00,0.40,9,276.00,0.90,1204,209.00,14.50,251.00,0.30,9,276.00,0.60,1411,170.00,17.30,254.00
"2025-04-02 20:30:00",0.50,249.00,9.00,-0.01,9,274.00,0.20,2086,337.00,15.80,271.00,0.50,9,274.00,1.00,1491,320.00,13.50,258.00,0.30,9,274.00,0.70,1625,316.00,15.00,257.00
"2025-04-02 20:45:00",1.10,246.00,9.00,-0.03,9,273.00,0.20,2374,297.00,17.80,268.00,0.90,9,273.00,1.30,1686,273.00,15.80,268.00,0.50,9,273.00,0.80,1827,227.00,17.90,268.00
"2025-04-02 21:00:00",1.00,266.00,9.00,-0.02,9,275.00,0.21,2238,283.00,17.70,275.00,0.70,9,275.00,1.10,1614,247.00,16.10,270.00,0.70,9,275.00,1.00,1703,225.00,17.40,274.00
"2025-04-02 21:15:00",0.90,239.00,9.00,-0.01,9,276.00,0.20,2014,266.00,16.50,255.00,0.80,9,276.00,1.30,1342,231.00,14.60,252.00,0.30,9,276.00,0.80,1496,192.00,16.90,252.00
"2025-04-02 21:30:00",0.90,244.00,9.00,-0.05,9,274.00,0.19,2247,297.00,17.40,273.00,0.80,9,274.00,1.10,1583,247.00,15.90,270.00,0.40,9,274.00,0.80,1775,216.00,18.10,271.00
"2025-04-02 21:45:00",1.30,246.00,9.00,-0.06,9,274.00,0.22,2497,301.00,18.10,273.00,1.20,9,274.00,1.10,1829,260.00,16.70,272.00,0.60,9,274.00,0.80,1895,223.00,18.40,273.00
"2025-04-02 22:00:00",0.90,251.00,9.00,0.03,9,274.00,0.23,2310,292.00,17.70,273.00,0.70,9,274.00,1.00,1701,234.00,17.10,274.00,0.50,9,274.00,1.00,1802,229.00,17.90,274.00
"2025-04-02 22:15:00",0.80,254.00,9.00,0.01,9,276.00,0.21,1968,270.00,16.20,257.00,0.60,9,276.00,0.70,1531,200.00,16.50,257.00,0.40,9,276.00,0.80,1694,199.00,17.50,255.00
"2025-04-02 22:30:00",0.20,266.00,9.00,-0.02,9,273.00,0.18,2281,285.00,17.70,273.00,0.10,9,273.00,0.90,1585,214.00,17.10,272.00,0.10,9,273.00,0.70,2014,195.00,20.00,273.00
"2025-04-02 22:45:00",0.70,269.00,9.00,-0.04,9,274.00,0.21,2188,381.00,15.40,270.00,0.50,9,274.00,0.90,1576,342.00,13.70,257.00,0.60,9,274.00,0.90,1783,368.00,14.30,253.00
"2025-04-02 23:00:00",0.90,245.00,9.00,-0.03,9,274.00,0.21,2461,526.00,13.30,264.00,0.80,9,274.00,1.00,1801,504.00,10.80,253.00,0.40,9,274.00,0.80,1923,550.00,10.90,238.00
"2025-04-02 23:15:00",0.70,235.00,9.00,-0.02,9,276.00,0.18,2585,331.00,17.00,256.00,0.60,9,276.00,1.00,1900,295.00,15.50,255.00,0.20,9,276.00,0.70,2113,288.00,16.80,250.00
"2025-04-02 23:30:00",0.80,248.00,9.00,0.01,9,274.00,0.18,2631,329.00,17.90,269.00,0.70,9,274.00,1.00,2549,312.00,18.30,272.00,0.40,9,274.00,0.90,2353,266.00,18.80,273.00
"2025-04-02 23:45:00",0.20,70.00,9.00,0.04,9,274.00,0.20,2353,283.00,18.00,273.00,-0.20,9,274.00,0.80,1640,215.00,17.30,272.00,-0.10,9,274.00,0.70,1762,199.00,18.60,273.00
"2025-04-03 00:00:00",0.10,40.00,9.00,-0.04,9,274.00,0.22,2557,293.00,18.50,271.00,-0.10,9,274.00,0.80,2040,247.00,17.90,273.00,0.00,9,274.00,0.60,2124,225.00,19.40,269.00
"2025-04-03 00:15:00",0.30,97.00,9.00,0.05,9,276.00,0.15,2031,278.00,16.20,253.00,-0.20,9,276.00,0.50,1796,220.00,17.20,256.00,-0.30,9,276.00,0.30,2251,174.00,20.90,255.00
"2025-04-03 00:30:00",0.20,100.00,9.00,0.07,9,275.00,0.14,2252,313.00,16.90,271.00,-0.10,9,275.00,0.50,1635,256.00,16.00,271.00,-0.10,9,275.00,0.20,3086,194.00,24.70,272.00
"2025-04-03 00:45:00",0.90,90.00,9.00,0.18,9,274.00,0.16,1990,283.00,16.50,272.00,-0.60,9,274.00,0.30,2178,234.00,19.30,274.00,-0.70,9,274.00,0.20,3161,166.00,25.60,274.00
"2025-04-03 01:00:00",0.60,86.00,9.00,0.14,9,274.00,0.13,1982,279.00,16.90,274.00,-0.40,9,274.00,0.30,1990,236.00,18.40,273.00,-0.40,9,274.00,0.20,3261,156.00,26.40,274.00
"2025-04-03 01:15:00",1.10,79.00,9.00,0.22,9,277.00,0.23,1311,275.00,12.80,255.00,-0.80,9,277.00,0.30,2015,255.00,17.00,253.00,-0.70,9,277.00,0.10,3441,144.00,26.10,257.00
"2025-04-03 01:30:00",0.70,71.00,9.00,0.12,9,274.00,0.20,1969,288.00,16.20,273.00,-0.60,9,274.00,0.50,2027,257.00,17.70,272.00,-0.40,9,274.00,0.20,3056,177.00,24.80,274.00
"2025-04-03 01:45:00",0.30,46.00,9.00,-0.01,9,274.00,0.19,2052,285.00,16.80,274.00,-0.30,9,274.00,0.60,1633,216.00,17.30,273.00,0.00,9,274.00,0.50,1856,185.00,19.80,273.00
"2025-04-03 02:00:00",0.60,47.00,9.00,0.09,9,275.00,0.16,2223,312.00,17.20,274.00,-0.60,9,275.00,0.50,2208,257.00,18.70,273.00,-0.10,9,275.00,0.60,2244,224.00,20.00,269.00
"2025-04-03 02:15:00",0.50,61.00,9.00,0.07,9,276.00,0.21,1820,271.00,15.50,257.00,-0.40,9,276.00,0.40,1977,250.00,17.10,253.00,-0.20,9,276.00,0.30,2383,181.00,21.10,252.00
"2025-04-03 02:30:00",1.30,83.00,9.00,0.24,9,274.00,0.16,1735,276.00,15.80,274.00,-0.90,9,274.00,0.20,2482,227.00,20.70,273.00,-0.90,9,274.00,0.20,2797,172.00,24.10,274.00
"2025-04-03 02:45:00",1.10,271.00,9.00,-0.16,9,274.00,0.21,2428,341.00,17.10,272.00,0.60,9,274.00,0.30,2349,210.00,20.90,274.00,0.80,9,274.00,0.50,1953,216.00,18.60,269.00
"2025-04-03 03:00:00",1.10,255.00,9.00,-0.17,9,275.00,0.16,2198,301.00,17.10,274.00,0.90,9,275.00,0.20,2564,191.00,22.40,275.00,0.60,9,275.00,0.30,2363,195.00,21.10,270.00
"2025-04-03 03:15:00",0.30,283.00,9.00,-0.03,9,276.00,0.13,1874,248.00,16.40,257.00,0.10,9,276.00,0.30,1876,224.00,17.50,257.00,0.30,9,276.00,0.30,2747,164.00,23.20,256.00
"2025-04-03 03:30:00",0.20,334.00,9.00,0.05,9,274.00,0.15,2072,282.00,17.10,271.00,-0.10,9,274.00,0.20,2338,216.00,20.70,274.00,0.20,9,274.00,0.20,3051,156.00,25.70,272.00
"2025-04-03 03:45:00",0.20,32.00,9.00,0.10,9,275.00,0.11,1789,312.00,14.90,272.00,-0.20,9,275.00,0.30,2110,223.00,19.40,275.00,0.00,9,275.00,0.20,2670,162.00,24.20,273.00
"2025-04-03 04:00:00",0.30,300.00,9.00,0.04,9,274.00,0.13,1677,273.00,15.50,274.00,0.00,9,274.00,0.20,2216,232.00,19.40,271.00,0.30,9,274.00,0.10,3049,153.00,26.00,274.00
"2025-04-03 04:15:00",0.70,273.00,9.00,-0.04,9,277.00,0.16,2405,312.00,17.00,257.00,0.40,9,277.00,0.50,1610,212.00,16.50,254.00,0.50,9,277.00,0.30,2124,203.00,19.10,252.00
"2025-04-03 04:30:00",1.10,284.00,9.00,-0.19,9,274.00,0.14,2814,269.00,20.30,273.00,0.50,9,274.00,0.70,1513,187.00,17.50,272.00,1.00,9,274.00,0.60,1548,172.00,18.70,274.00
"2025-04-03 04:45:00",0.40,35.00,9.00,0.01,9,274.00,0.16,2799,270.00,20.30,274.00,-0.40,9,274.00,0.60,1735,197.00,18.40,271.00,0.00,9,274.00,0.60,1461,187.00,17.60,274.00
"2025-04-03 05:00:00",0.50,253.00,9.00,0.09,9,273.00,0.14,2299,279.00,18.40,272.00,0.40,9,273.00,0.30,1829,201.00,19.00,272.00,0.30,9,273.00,0.30,2462,205.00,21.70,273.00
"2025-04-03 05:15:00",1.00,255.00,9.00,-0.05,9,275.00,0.11,2361,249.00,18.60,256.00,0.80,9,275.00,0.50,1380,173.00,17.10,256.00,0.60,9,275.00,0.20,2273,194.00,20.40,256.00
"2025-04-03 05:30:00",0.90,265.00,9.00,-0.06,9,274.00,0.11,2329,278.00,18.50,271.00,0.60,9,274.00,0.70,1499,213.00,17.10,269.00,0.70,9,274.00,0.30,2296,215.00,20.80,270.00
"2025-04-03 05:45:00",0.70,324.00,9.00,-0.05,9,273.00,0.12,1997,280.00,16.70,273.00,-0.20,9,273.00,0.70,1260,198.00,15.90,273.00,0.60,9,273.00,0.50,1675,198.00,18.50,273.00
"2025-04-03 06:00:00",0.20,348.00,9.00,0.01,9,273.00,0.13,1573,216.00,17.10,271.00,-0.10,9,273.00,0.30,1736,183.00,19.40,270.00,0.10,9,273.00,0.40,1883,163.00,21.20,273.00
"2025-04-03 06:15:00",0.90,257.00,9.00,-0.08,9,276.00,0.12,2094,255.00,17.20,254.00,0.70,9,276.00,0.50,1249,172.00,16.30,256.00,0.60,9,276.00,0.40,1892,164.00,20.10,256.00
"2025-04-03 06:30:00",0.40,311.00,9.00,-0.01,9,273.00,0.18,1637,246.00,16.20,271.00,0.00,9,273.00,0.50,1533,221.00,16.80,272.00,0.40,9,273.00,0.50,1903,159.00,21.70,273.00
"2025-04-03 06:45:00",0.60,271.00,9.00,-0.04,9,273.00,0.17,1920,272.00,16.90,271.00,0.40,9,273.00,0.50,1780,219.00,18.00,270.00,0.50,9,273.00,0.50,1893,188.00,19.90,271.00
"2025-04-03 07:00:00",0.60,239.00,9.00,-0.08,9,274.00,0.13,2174,304.00,16.90,274.00,0.60,9,274.00,0.30,1975,203.00,19.60,270.00,0.20,9,274.00,0.60,1804,175.00,20.10,272.00
"2025-04-03 07:15:00",0.50,338.00,9.00,-0.08,9,275.00,0.22,1427,262.00,13.80,255.00,-0.20,9,275.00,0.70,1313,225.00,14.40,256.00,0.40,9,275.00,0.40,1675,170.00,18.70,254.00
"2025-04-03 07:30:00",0.30,330.00,9.00,-0.05,9,274.00,0.18,2205,286.00,17.50,271.00,-0.10,9,274.00,0.60,1303,220.00,15.20,271.00,0.30,9,274.00,0.50,1847,178.00,20.10,273.00
"2025-04-03 07:45:00",0.50,331.00,9.00,-0.10,9,274.00,0.14,2159,255.00,18.20,272.00,-0.20,9,274.00,0.70,1282,229.00,14.70,273.00,0.50,9,274.00,0.50,1960,185.00,20.20,273.00
"2025-04-03 08:00:00",0.30,331.00,9.00,-0.05,9,274.00,0.15,2004,261.00,17.40,274.00,-0.10,9,274.00,0.80,1258,217.00,15.00,273.00,0.30,9,274.00,0.60,1711,192.00,18.70,272.00
"2025-04-03 08:15:00",0.20,254.00,9.00,-0.01,9,276.00,0.16,1937,264.00,16.50,255.00,0.20,9,276.00,0.80,1243,231.00,13.80,253.00,0.10,9,276.00,0.60,1661,191.00,17.90,254.00
"2025-04-03 08:30:00",0.50,220.00,9.00,0.04,9,275.00,0.17,2127,250.00,18.30,273.00,0.50,9,275.00,1.20,1398,232.00,15.30,274.00,0.00,9,275.00,0.70,1707,193.00,18.80,272.00
"2025-04-03 08:45:00",0.20,251.00,9.00,0.02,9,274.00,0.20,2156,261.00,18.10,271.00,0.10,9,274.00,0.90,1441,210.00,16.50,273.00,0.10,9,274.00,0.70,1690,177.00,19.20,273.00
"2025-04-03 09:00:00",0.20,244.00,9.00,-0.03,9,273.00,0.17,2133,249.00,18.40,273.00,0.20,9,273.00,0.80,1293,202.00,15.70,272.00,0.10,9,273.00,0.60,1800,169.00,20.20,273.00
"2025-04-03 09:15:00",0.20,226.00,9.00,0.03,9,276.00,0.22,1931,291.00,15.70,253.00,0.20,9,276.00,0.70,1502,203.00,16.30,254.00,0.00,9,276.00,0.60,1821,202.00,18.00,254.00
"2025-04-03 09:30:00",0.20,37.00,9.00,-0.03,9,274.00,0.20,2121,292.00,17.10,271.00,-0.20,9,274.00,0.70,1576,220.00,17.00,271.00,0.00,9,274.00,0.60,2202,228.00,19.70,272.00
"2025-04-03 09:45:00",0.50,83.00,9.00,-0.01,9,274.00,0.19,2340,273.00,18.30,271.00,-0.40,9,274.00,0.80,1575,210.00,17.20,274.00,-0.40,9,274.00,0.60,1901,210.00,18.90,274.00
"2025-04-03 10:00:00",0.60,104.00,9.00,0.17,2,274.00,0.31,2615,333.00,17.90,269.00,-0.20,2,274.00,1.40,2235,270.00,18.00,274.00,-0.50,2,274.00,0.80,1913,226.00,18.30,271.00
"2025-04-03 10:15:00",0.70,72.00,9.00,0.03,2,276.00,0.20,2152,261.00,17.10,255.00,-0.50,2,276.00,1.00,1501,212.00,16.10,254.00,-0.40,2,276.00,0.70,1545,184.00,17.40,256.00
"2025-04-03 10:30:00",1.00,70.00,9.00,0.00,2,275.00,0.20,2288,268.00,18.30,274.00,-0.80,2,275.00,1.10,1585,228.00,16.40,272.00,-0.50,2,275.00,0.80,1687,201.00,18.30,275.00
"2025-04-03 10:45:00",0.50,79.00,9.00,0.02,2,275.00,0.21,2168,246.00,18.70,270.00,-0.40,2,275.00,1.00,1392,189.00,17.00,274.00,-0.30,2,275.00,0.90,1565,179.00,18.60,273.00
"2025-04-03 11:00:00",0.70,78.00,9.00,0.07,2,276.00,0.25,2151,280.00,17.70,271.00,-0.50,2,276.00,1.30,1578,230.00,16.50,274.00,-0.40,2,276.00,1.00,1488,202.00,17.50,273.00
"2025-04-03 11:15:00",0.50,100.00,9.00,0.03,2,278.00,0.19,1851,213.00,17.70,256.00,-0.20,2,278.00,1.30,1301,177.00,16.40,258.00,-0.40,2,278.00,0.80,1235,155.00,17.30,255.00
"2025-04-03 11:30:00",0.60,92.00,9.00,0.06,2,276.00,0.24,2041,228.00,18.90,275.00,-0.40,2,276.00,1.20,1343,176.00,17.30,272.00,-0.50,2,276.00,0.80,1456,169.00,18.50,275.00
"2025-04-03 11:45:00",0.50,91.00,9.00,-0.01,2,276.00,0.17,2050,213.00,19.30,274.00,-0.30,2,276.00,0.90,1327,174.00,17.30,276.00,-0.40,2,276.00,0.80,1360,156.00,18.70,273.00
"2025-04-03 12:00:00",0.60,84.00,9.00,0.03,2,276.00,0.27,2248,256.00,18.70,274.00,-0.40,2,276.00,1.10,1555,205.00,17.30,275.00,-0.40,2,276.00,1.10,1505,199.00,17.60,271.00
"2025-04-03 12:15:00",0.70,71.00,9.00,0.08,2,278.00,0.28,2068,290.00,16.70,253.00,-0.60,2,278.00,1.30,1508,241.00,15.40,252.00,-0.40,2,278.00,1.00,1347,209.00,15.80,256.00
"2025-04-03 12:30:00",0.60,77.00,9.00,0.04,2,277.00,0.25,2084,237.00,18.90,272.00,-0.50,2,277.00,1.40,1493,204.00,17.20,273.00,-0.40,2,277.00,1.10,1371,173.00,17.80,272.00
"2025-04-03 12:45:00",0.90,83.00,9.00,0.07,2,276.00,0.19,2021,223.00,19.00,273.00,-0.60,2,276.00,1.20,1392,196.00,16.70,273.00,-0.60,2,276.00,0.80,1471,174.00,18.50,275.00
"2025-04-03 13:00:00",1.00,100.00,9.00,0.02,2,276.00,0.23,2240,262.00,18.50,271.00,-0.50,2,276.00,1.30,1751,227.00,17.40,275.00,-0.90,2,276.00,1.40,1648,221.00,17.50,275.00
"2025-04-03 13:15:00",0.90,91.00,9.00,0.02,2,279.00,0.23,2069,237.00,17.90,254.00,-0.50,2,279.00,1.10,1428,200.00,16.00,258.00,-0.70,2,279.00,1.00,1402,187.00,16.40,257.00
"2025-04-03 13:30:00",1.30,85.00,9.00,0.04,2,277.00,0.28,2200,288.00,17.90,270.00,-0.90,2,277.00,1.40,1843,268.00,16.60,273.00,-0.90,2,277.00,1.40,1628,234.00,16.90,276.00
"2025-04-03 13:45:00",1.00,87.00,9.00,0.01,2,276.00,0.22,2184,259.00,18.50,270.00,-0.60,2,276.00,1.20,1595,216.00,17.10,275.00,-0.70,2,276.00,1.30,1636,222.00,17.20,273.00
"2025-04-03 14:00:00",0.80,103.00,9.00,0.08,2,277.00,0.27,2105,260.00,18.10,274.00,-0.30,2,277.00,1.30,1550,205.00,17.40,277.00,-0.70,2,277.00,1.20,1486,198.00,17.40,276.00
"2025-04-03 14:15:00",1.00,80.00,9.00,-0.01,2,278.00,0.25,1956,220.00,17.80,258.00,-0.70,2,278.00,1.40,1557,215.00,16.20,256.00,-0.70,2,278.00,1.00,1336,179.00,16.40,255.00
"2025-04-03 14:30:00",0.60,88.00,9.00,0.00,2,277.00,0.16,1986,191.00,20.00,276.00,-0.40,2,277.00,0.90,1340,174.00,17.50,277.00,-0.50,2,277.00,0.80,1241,150.00,18.20,272.00
"2025-04-03 14:45:00",0.40,107.00,9.00,0.02,9,277.00,0.17,1860,186.00,19.60,276.00,-0.10,9,277.00,0.80,1203,157.00,17.40,275.00,-0.30,9,277.00,0.60,1308,140.00,19.20,273.00
"2025-04-03 15:00:00",0.90,344.00,9.00,0.15,2,276.00,0.31,2199,286.00,17.70,276.00,-0.50,2,276.00,1.50,1758,243.00,17.10,276.00,0.70,2,276.00,1.60,1614,253.00,16.30,274.00
"2025-04-03 15:15:00",1.10,31.00,9.00,-0.01,2,279.00,0.30,2010,231.00,17.70,257.00,-1.00,2,279.00,1.80,1447,221.00,15.70,259.00,0.10,2,279.00,1.20,1326,172.00,16.80,255.00
"2025-04-03 15:30:00",0.80,351.00,9.00,-0.02,9,276.00,0.27,2089,237.00,18.80,274.00,-0.50,9,276.00,1.40,1563,212.00,17.30,273.00,0.60,9,276.00,1.10,1496,191.00,18.00,269.00
"2025-04-03 15:45:00",1.00,3.00,9.00,-0.03,2,277.00,0.24,1981,224.00,18.90,276.00,-0.80,2,277.00,1.50,1608,222.00,17.30,275.00,0.60,2,277.00,1.20,1476,190.00,17.80,276.00
"2025-04-03 16:00:00",0.70,2.00,9.00,0.06,9,276.00,0.21,1958,203.00,19.50,275.00,-0.50,9,276.00,1.10,1445,180.00,18.00,274.00,0.40,9,276.00,0.90,1377,175.00,18.00,271.00
"2025-04-03 16:15:00",0.80,285.00,9.00,0.04,9,279.00,0.29,2063,299.00,16.10,255.00,0.30,9,279.00,1.50,1546,252.00,15.00,255.00,0.70,9,279.00,1.70,1449,266.00,14.60,254.00
"2025-04-03 16:30:00",1.10,256.00,9.00,0.13,9,276.00,0.33,2389,334.00,17.20,271.00,0.90,9,276.00,2.00,1697,292.00,15.50,275.00,0.70,9,276.00,1.70,1752,309.00,15.30,271.00
"2025-04-03 16:45:00",1.00,239.00,9.00,0.10,9,277.00,0.21,2074,257.00,18.00,272.00,0.90,9,277.00,2.20,1444,250.00,15.60,272.00,0.40,9,277.00,1.10,1585,223.00,17.20,272.00
"2025-04-03 17:00:00",0.20,255.00,9.00,0.08,9,276.00,0.18,2095,250.00,18.30,271.00,0.20,9,276.00,1.10,1333,204.00,16.30,271.00,0.10,9,276.00,0.70,1580,210.00,17.50,271.00
"2025-04-03 17:15:00",0.20,209.00,9.00,0.11,9,279.00,0.18,1820,224.00,17.20,254.00,0.20,9,279.00,0.90,1198,182.00,15.70,258.00,0.00,9,279.00,0.80,1443,185.00,17.10,254.00
"2025-04-03 17:30:00",0.10,159.00,9.00,0.12,9,276.00,0.18,1854,242.00,17.50,274.00,0.10,9,276.00,0.70,1162,181.00,16.10,270.00,-0.10,9,276.00,0.60,1454,184.00,17.90,275.00
"2025-04-03 17:45:00",0.10,237.00,9.00,0.10,9,276.00,0.17,1942,245.00,17.80,275.00,0.10,9,276.00,0.70,1186,188.00,15.80,274.00,0.00,9,276.00,0.60,1524,187.00,18.20,273.00
"2025-04-03 18:00:00",0.10,99.00,9.00,0.12,9,276.00,0.18,1801,226.00,17.70,276.00,0.00,9,276.00,0.60,1167,171.00,16.50,271.00,-0.10,9,276.00,0.60,1451,168.00,18.60,274.00
"2025-04-03 18:15:00",0.10,217.00,9.00,0.05,9,277.00,0.17,1749,217.00,17.00,257.00,0.10,9,277.00,0.60,1188,160.00,16.40,256.00,0.00,9,277.00,0.60,1219,158.00,16.80,258.00
"2025-04-03 18:30:00",0.10,233.00,9.00,0.07,9,276.00,0.19,1849,246.00,17.40,274.00,0.10,9,276.00,0.50,1321,175.00,17.40,270.00,0.00,9,276.00,0.60,1434,178.00,17.90,272.00
"2025-04-03 18:45:00",0.30,241.00,9.00,0.06,9,276.00,0.16,1928,237.00,18.00,274.00,0.30,9,276.00,0.70,1255,169.00,17.10,273.00,0.10,9,276.00,0.60,1449,182.00,17.80,275.00
"2025-04-03 19:00:00",0.30,257.00,9.00,0.07,9,276.00,0.19,1856,263.00,17.00,273.00,0.20,9,276.00,0.90,1210,201.00,15.60,270.00,0.20,9,276.00,0.70,1496,204.00,17.30,274.00
"2025-04-03 19:15:00",0.40,257.00,9.00,0.08,9,277.00,0.20,1842,241.00,16.80,257.00,0.30,9,277.00,1.00,1349,198.00,15.80,256.00,0.20,9,277.00,0.70,1615,202.00,17.20,253.00
"2025-04-03 19:30:00",0.20,269.00,9.00,0.07,9,274.00,0.18,1838,242.00,17.30,272.00,0.10,9,274.00,0.90,1217,182.00,16.30,273.00,0.10,9,274.00,0.70,1466,180.00,18.00,273.00
"2025-04-03 19:45:00",0.10,3.00,9.00,0.05,9,274.00,0.19,1778,243.00,17.10,273.00,-0.10,9,274.00,0.90,1246,183.00,16.50,271.00,0.00,9,274.00,0.60,1494,178.00,18.30,273.00
"2025-04-03 20:00:00",0.10,282.00,9.00,-0.02,9,274.00,0.28,1845,293.00,15.90,269.00,0.10,9,274.00,1.20,1302,209.00,15.70,272.00,0.10,9,274.00,0.70,1696,197.00,18.50,271.00
"2025-04-03 20:15:00",0.20,268.00,9.00,0.07,9,276.00,0.24,1762,258.00,15.80,252.00,0.10,9,276.00,1.10,1260,209.00,14.90,250.00,0.20,9,276.00,0.70,1428,197.00,16.50,254.00
"2025-04-03 20:30:00",0.20,228.00,9.00,0.07,9,274.00,0.19,1800,263.00,16.60,269.00,0.20,9,274.00,1.10,1263,208.00,15.50,270.00,0.00,9,274.00,0.60,1596,193.00,18.20,269.00
"2025-04-03 20:45:00",0.60,268.00,9.00,0.05,9,274.00,0.22,1800,264.00,16.60,269.00,0.40,9,274.00,1.20,1313,216.00,15.50,269.00,0.50,9,274.00,0.90,1504,205.00,17.30,269.00
"2025-04-03 21:00:00",0.60,244.00,9.00,0.03,9,274.00,0.23,1895,274.00,16.70,270.00,0.50,9,274.00,1.10,1312,211.00,15.70,269.00,0.20,9,274.00,0.60,1635,189.00,18.60,274.00
"2025-04-03 21:15:00",0.30,244.00,9.00,0.07,9,276.00,0.24,1656,246.00,15.70,251.00,0.30,9,276.00,1.20,1185,204.00,14.50,251.00,0.20,9,276.00,0.70,1464,190.00,16.80,251.00
"2025-04-03 21:30:00",0.40,252.00,9.00,0.08,9,274.00,0.22,1747,251.00,16.60,271.00,0.30,9,274.00,1.20,1195,217.00,14.70,270.00,0.20,9,274.00,0.70,1522,198.00,17.60,269.00
"2025-04-03 21:45:00",0.40,257.00,9.00,0.06,9,274.00,0.23,1762,278.00,16.00,271.00,0.30,9,274.00,1.10,1284,235.00,14.50,266.00,0.20,9,274.00,0.70,1608,215.00,17.50,270.00
"2025-04-03 22:00:00",0.50,275.00,9.00,-0.01,9,274.00,0.27,1865,290.00,16.10,270.00,0.30,9,274.00,1.30,1431,236.00,15.40,269.00,0.40,9,274.00,0.80,1552,204.00,17.50,269.00
"2025-04-03 22:15:00",0.70,260.00,9.00,-0.03,9,276.00,0.19,1708,249.00,15.80,252.00,0.50,9,276.00,1.00,1191,206.00,14.50,253.00,0.50,9,276.00,0.70,1550,189.00,17.20,252.00
"2025-04-03 22:30:00",0.40,250.00,9.00,-0.01,9,273.00,0.23,1751,257.00,16.50,271.00,0.30,9,273.00,1.30,1271,218.00,15.10,271.00,0.20,9,273.00,0.80,1665,197.00,18.30,272.00
"2025-04-03 22:45:00",0.50,258.00,9.00,-0.04,9,274.00,0.24,1959,292.00,16.40,269.00,0.40,9,274.00,1.30,1502,236.00,15.80,272.00,0.30,9,274.00,0.90,1766,209.00,18.40,273.00
"2025-04-03 23:00:00",1.00,259.00,9.00,-0.07,9,274.00,0.34,2014,321.00,15.90,268.00,0.80,9,274.00,1.60,1741,271.00,15.90,273.00,0.70,9,274.00,1.30,1846,252.00,17.60,267.00
"2025-04-03 23:15:00",1.70,265.00,9.00,-0.11,9,276.00,0.35,2113,320.00,15.50,253.00,1.20,9,276.00,2.00,1923,288.00,15.50,255.00,1.30,9,276.00,1.30,1783,257.00,15.90,253.00
"2025-04-03 23:30:00",0.60,257.00,9.00,-0.04,9,274.00,0.26,2044,290.00,16.80,271.00,0.50,9,274.00,1.00,1556,242.00,15.90,269.00,0.40,9,274.00,0.80,1638,202.00,18.10,271.00
"2025-04-03 23:45:00",0.20,240.00,9.00,-0.04,9,274.00,0.20,2400,264.00,19.00,272.00,0.10,9,274.00,0.90,1789,239.00,17.20,270.00,0.10,9,274.00,0.80,1825,211.00,18.60,272.00
"2025-04-04 00:00:00",0.50,37.00,9.00,0.06,9,274.00,0.14,2409,241.00,19.60,273.00,-0.50,9,274.00,0.50,1641,215.00,17.40,271.00,0.00,9,274.00,0.40,2038,169.00,21.10,274.00
"2025-04-04 00:15:00",0.30,309.00,9.00,-0.08,9,276.00,0.14,2246,269.00,17.40,255.00,0.00,9,276.00,0.50,1682,208.00,16.70,254.00,0.30,9,276.00,0.60,1422,188.00,16.60,256.00
"2025-04-04 00:30:00",0.10,347.00,9.00,-0.01,9,274.00,0.19,2219,238.00,19.20,274.00,0.00,9,274.00,0.50,1569,197.00,17.70,272.00,0.00,9,274.00,0.50,1392,163.00,18.30,271.00
"2025-04-04 00:45:00",0.10,283.00,9.00,-0.06,9,275.00,0.12,2164,224.00,19.40,275.00,0.10,9,275.00,0.50,1796,194.00,19.00,274.00,0.10,9,275.00,0.50,1543,173.00,18.70,273.00
"2025-04-04 01:00:00",0.50,38.00,9.00,-0.01,9,273.00,0.17,2039,245.00,18.10,272.00,-0.50,9,273.00,0.70,1608,196.00,18.10,272.00,0.00,9,273.00,0.40,1793,165.00,20.50,273.00
"2025-04-04 01:15:00",0.60,22.00,9.00,-0.01,9,276.00,0.14,2051,238.00,17.60,256.00,-0.60,9,276.00,1.10,1069,202.00,13.70,256.00,0.20,9,276.00,0.60,1292,159.00,17.30,255.00
"2025-04-04 01:30:00",0.50,133.00,9.00,0.00,9,274.00,0.14,2486,248.00,19.60,274.00,0.00,9,274.00,0.60,1766,207.00,18.20,274.00,-0.50,9,274.00,0.70,1804,194.00,19.10,274.00
"2025-04-04 01:45:00",0.20,149.00,9.00,0.00,9,273.00,0.17,2247,281.00,18.10,271.00,0.10,9,273.00,0.60,1809,238.00,17.40,265.00,-0.20,9,273.00,0.60,1774,229.00,18.30,265.00
"2025-04-04 02:00:00",0.40,102.00,9.00,0.00,9,274.00,0.17,2398,255.00,19.10,274.00,-0.20,9,274.00,0.80,1842,226.00,17.80,274.00,-0.40,9,274.00,0.90,1859,215.00,18.60,274.00
"2025-04-04 02:15:00",0.70,110.00,9.00,-0.02,9,275.00,0.17,2106,250.00,17.40,255.00,-0.20,9,275.00,0.60,1720,206.00,17.30,254.00,-0.70,9,275.00,1.10,1526,218.00,16.10,255.00
"2025-04-04 02:30:00",1.30,123.00,9.00,-0.05,9,274.00,0.15,2704,280.00,19.40,270.00,-0.10,9,274.00,0.80,2159,258.00,18.30,274.00,-1.30,9,274.00,1.40,2012,291.00,16.80,274.00
"2025-04-04 02:45:00",0.40,149.00,9.00,-0.07,9,273.00,0.18,2306,244.00,19.20,273.00,0.10,9,273.00,0.70,1599,209.00,17.20,271.00,-0.40,9,273.00,0.80,1602,193.00,18.10,273.00
"2025-04-04 03:00:00",0.30,105.00,9.00,-0.01,9,274.00,0.16,2760,282.00,19.60,274.00,-0.10,9,274.00,0.80,1515,238.00,16.00,268.00,-0.20,9,274.00,0.70,1612,223.00,17.40,271.00
"2025-04-04 03:15:00",0.10,42.00,9.00,-0.02,9,275.00,0.14,2242,232.00,18.40,256.00,-0.10,9,275.00,0.80,1410,176.00,17.00,255.00,0.00,9,275.00,0.60,1547,153.00,18.90,256.00
"2025-04-04 03:30:00",0.30,353.00,9.00,0.00,9,274.00,0.17,2317,260.00,18.70,273.00,-0.20,9,274.00,0.70,1855,213.00,18.40,274.00,0.20,9,274.00,0.60,1818,182.00,19.60,274.00
"2025-04-04 03:45:00",0.70,34.00,9.00,0.02,9,273.00,0.16,2418,261.00,19.10,272.00,-0.70,9,273.00,0.60,1937,238.00,17.90,272.00,0.10,9,273.00,0.60,2189,186.00,21.10,273.00
"2025-04-04 04:00:00",0.30,50.00,9.00,-0.03,9,274.00,0.17,2181,256.00,17.80,273.00,-0.30,9,274.00,0.70,1804,217.00,18.10,274.00,-0.10,9,274.00,0.50,2010,168.00,21.30,274.00
"2025-04-04 04:15:00",0.20,139.00,9.00,-0.04,9,275.00,0.18,1842,274.00,15.80,254.00,0.00,9,275.00,0.50,1384,204.00,15.80,251.00,-0.20,9,275.00,0.30,1712,178.00,18.80,254.00
"2025-04-04 04:30:00",0.30,66.00,9.00,-0.03,9,274.00,0.16,2151,249.00,18.50,274.00,-0.30,9,274.00,0.50,1537,204.00,17.30,273.00,-0.20,9,274.00,0.40,1951,149.00,22.20,274.00
"2025-04-04 04:45:00",0.30,33.00,9.00,-0.03,9,273.00,0.15,2307,236.00,19.60,273.00,-0.30,9,273.00,0.40,1979,203.00,19.50,273.00,0.00,9,273.00,0.40,2018,161.00,21.70,273.00
"2025-04-04 05:00:00",0.60,28.00,9.00,0.01,9,273.00,0.13,2362,229.00,20.00,269.00,-0.60,9,273.00,0.40,2103,198.00,20.10,272.00,0.10,9,273.00,0.60,1859,163.00,20.50,273.00
"2025-04-04 05:15:00",0.20,88.00,9.00,-0.04,9,276.00,0.17,2291,257.00,17.90,256.00,-0.10,9,276.00,0.50,2085,196.00,19.30,253.00,-0.20,9,276.00,1.10,1772,207.00,17.90,251.00
"2025-04-04 05:30:00",1.60,135.00,9.00,-0.02,9,273.00,0.20,2657,299.00,18.70,272.00,0.20,9,273.00,0.70,2753,273.00,19.90,270.00,-1.60,9,273.00,1.80,2156,340.00,16.10,273.00
"2025-04-04 05:45:00",1.50,131.00,9.00,0.00,9,274.00,0.19,2541,314.00,18.10,273.00,0.10,9,274.00,0.70,2732,313.00,18.70,269.00,-1.50,9,274.00,1.70,1906,363.00,14.60,269.00
"2025-04-04 06:00:00",2.70,132.00,9.00,0.09,9,273.00,0.32,2924,385.00,17.60,272.00,0.20,9,273.00,1.20,2874,381.00,17.50,272.00,-2.70,9,273.00,2.30,2484,452.00,14.80,273.00
"2025-04-04 06:15:00",2.80,133.00,9.00,0.02,9,275.00,0.21,2504,314.00,17.10,252.00,0.30,9,275.00,1.10,2457,325.00,16.50,253.00,-2.80,9,275.00,2.50,1893,386.00,13.30,254.00
"2025-04-04 06:30:00",1.40,136.00,9.00,0.00,9,274.00,0.20,2429,276.00,18.70,272.00,0.20,9,274.00,0.90,1856,251.00,16.90,273.00,-1.40,9,274.00,1.90,1617,297.00,14.80,271.00
"2025-04-04 06:45:00",1.10,133.00,9.00,0.00,9,273.00,0.21,2300,279.00,18.10,273.00,0.10,9,273.00,1.00,1721,249.00,16.50,271.00,-1.10,9,273.00,2.00,1612,310.00,14.60,269.00
"2025-04-04 07:00:00",2.20,128.00,9.00,-0.01,9,274.00,0.22,2490,317.00,17.80,273.00,0.00,9,274.00,1.10,1973,279.00,16.80,272.00,-2.20,9,274.00,2.60,1818,392.00,13.50,274.00
"2025-04-04 07:15:00",1.40,124.00,9.00,0.01,9,275.00,0.21,2185,252.00,17.70,254.00,-0.10,9,275.00,0.80,1640,223.00,16.40,253.00,-1.40,9,275.00,2.00,1591,264.00,15.00,255.00
"2025-04-04 07:30:00",1.30,129.00,9.00,-0.04,9,273.00,0.22,2372,272.00,18.60,273.00,0.00,9,273.00,1.10,1834,249.00,17.10,268.00,-1.30,9,273.00,2.10,1805,305.00,15.70,272.00
"2025-04-04 07:45:00",1.00,151.00,9.00,-0.03,9,274.00,0.21,2300,274.00,18.30,274.00,0.40,9,274.00,1.00,1970,253.00,17.40,271.00,-0.90,9,274.00,1.40,1947,270.00,17.20,272.00
"2025-04-04 08:00:00",1.40,139.00,9.00,-0.01,9,273.00,0.24,2748,340.00,17.90,272.00,0.30,9,273.00,1.00,2658,317.00,18.00,273.00,-1.40,9,273.00,1.40,2505,335.00,17.50,272.00
"2025-04-04 08:15:00",0.50,133.00,9.00,0.02,9,277.00,0.26,1941,284.00,15.90,254.00,0.00,9,277.00,1.10,1416,225.00,15.20,254.00,-0.50,9,277.00,1.10,1652,232.00,16.30,252.00
"2025-04-04 08:30:00",0.60,161.00,9.00,0.06,9,274.00,0.27,2131,307.00,16.80,268.00,0.30,9,274.00,1.40,1611,251.00,16.00,270.00,-0.50,9,274.00,1.00,1744,253.00,16.70,269.00
"2025-04-04 08:45:00",0.90,153.00,9.00,0.03,9,274.00,0.37,2287,349.00,16.20,271.00,0.40,9,274.00,1.70,1878,294.00,15.90,272.00,-0.90,9,274.00,1.60,1907,294.00,16.10,269.00
"2025-04-04 09:00:00",0.90,167.00,9.00,0.01,9,274.00,0.34,2154,319.00,16.50,271.00,0.50,9,274.00,1.90,1630,279.00,15.30,273.00,-0.70,9,274.00,1.50,1803,282.00,16.10,269.00
"2025-04-04 09:15:00",0.90,126.00,9.00,0.08,9,276.00,0.29,2032,296.00,15.80,252.00,0.00,9,276.00,1.40,1464,240.00,14.90,250.00,-0.90,9,276.00,1.20,1642,264.00,15.00,250.00
"2025-04-04 09:30:00",0.80,147.00,9.00,0.04,9,274.00,0.28,2087,305.00,16.60,269.00,0.30,9,274.00,1.40,1511,247.00,15.70,269.00,-0.70,9,274.00,1.30,1618,275.00,15.50,269.00
"2025-04-04 09:45:00",0.90,160.00,9.00,0.09,9,274.00,0.27,2400,347.00,16.80,270.00,0.50,9,274.00,1.70,1709,267.00,16.00,269.00,-0.70,9,274.00,1.30,1827,297.00,15.80,269.00
"2025-04-04 10:00:00",0.80,150.00,9.00,0.29,2,276.00,0.44,2638,369.00,17.20,275.00,0.30,2,276.00,1.70,2015,285.00,16.80,275.00,-0.70,2,276.00,1.60,2095,284.00,17.20,275.00
"2025-04-04 10:15:00",1.20,128.00,9.00,0.04,2,278.00,0.27,2322,285.00,17.30,253.00,0.00,2,278.00,1.70,1662,239.00,16.00,258.00,-1.20,2,278.00,1.90,1566,250.00,15.20,253.00
"2025-04-04 10:30:00",0.80,122.00,9.00,0.08,2,276.00,0.25,2280,293.00,17.80,272.00,-0.10,2,276.00,1.10,1507,211.00,16.90,273.00,-0.80,2,276.00,1.10,1573,227.00,16.70,272.00
"2025-04-04 10:45:00",1.00,118.00,9.00,0.19,2,276.00,0.43,2428,356.00,16.80,271.00,-0.20,2,276.00,1.50,1767,253.00,16.90,276.00,-1.00,2,276.00,1.60,1851,285.00,16.30,274.00
"2025-04-04 11:00:00",1.10,102.00,9.00,0.13,2,277.00,0.28,2302,301.00,17.80,272.00,-0.50,2,277.00,1.20,1516,208.00,17.10,275.00,-1.00,2,277.00,1.30,1699,243.00,16.70,273.00
"2025-04-04 11:15:00",1.00,150.00,9.00,0.14,2,279.00,0.38,2285,351.00,15.70,254.00,0.40,2,279.00,1.60,1753,258.00,15.80,257.00,-1.00,2,279.00,1.90,1738,281.00,15.10,255.00
"2025-04-04 11:30:00",0.80,106.00,9.00,0.14,2,276.00,0.37,2359,311.00,17.90,271.00,-0.30,2,276.00,1.30,1651,226.00,17.20,271.00,-0.80,2,276.00,1.60,1647,239.00,16.90,272.00
