"2025-04-01 00:00:00",0.70,122.00,9.00,0.02,9,274.00,0.19,377,101.00,11.20,262.00,-0.10,9,274.00,0.90,210,88.00,7.30,162.00,-0.70,9,274.00,1.50,201,72.00,8.70,208.00
"2025-04-01 00:15:00",1.10,117.00,9.00,0.05,9,277.00,0.21,402,127.00,9.90,225.00,-0.20,9,277.00,1.20,244,106.00,6.90,133.00,-1.10,9,277.00,1.50,246,94.00,8.30,199.00
"2025-04-01 00:30:00",0.90,127.00,9.00,0.05,9,274.00,0.20,360,104.00,10.50,249.00,0.00,9,274.00,1.00,231,91.00,7.70,190.00,-0.90,9,274.00,1.40,219,73.00,9.40,230.00
"2025-04-01 00:45:00",1.10,110.00,9.00,0.07,9,274.00,0.20,387,108.00,10.80,259.00,-0.30,9,274.00,1.00,225,96.00,7.00,158.00,-1.00,9,274.00,1.50,260,76.00,10.50,260.00
"2025-04-01 01:00:00",1.60,123.00,9.00,0.08,9,275.00,0.19,407,115.00,10.70,258.00,-0.10,9,275.00,1.00,236,106.00,6.70,142.00,-1.50,9,275.00,1.60,244,85.00,8.90,222.00
"2025-04-01 01:15:00",1.20,115.00,9.00,0.04,9,276.00,0.23,376,135.00,8.50,208.00,-0.30,9,276.00,1.30,247,131.00,5.20,69.00,-1.10,9,276.00,1.40,243,103.00,7.10,160.00
"2025-04-01 01:30:00",1.20,115.00,9.00,0.05,9,274.00,0.22,388,148.00,8.30,202.00,-0.30,9,274.00,1.40,247,136.00,5.00,57.00,-1.10,9,274.00,1.80,248,112.00,6.80,147.00
"2025-04-01 01:45:00",0.70,89.00,9.00,0.03,9,275.00,0.21,375,132.00,8.70,213.00,-0.50,9,275.00,0.90,208,119.00,4.80,49.00,-0.60,9,275.00,1.10,216,95.00,6.90,158.00
"2025-04-01 02:00:00",0.70,152.00,9.00,0.05,9,274.00,0.22,367,130.00,8.60,207.00,0.30,9,274.00,1.20,217,122.00,4.80,56.00,-0.60,9,274.00,0.90,212,97.00,6.60,142.00
"2025-04-01 02:15:00",0.60,171.00,9.00,0.01,9,277.00,0.18,370,127.00,8.90,216.00,0.40,9,277.00,1.00,227,121.00,5.30,79.00,-0.40,9,277.00,0.90,216,97.00,6.70,151.00
"2025-04-01 02:30:00",0.60,258.00,9.00,-0.02,9,274.00,0.21,364,135.00,8.40,201.00,0.40,9,274.00,0.80,240,133.00,5.00,54.00,0.40,9,274.00,0.80,214,105.00,6.10,108.00
"2025-04-01 02:45:00",0.10,83.00,9.00,0.02,9,274.00,0.23,339,133.00,7.80,189.00,-0.10,9,274.00,0.90,238,132.00,5.10,68.00,-0.10,9,274.00,0.70,233,102.00,7.30,157.00
"2025-04-01 03:00:00",0.30,39.00,9.00,0.03,9,275.00,0.21,383,124.00,9.90,234.00,-0.30,9,275.00,0.90,199,101.00,5.80,91.00,0.00,9,275.00,0.80,252,89.00,9.60,238.00
"2025-04-01 03:15:00",0.10,94.00,9.00,0.05,9,276.00,0.18,366,97.00,10.90,241.00,-0.10,9,276.00,1.10,162,82.00,5.70,96.00,-0.10,9,276.00,0.80,188,62.00,9.20,223.00
"2025-04-01 03:30:00",0.20,81.00,9.00,0.08,9,274.00,0.17,359,97.00,10.90,250.00,-0.10,9,274.00,1.00,162,80.00,6.00,105.00,-0.10,9,274.00,0.70,211,60.00,10.60,251.00
"2025-04-01 03:45:00",0.20,84.00,9.00,0.09,9,275.00,0.15,408,101.00,11.80,262.00,-0.10,9,275.00,0.90,165,86.00,5.50,86.00,-0.20,9,275.00,0.70,219,66.00,10.10,234.00
"2025-04-01 04:00:00",0.20,38.00,9.00,0.01,9,274.00,0.15,404,104.00,11.40,253.00,-0.20,9,274.00,0.70,168,89.00,5.40,77.00,0.00,9,274.00,0.60,230,68.00,10.30,239.00
"2025-04-01 04:15:00",0.20,131.00,9.00,0.03,9,277.00,0.19,350,115.00,9.80,228.00,0.00,9,277.00,1.90,197,92.00,6.20,112.00,-0.20,9,277.00,0.80,234,83.00,9.10,213.00
"2025-04-01 04:30:00",0.60,49.00,9.00,0.07,9,273.00,0.20,315,103.00,9.30,219.00,-0.60,9,273.00,0.80,189,104.00,5.20,72.00,-0.10,9,273.00,0.80,224,69.00,10.00,243.00
"2025-04-01 04:45:00",0.70,69.00,9.00,0.11,9,273.00,0.16,340,96.00,10.70,252.00,-0.60,9,273.00,0.70,188,85.00,6.70,141.00,-0.40,9,273.00,0.50,220,66.00,10.20,241.00
"2025-04-01 05:00:00",0.40,348.00,9.00,0.00,9,274.00,0.15,353,98.00,11.00,261.00,-0.30,9,274.00,1.00,169,81.00,6.30,129.00,0.30,9,274.00,0.70,202,67.00,9.30,222.00
"2025-04-01 05:15:00",0.20,59.00,9.00,0.01,9,275.00,0.20,311,101.00,9.50,215.00,-0.10,9,275.00,1.30,207,93.00,6.50,107.00,-0.10,9,275.00,0.90,189,73.00,7.80,156.00
"2025-04-01 05:30:00",0.50,176.00,9.00,0.08,9,274.00,0.16,359,114.00,10.10,231.00,0.40,9,274.00,2.90,217,92.00,7.00,145.00,-0.30,9,274.00,0.60,243,90.00,9.00,198.00
"2025-04-01 05:45:00",0.40,17.00,9.00,-0.01,9,273.00,0.17,361,115.00,9.90,228.00,-0.40,9,273.00,1.10,194,95.00,5.90,87.00,0.10,9,273.00,0.80,208,80.00,8.20,182.00
"2025-04-01 06:00:00",0.30,56.00,9.00,0.01,9,274.00,0.19,324,94.00,10.50,248.00,-0.30,9,274.00,0.70,190,79.00,7.40,160.00,-0.10,9,274.00,0.80,176,64.00,8.60,203.00
"2025-04-01 06:15:00",0.40,40.00,9.00,0.02,9,275.00,0.18,365,96.00,11.10,236.00,-0.40,9,275.00,0.90,174,82.00,6.30,128.00,0.00,9,275.00,0.60,252,66.00,11.20,235.00
"2025-04-01 06:30:00",0.30,326.00,9.00,-0.06,9,273.00,0.16,398,93.00,12.40,264.00,-0.10,9,273.00,0.80,198,77.00,8.00,204.00,0.30,9,273.00,0.70,227,61.00,11.20,257.00
"2025-04-01 06:45:00",0.50,25.00,9.00,0.02,9,274.00,0.16,427,119.00,11.60,249.00,-0.50,9,274.00,1.00,206,89.00,7.20,170.00,0.10,9,274.00,0.70,258,80.00,10.50,235.00
"2025-04-01 07:00:00",0.90,65.00,9.00,0.12,9,273.00,0.40,459,143.00,10.60,243.00,-0.80,9,273.00,0.90,242,108.00,6.90,144.00,-0.40,9,273.00,0.70,284,96.00,10.10,232.00
"2025-04-01 07:15:00",0.40,68.00,9.00,0.05,9,276.00,0.20,351,98.00,10.50,242.00,-0.40,9,276.00,1.10,202,100.00,5.80,86.00,-0.20,9,276.00,0.70,200,62.00,9.60,228.00
"2025-04-01 07:30:00",0.80,242.00,9.00,0.06,9,274.00,0.22,378,106.00,10.80,254.00,0.80,9,274.00,1.40,224,105.00,6.30,123.00,0.30,9,274.00,1.00,227,67.00,10.40,246.00
"2025-04-01 07:45:00",0.10,54.00,9.00,0.00,9,274.00,0.21,329,103.00,9.90,236.00,-0.10,9,274.00,1.50,232,97.00,7.20,153.00,0.00,9,274.00,1.00,200,63.00,9.80,239.00
"2025-04-01 08:00:00",0.40,305.00,9.00,0.09,9,274.00,0.27,372,103.00,10.80,247.00,0.00,9,274.00,1.50,324,101.00,9.30,210.00,0.40,9,274.00,1.40,283,68.00,11.90,265.00
"2025-04-01 08:15:00",0.50,262.00,9.00,0.09,9,277.00,0.30,403,174.00,7.60,165.00,0.40,9,277.00,1.30,282,142.00,5.90,100.00,0.40,9,277.00,1.30,276,113.00,8.10,180.00
"2025-04-01 08:30:00",0.30,12.00,9.00,0.05,9,274.00,0.30,421,110.00,11.20,257.00,-0.30,9,274.00,2.20,330,113.00,8.80,205.00,0.10,9,274.00,1.30,323,75.00,12.10,260.00
"2025-04-01 08:45:00",0.80,327.00,9.00,0.25,9,274.00,0.40,406,125.00,9.80,247.00,-0.30,9,274.00,1.60,339,117.00,8.80,205.00,0.70,9,274.00,2.00,298,81.00,10.90,253.00
"2025-04-01 09:00:00",0.80,12.00,9.00,-0.04,9,274.00,0.23,359,113.00,10.00,245.00,-0.70,9,274.00,1.30,291,109.00,8.20,202.00,0.40,9,274.00,1.20,274,70.00,11.50,257.00
"2025-04-01 09:15:00",1.10,21.00,9.00,-0.07,9,277.00,0.22,347,114.00,9.20,219.00,-1.00,9,277.00,1.30,269,115.00,6.90,134.00,0.30,9,277.00,0.90,254,84.00,9.40,198.00
"2025-04-01 09:30:00",1.30,346.00,9.00,-0.04,9,273.00,0.37,545,171.00,10.30,230.00,-0.80,9,273.00,1.60,450,149.00,9.30,203.00,1.10,9,273.00,1.90,416,123.00,11.10,244.00
"2025-04-01 09:45:00",1.40,331.00,9.00,-0.09,9,274.00,0.31,441,116.00,11.30,247.00,-0.50,9,274.00,2.00,343,101.00,9.90,227.00,1.30,9,274.00,1.60,322,82.00,11.30,246.00
"2025-04-01 10:00:00",1.50,7.00,9.00,0.01,2,274.00,0.36,389,108.00,10.70,254.00,-1.30,2,274.00,1.50,288,103.00,8.30,196.00,0.80,2,274.00,1.50,271,77.00,10.60,250.00
"2025-04-01 10:15:00",1.90,333.00,9.00,0.26,2,276.00,0.45,334,106.00,9.50,224.00,-0.80,2,276.00,2.60,221,92.00,7.10,150.00,1.80,2,276.00,3.90,215,76.00,8.50,205.00
"2025-04-01 10:30:00",2.10,271.00,9.00,-0.08,2,275.00,0.48,324,98.00,10.10,237.00,1.20,2,275.00,2.90,229,84.00,8.20,177.00,1.60,2,275.00,2.30,226,72.00,9.70,232.00
"2025-04-01 10:45:00",2.20,274.00,9.00,0.11,2,276.00,0.64,395,137.00,9.70,220.00,1.20,2,276.00,3.50,297,118.00,8.20,180.00,1.90,2,276.00,3.00,268,101.00,9.10,216.00
"2025-04-01 11:00:00",1.80,289.00,9.00,0.08,2,275.00,0.48,375,133.00,9.10,213.00,0.60,2,275.00,3.10,268,106.00,7.80,157.00,1.70,2,275.00,2.80,254,95.00,8.70,212.00
"2025-04-01 11:15:00",2.10,280.00,9.00,0.20,2,278.00,0.60,339,110.00,9.50,229.00,1.00,2,278.00,2.60,264,92.00,8.50,188.00,1.80,2,278.00,2.90,251,80.00,9.50,222.00
"2025-04-01 11:30:00",2.40,286.00,9.00,-0.02,2,276.00,0.58,361,98.00,11.00,261.00,0.90,2,276.00,2.70,275,83.00,9.80,231.00,2.20,2,276.00,2.70,267,72.00,11.00,256.00
"2025-04-01 11:45:00",2.70,310.00,9.00,0.08,2,276.00,0.55,374,109.00,10.50,247.00,-0.10,2,276.00,3.10,278,86.00,9.40,214.00,2.70,2,276.00,2.80,286,77.00,10.90,247.00
"2025-04-01 12:00:00",3.40,291.00,9.00,0.08,2,276.00,0.68,329,99.00,10.10,245.00,1.00,2,276.00,3.60,262,80.00,9.40,216.00,3.20,2,276.00,4.20,222,72.00,9.40,230.00
"2025-04-01 12:15:00",2.00,309.00,9.00,0.02,2,278.00,0.47,342,134.00,8.30,199.00,0.00,2,278.00,2.60,250,108.00,7.20,150.00,2.00,2,278.00,3.10,243,105.00,7.50,171.00
"2025-04-01 12:30:00",1.40,292.00,9.00,-0.02,2,275.00,0.36,291,95.00,9.40,232.00,0.40,2,275.00,2.80,185,78.00,7.10,163.00,1.30,2,275.00,2.20,195,71.00,8.90,226.00
"2025-04-01 12:45:00",1.70,282.00,9.00,-0.01,2,276.00,0.39,305,111.00,8.80,216.00,0.80,2,276.00,2.70,229,100.00,7.40,176.00,1.50,2,276.00,2.80,230,93.00,8.10,199.00
"2025-04-01 13:00:00",1.20,259.00,9.00,0.08,2,276.00,0.33,305,105.00,9.30,222.00,0.90,2,276.00,2.70,213,90.00,7.60,180.00,0.80,2,276.00,1.90,209,73.00,9.40,230.00
"2025-04-01 13:15:00",1.50,272.00,9.00,0.05,2,278.00,0.40,296,106.00,8.70,203.00,0.90,2,278.00,3.20,216,88.00,7.70,172.00,1.20,2,278.00,2.30,199,74.00,8.40,204.00
"2025-04-01 13:30:00",2.40,285.00,9.00,-0.08,2,276.00,0.47,344,127.00,8.80,204.00,0.90,2,276.00,4.10,252,101.00,7.60,165.00,2.20,2,276.00,3.80,243,96.00,8.30,195.00
"2025-04-01 13:45:00",1.40,305.00,9.00,-0.04,2,275.00,0.32,289,93.00,9.60,224.00,0.10,2,275.00,2.00,185,72.00,7.90,188.00,1.40,2,275.00,2.00,195,72.00,8.90,213.00
"2025-04-01 14:00:00",1.30,289.00,9.00,0.08,2,276.00,0.48,317,95.00,10.40,250.00,0.40,2,276.00,2.60,227,82.00,8.70,210.00,1.20,2,276.00,2.40,230,69.00,10.30,256.00
"2025-04-01 14:15:00",0.80,306.00,9.00,0.00,2,278.00,0.31,285,100.00,8.90,205.00,0.00,2,278.00,2.40,204,80.00,7.50,154.00,0.80,2,278.00,1.90,193,66.00,9.10,209.00
"2025-04-01 14:30:00",1.40,294.00,9.00,0.06,2,276.00,0.34,271,94.00,9.00,207.00,0.30,2,276.00,2.60,190,81.00,7.20,155.00,1.40,2,276.00,2.60,181,69.00,8.70,195.00
"2025-04-01 14:45:00",2.00,299.00,9.00,-0.03,2,276.00,0.49,279,107.00,8.30,185.00,0.30,2,276.00,3.10,189,81.00,7.00,135.00,2.00,2,276.00,3.80,193,76.00,8.30,203.00
"2025-04-01 15:00:00",3.80,282.00,9.00,-0.08,2,276.00,0.67,295,103.00,8.90,205.00,1.70,2,276.00,4.20,228,86.00,8.20,188.00,3.50,2,276.00,4.50,207,74.00,8.70,208.00
"2025-04-01 15:15:00",2.80,281.00,9.00,0.00,2,279.00,0.49,257,90.00,8.80,211.00,1.30,2,279.00,3.40,189,76.00,7.60,189.00,2.50,2,279.00,4.00,189,67.00,8.90,222.00
"2025-04-01 15:30:00",3.10,298.00,9.00,-0.12,2,276.00,0.61,269,93.00,9.00,218.00,0.50,2,276.00,3.40,220,86.00,8.00,195.00,3.00,2,276.00,3.90,193,69.00,8.80,224.00
"2025-04-01 15:45:00",2.40,295.00,9.00,-0.08,2,277.00,0.43,277,94.00,9.20,227.00,0.50,2,277.00,2.50,205,80.00,7.80,179.00,2.30,2,277.00,3.40,188,65.00,9.10,237.00
"2025-04-01 16:00:00",1.10,277.00,9.00,0.00,2,276.00,0.29,264,95.00,8.60,204.00,0.60,2,276.00,2.00,181,85.00,6.40,123.00,0.90,2,276.00,2.10,181,69.00,8.40,208.00
"2025-04-01 16:15:00",0.90,279.00,9.00,-0.03,2,277.00,0.28,290,116.00,7.90,190.00,0.50,2,277.00,2.00,195,90.00,6.40,114.00,0.80,2,277.00,2.10,203,87.00,7.70,175.00
"2025-04-01 16:30:00",1.30,267.00,9.00,-0.03,2,276.00,0.26,261,91.00,8.80,201.00,0.90,2,276.00,2.50,172,77.00,6.80,144.00,1.00,2,276.00,2.10,167,67.00,7.90,189.00
"2025-04-01 16:45:00",1.00,290.00,9.00,0.01,2,276.00,0.30,252,91.00,8.70,215.00,0.30,2,276.00,2.10,167,74.00,6.80,137.00,1.00,2,276.00,1.80,166,65.00,8.10,198.00
"2025-04-01 17:00:00",0.50,253.00,9.00,0.01,2,276.00,0.22,277,96.00,9.20,215.00,0.40,2,276.00,1.70,174,79.00,6.60,131.00,0.30,2,276.00,1.00,169,64.00,8.30,200.00
"2025-04-01 17:15:00",0.70,279.00,9.00,0.00,2,277.00,0.28,265,99.00,8.30,190.00,0.40,2,277.00,1.90,170,86.00,5.80,101.00,0.60,2,277.00,1.90,173,72.00,7.60,176.00
"2025-04-01 17:30:00",0.60,256.00,9.00,0.03,2,276.00,0.23,266,89.00,9.30,234.00,0.50,2,276.00,1.70,163,75.00,6.60,138.00,0.40,2,276.00,1.10,172,63.00,8.50,209.00
"2025-04-01 17:45:00",0.60,244.00,9.00,0.05,2,276.00,0.26,316,110.00,9.30,231.00,0.60,2,276.00,1.80,183,91.00,6.00,108.00,0.30,2,276.00,1.60,206,82.00,8.20,196.00
"2025-04-01 18:00:00",0.20,241.00,9.00,0.06,9,276.00,0.20,277,93.00,9.30,215.00,0.20,9,276.00,1.50,162,79.00,6.10,113.00,0.10,9,276.00,0.90,194,73.00,8.50,201.00
"2025-04-01 18:15:00",0.40,243.00,9.00,0.05,9,277.00,0.24,284,91.00,9.50,220.00,0.40,9,277.00,1.60,160,78.00,6.00,105.00,0.20,9,277.00,0.90,179,61.00,9.00,204.00
"2025-04-01 18:30:00",0.30,223.00,9.00,0.06,9,274.00,0.24,349,126.00,9.50,214.00,0.30,9,274.00,1.50,201,100.00,6.10,112.00,0.00,9,274.00,0.80,235,94.00,9.00,204.00
"2025-04-01 18:45:00",0.30,212.00,9.00,0.07,9,274.00,0.23,285,94.00,9.40,231.00,0.30,9,274.00,1.50,164,83.00,5.80,101.00,0.00,9,274.00,0.80,193,65.00,9.10,218.00
"2025-04-01 19:00:00",0.20,276.00,9.00,0.06,9,274.00,0.21,299,95.00,9.70,231.00,0.10,9,274.00,1.60,172,87.00,5.80,91.00,0.20,9,274.00,0.80,201,61.00,10.00,235.00
"2025-04-01 19:15:00",1.00,230.00,9.00,0.02,9,276.00,0.20,333,122.00,8.60,206.00,1.00,9,276.00,1.60,195,102.00,5.40,81.00,0.20,9,276.00,0.90,226,90.00,8.00,193.00
"2025-04-01 19:30:00",1.30,229.00,9.00,0.03,9,274.00,0.24,319,105.00,9.40,236.00,1.30,9,274.00,1.70,183,96.00,5.50,84.00,0.20,9,274.00,1.00,209,71.00,9.20,223.00
"2025-04-01 19:45:00",0.80,233.00,9.00,0.04,9,274.00,0.22,327,90.00,10.90,255.00,0.80,9,274.00,1.40,172,88.00,5.70,104.00,0.20,9,274.00,0.90,205,58.00,10.70,251.00
"2025-04-01 20:00:00",0.30,267.00,9.00,0.03,9,274.00,0.21,329,95.00,10.50,256.00,0.20,9,274.00,1.40,180,91.00,5.80,101.00,0.20,9,274.00,0.80,205,60.00,10.40,247.00
"2025-04-01 20:15:00",0.20,219.00,9.00,0.05,9,276.00,0.22,319,96.00,10.00,238.00,0.20,9,276.00,1.50,184,95.00,5.40,84.00,0.00,9,276.00,0.80,197,61.00,9.80,231.00
"2025-04-01 20:30:00",0.10,259.00,9.00,0.06,9,274.00,0.26,308,99.00,9.50,229.00,0.10,9,274.00,1.40,181,91.00,5.80,94.00,0.10,9,274.00,0.90,206,65.00,9.70,240.00
"2025-04-01 20:45:00",0.10,179.00,9.00,0.11,9,274.00,0.24,426,153.00,9.70,222.00,0.10,9,274.00,1.70,242,122.00,6.00,110.00,0.00,9,274.00,1.00,283,114.00,8.90,207.00
"2025-04-01 21:00:00",0.60,294.00,9.00,0.04,9,273.00,0.24,315,99.00,9.90,234.00,0.10,9,273.00,2.00,182,81.00,7.00,148.00,0.60,9,273.00,1.90,214,79.00,8.80,206.00
"2025-04-01 21:15:00",1.20,250.00,9.00,0.01,9,277.00,0.27,299,100.00,9.10,223.00,1.00,9,277.00,1.60,185,85.00,6.60,145.00,0.60,9,277.00,1.30,213,88.00,7.60,166.00
"2025-04-01 21:30:00",2.10,266.00,9.00,0.01,9,274.00,0.28,364,115.00,10.00,230.00,1.40,9,274.00,2.10,247,105.00,7.60,167.00,1.60,9,274.00,2.30,262,113.00,7.90,179.00
"2025-04-01 21:45:00",2.10,275.00,9.00,0.02,9,274.00,0.29,349,96.00,10.90,258.00,1.10,9,274.00,2.30,226,78.00,8.90,212.00,1.80,9,274.00,2.70,234,76.00,9.50,249.00
"2025-04-01 22:00:00",1.20,269.00,9.00,0.07,9,273.00,0.30,394,120.00,10.70,239.00,0.80,9,273.00,2.20,229,92.00,8.00,192.00,1.00,9,273.00,1.70,266,91.00,9.70,224.00
"2025-04-01 22:15:00",1.40,259.00,9.00,0.05,9,277.00,0.25,397,146.00,9.10,201.00,1.10,9,277.00,2.20,243,108.00,6.80,104.00,0.90,9,277.00,1.50,263,105.00,8.40,172.00
"2025-04-01 22:30:00",1.40,267.00,9.00,0.00,9,273.00,0.23,357,100.00,10.70,238.00,0.90,9,273.00,1.50,219,95.00,7.00,107.00,1.00,9,273.00,1.30,225,69.00,10.00,225.00
"2025-04-01 22:45:00",1.20,264.00,9.00,0.03,9,275.00,0.25,373,99.00,11.20,242.00,0.80,9,275.00,2.10,230,90.00,7.90,158.00,0.80,9,275.00,1.30,238,69.00,10.50,232.00
"2025-04-01 23:00:00",2.00,264.00,9.00,-0.07,9,274.00,0.27,361,106.00,10.30,237.00,1.40,9,274.00,2.20,248,107.00,7.00,110.00,1.40,9,274.00,1.60,240,68.00,10.60,240.00
"2025-04-01 23:15:00",0.60,270.00,9.00,-0.01,9,276.00,0.22,340,102.00,10.00,238.00,0.40,9,276.00,1.70,208,98.00,6.30,122.00,0.50,9,276.00,1.00,226,66.00,10.10,234.00
"2025-04-01 23:30:00",1.40,277.00,9.00,0.01,9,273.00,0.32,432,157.00,9.60,216.00,0.70,9,273.00,2.50,281,125.00,6.80,135.00,1.20,9,273.00,1.80,297,116.00,9.20,206.00
"2025-04-01 23:45:00",0.30,274.00,9.00,0.01,9,274.00,0.26,330,97.00,10.30,258.00,0.20,9,274.00,2.00,192,84.00,6.80,149.00,0.30,9,274.00,1.10,218,65.00,10.20,243.00
"2025-04-02 00:00:00",0.50,247.00,9.00,0.04,9,274.00,0.30,394,153.00,9.10,206.00,0.50,9,274.00,2.00,222,106.00,6.30,131.00,0.30,9,274.00,1.30,260,106.00,8.60,195.00
"2025-04-02 00:15:00",1.20,260.00,9.00,-0.03,9,277.00,0.25,307,95.00,9.80,233.00,0.90,9,277.00,1.70,177,84.00,6.30,134.00,0.80,9,277.00,1.40,201,66.00,9.30,225.00
"2025-04-02 00:30:00",1.30,263.00,9.00,-0.03,9,274.00,0.23,320,92.00,10.50,252.00,0.90,9,274.00,1.70,186,79.00,7.20,171.00,0.90,9,274.00,1.20,199,61.00,10.00,247.00
"2025-04-02 00:45:00",1.40,240.00,9.00,0.00,9,274.00,0.24,370,137.00,9.10,211.00,1.30,9,274.00,2.00,222,104.00,6.50,127.00,0.50,9,274.00,1.10,253,101.00,8.70,207.00
"2025-04-02 01:00:00",0.60,247.00,9.00,0.02,9,275.00,0.21,320,91.00,10.60,248.00,0.50,9,275.00,1.40,169,71.00,7.30,176.00,0.30,9,275.00,0.90,207,66.00,9.80,232.00
"2025-04-02 01:15:00",0.90,264.00,9.00,-0.01,9,276.00,0.24,590,325.00,6.60,110.00,0.60,9,276.00,1.70,496,301.00,5.10,57.00,0.60,9,276.00,1.10,581,350.00,5.70,80.00
"2025-04-02 01:30:00",0.30,350.00,9.00,0.01,9,274.00,0.25,444,221.00,6.90,127.00,-0.20,9,274.00,1.50,352,211.00,5.00,52.00,0.20,9,274.00,0.70,409,236.00,5.80,79.00
"2025-04-02 01:45:00",1.40,283.00,9.00,-0.08,9,274.00,0.29,508,259.00,6.90,132.00,0.60,9,274.00,1.20,402,234.00,5.10,52.00,1.20,9,274.00,1.60,488,279.00,5.70,85.00
"2025-04-02 02:00:00",1.10,251.00,9.00,-0.01,9,274.00,0.27,380,128.00,10.00,230.00,1.00,9,274.00,1.60,223,99.00,7.40,170.00,0.60,9,274.00,1.10,260,99.00,9.00,210.00
"2025-04-02 02:15:00",2.60,233.00,9.00,0.03,9,277.00,0.29,340,96.00,10.60,243.00,2.50,9,277.00,2.60,222,81.00,8.40,212.00,0.70,9,277.00,1.40,236,72.00,10.00,236.00
"2025-04-02 02:30:00",2.30,252.00,9.00,-0.02,9,274.00,0.29,392,107.00,11.40,252.00,1.90,9,274.00,2.40,275,93.00,9.30,231.00,1.30,9,274.00,1.70,296,97.00,10.20,233.00
"2025-04-02 02:45:00",2.10,245.00,9.00,-0.01,9,274.00,0.28,457,193.00,9.30,180.00,1.90,9,274.00,2.40,364,181.00,7.50,155.00,0.90,9,274.00,1.50,417,204.00,8.50,170.00
"2025-04-02 03:00:00",2.20,250.00,0.00,0.04,9,275.00,0.30,555,314.00,5.30,66.00,1.80,0,275.00,2.40,507,310.00,4.50,33.00,1.10,0,275.00,2.50,576,358.00,4.40,32.00
"2025-04-02 03:15:00",1.60,250.00,9.00,-0.03,9,277.00,0.26,466,206.00,8.10,167.00,1.30,9,277.00,1.50,363,200.00,5.70,87.00,0.80,9,277.00,1.20,424,231.00,6.20,111.00
"2025-04-02 03:30:00",1.50,263.00,9.00,-0.02,9,274.00,0.27,410,152.00,9.10,201.00,1.00,9,274.00,1.20,294,134.00,7.10,145.00,1.10,9,274.00,1.30,310,146.00,7.40,148.00
"2025-04-02 03:45:00",1.30,228.00,9.00,-0.01,9,275.00,0.24,425,100.00,12.20,270.00,1.30,9,275.00,1.30,257,82.00,9.50,227.00,0.20,9,275.00,1.00,276,76.00,11.20,259.00
"2025-04-02 04:00:00",1.80,236.00,9.00,0.00,9,274.00,0.28,421,103.00,11.80,262.00,1.70,9,274.00,1.60,295,89.00,9.60,230.00,0.50,9,274.00,1.20,311,73.00,12.30,268.00
"2025-04-02 04:15:00",1.80,252.00,9.00,0.02,9,276.00,0.24,427,99.00,12.00,249.00,1.50,9,276.00,1.60,269,88.00,9.10,219.00,1.00,9,276.00,1.30,304,72.00,11.80,254.00
"2025-04-02 04:30:00",2.30,232.00,9.00,0.10,9,274.00,0.24,494,115.00,12.20,267.00,2.30,2,274.00,2.00,310,106.00,8.70,214.00,0.50,9,274.00,1.20,352,85.00,11.90,262.00
"2025-04-02 04:45:00",1.80,237.00,9.00,0.12,9,274.00,0.20,552,139.00,12.00,260.00,1.70,9,274.00,1.40,346,128.00,8.10,193.00,0.60,9,274.00,1.20,437,103.00,12.70,265.00
"2025-04-02 05:00:00",1.70,234.00,9.00,0.13,9,273.00,0.22,538,124.00,12.40,265.00,1.60,9,273.00,1.10,380,124.00,9.10,217.00,0.50,9,273.00,1.10,385,94.00,12.00,267.00
"2025-04-02 05:15:00",1.40,245.00,9.00,0.16,9,276.00,0.23,428,118.00,10.70,241.00,1.30,9,276.00,1.50,286,124.00,6.90,137.00,0.60,9,276.00,1.40,332,93.00,10.70,235.00
"2025-04-02 05:30:00",0.60,268.00,9.00,0.09,9,273.00,0.24,415,120.00,10.40,242.00,0.40,9,273.00,1.10,277,125.00,6.40,114.00,0.50,9,273.00,1.10,317,92.00,10.40,238.00
"2025-04-02 05:45:00",0.70,265.00,9.00,-0.06,9,274.00,0.34,395,128.00,9.50,219.00,0.50,9,274.00,1.00,251,123.00,6.00,108.00,0.50,9,274.00,0.90,282,93.00,9.40,214.00
"2025-04-02 06:00:00",1.50,246.00,9.00,0.11,9,273.00,0.21,438,133.00,10.30,242.00,1.30,9,273.00,1.10,333,139.00,7.20,134.00,0.70,9,273.00,1.10,324,101.00,10.00,231.00
"2025-04-02 06:15:00",1.70,244.00,9.00,0.15,9,276.00,0.24,456,125.00,10.80,241.00,1.50,9,276.00,1.30,348,113.00,9.00,198.00,0.80,9,276.00,1.20,327,93.00,10.40,230.00
"2025-04-02 06:30:00",1.50,239.00,9.00,0.14,9,273.00,0.25,589,131.00,12.50,263.00,1.40,9,273.00,1.30,422,128.00,9.60,203.00,0.50,9,273.00,1.30,446,96.00,12.90,268.00
"2025-04-02 06:45:00",0.70,275.00,9.00,0.09,9,273.00,0.23,568,127.00,12.70,267.00,0.40,9,273.00,1.60,398,124.00,9.50,216.00,0.60,9,273.00,1.20,428,97.00,12.60,266.00
"2025-04-02 07:00:00",0.90,16.00,9.00,0.16,9,274.00,0.30,540,133.00,11.90,261.00,-0.90,9,274.00,1.50,443,133.00,10.10,232.00,0.30,9,274.00,1.30,397,104.00,11.60,249.00
"2025-04-02 07:15:00",1.00,358.00,9.00,0.08,9,275.00,0.25,436,115.00,11.10,243.00,-0.80,9,275.00,1.60,333,99.00,9.90,215.00,0.60,9,275.00,1.30,351,88.00,11.50,243.00
"2025-04-02 07:30:00",0.30,296.00,9.00,0.03,9,274.00,0.23,501,240.00,6.80,129.00,0.10,9,274.00,0.90,366,219.00,4.70,43.00,0.30,9,274.00,1.10,446,251.00,5.50,79.00
"2025-04-02 07:45:00",0.70,246.00,9.00,0.00,9,275.00,0.21,398,106.00,11.40,256.00,0.60,9,275.00,1.00,241,92.00,8.10,195.00,0.30,9,275.00,0.90,265,82.00,10.10,236.00
"2025-04-02 08:00:00",0.20,151.00,9.00,0.02,9,274.00,0.18,371,105.00,10.80,244.00,0.10,9,274.00,0.80,217,95.00,7.00,138.00,-0.20,9,274.00,0.70,262,77.00,10.70,238.00
"2025-04-02 08:15:00",0.30,186.00,9.00,-0.02,9,275.00,0.27,425,116.00,10.80,232.00,0.30,9,275.00,1.30,365,103.00,10.30,216.00,-0.20,9,275.00,1.00,367,82.00,12.20,242.00
"2025-04-02 08:30:00",0.20,312.00,9.00,0.10,9,275.00,0.27,417,108.00,11.40,256.00,0.00,9,275.00,1.00,310,89.00,10.10,227.00,0.20,9,275.00,1.20,331,75.00,12.40,258.00
"2025-04-02 08:45:00",0.50,114.00,9.00,0.01,9,274.00,0.23,461,179.00,9.10,194.00,-0.10,9,274.00,0.90,356,131.00,8.10,147.00,-0.50,9,274.00,1.30,320,119.00,9.50,212.00
"2025-04-02 09:00:00",0.30,79.00,9.00,-0.08,9,274.00,0.29,415,127.00,10.10,224.00,-0.30,9,274.00,1.30,420,115.00,10.60,214.00,-0.20,9,274.00,1.50,350,104.00,10.90,235.00
"2025-04-02 09:15:00",0.80,32.00,9.00,-0.06,9,276.00,0.29,428,201.00,7.00,125.00,-0.80,9,276.00,2.40,346,181.00,6.00,79.00,0.10,9,276.00,1.00,366,190.00,6.70,116.00
"2025-04-02 09:30:00",2.50,302.00,0.00,-0.06,9,274.00,0.28,559,326.00,5.00,47.00,0.30,0,274.00,7.60,531,330.00,4.20,13.00,2.50,0,274.00,2.60,595,377.00,4.10,9.00
"2025-04-02 09:45:00",3.10,240.00,9.00,-0.08,9,274.00,0.36,368,139.00,9.10,203.00,2.90,2,274.00,2.40,281,130.00,7.20,139.00,1.20,9,274.00,1.50,296,126.00,8.70,186.00
"2025-04-02 10:00:00",1.60,236.00,9.00,-0.02,2,274.00,0.29,349,135.00,8.90,195.00,1.50,2,274.00,2.00,240,112.00,6.60,115.00,0.50,2,274.00,1.10,263,96.00,9.70,218.00
"2025-04-02 10:15:00",0.40,209.00,9.00,0.06,2,276.00,0.21,325,127.00,8.30,168.00,0.30,2,276.00,1.10,203,108.00,5.40,55.00,-0.10,2,276.00,0.80,220,84.00,8.50,165.00
"2025-04-02 10:30:00",0.30,242.00,9.00,0.02,9,274.00,0.22,308,93.00,10.20,227.00,0.30,9,274.00,1.20,166,80.00,6.10,86.00,0.10,9,274.00,0.90,196,64.00,9.80,218.00
"2025-04-02 10:45:00",0.10,249.00,9.00,-0.03,9,275.00,0.20,288,90.00,9.80,219.00,0.10,9,275.00,1.10,165,78.00,6.30,79.00,0.10,9,275.00,0.80,191,62.00,9.60,210.00
"2025-04-02 11:00:00",1.40,249.00,9.00,-0.01,2,274.00,0.22,316,104.00,9.60,204.00,1.20,2,274.00,2.50,183,83.00,6.60,91.00,0.70,2,274.00,1.80,191,66.00,9.10,205.00
"2025-04-02 11:15:00",1.30,269.00,9.00,0.09,2,276.00,0.37,297,121.00,7.50,186.00,0.80,2,276.00,2.80,248,124.00,5.60,83.00,1.00,2,276.00,2.90,203,88.00,6.90,149.00
"2025-04-02 11:30:00",1.40,243.00,0.00,0.04,2,274.00,0.36,373,161.00,7.40,163.00,1.20,0,274.00,1.80,265,151.00,4.70,37.00,0.60,2,274.00,1.40,276,131.00,6.70,142.00
"2025-04-02 11:45:00",1.60,248.00,9.00,0.16,2,275.00,0.39,316,114.00,8.50,210.00,1.30,2,275.00,2.90,234,114.00,6.00,104.00,0.80,2,275.00,2.10,216,85.00,7.80,186.00
"2025-04-02 12:00:00",2.40,264.00,9.00,0.44,2,275.00,0.72,328,104.00,9.70,242.00,1.70,2,275.00,3.40,298,99.00,8.90,208.00,1.70,2,275.00,3.50,254,79.00,9.80,247.00
"2025-04-02 12:15:00",0.90,333.00,9.00,0.09,2,278.00,0.47,253,85.00,9.10,221.00,-0.40,2,278.00,1.90,168,69.00,7.20,151.00,0.80,2,278.00,2.30,172,58.00,8.90,219.00
"2025-04-02 12:30:00",0.80,296.00,9.00,0.03,2,276.00,0.30,325,123.00,9.20,206.00,0.20,2,276.00,1.70,231,110.00,7.00,129.00,0.80,2,276.00,1.90,272,123.00,8.50,191.00
"2025-04-02 12:45:00",0.70,267.00,9.00,0.05,2,276.00,0.35,407,161.00,9.00,208.00,0.50,2,276.00,1.40,248,114.00,6.90,142.00,0.60,2,276.00,1.40,262,110.00,8.40,184.00
"2025-04-02 13:00:00",0.90,304.00,9.00,-0.03,2,274.00,0.32,307,135.00,7.50,162.00,0.10,2,274.00,1.30,228,115.00,6.20,111.00,0.90,2,274.00,1.70,250,125.00,6.80,128.00
"2025-04-02 13:15:00",1.00,292.00,9.00,0.04,2,276.00,0.28,271,91.00,9.00,198.00,0.30,2,276.00,1.50,170,72.00,6.60,125.00,1.00,2,276.00,1.70,185,64.00,8.70,202.00
"2025-04-02 13:30:00",1.50,284.00,9.00,0.11,2,276.00,0.46,340,130.00,8.70,201.00,0.60,2,276.00,3.30,265,119.00,7.30,144.00,1.30,2,276.00,2.60,268,123.00,7.90,176.00
"2025-04-02 13:45:00",1.50,246.00,9.00,-0.07,2,276.00,0.26,384,145.00,9.60,203.00,1.40,2,276.00,1.50,278,130.00,7.60,148.00,0.70,2,276.00,0.90,303,139.00,8.50,170.00
"2025-04-02 14:00:00",1.30,243.00,9.00,0.07,2,274.00,0.34,353,107.00,10.50,234.00,1.10,2,274.00,1.80,258,86.00,9.20,206.00,0.50,2,274.00,1.10,247,76.00,10.70,241.00
"2025-04-02 14:15:00",1.20,291.00,9.00,-0.02,2,276.00,0.25,341,139.00,8.00,145.00,0.40,2,276.00,1.20,211,103.00,6.20,79.00,1.20,2,276.00,1.50,227,100.00,7.60,138.00
"2025-04-02 14:30:00",0.70,347.00,9.00,-0.02,2,276.00,0.24,273,103.00,8.20,167.00,-0.50,2,276.00,1.60,172,77.00,6.70,95.00,0.60,2,276.00,1.40,192,67.00,8.90,188.00
"2025-04-02 14:45:00",1.30,269.00,9.00,-0.06,2,276.00,0.28,280,135.00,6.30,97.00,0.80,2,276.00,1.70,176,88.00,5.90,67.00,1.00,2,276.00,1.90,190,83.00,7.10,113.00
"2025-04-02 15:00:00",1.60,273.00,9.00,0.06,2,275.00,0.35,318,158.00,6.00,65.00,0.90,2,275.00,3.10,237,106.00,6.60,97.00,1.30,2,275.00,2.80,216,90.00,7.40,131.00
"2025-04-02 15:15:00",2.40,277.00,9.00,-0.22,2,278.00,0.56,289,140.00,6.30,110.00,1.30,2,278.00,3.10,200,99.00,6.00,90.00,2.10,2,278.00,2.70,190,81.00,7.20,154.00
"2025-04-02 15:30:00",2.90,272.00,9.00,0.00,2,276.00,0.58,295,122.00,7.60,167.00,1.70,2,276.00,4.10,222,95.00,7.00,126.00,2.40,2,276.00,4.00,221,93.00,7.70,175.00
"2025-04-02 15:45:00",1.80,303.00,9.00,0.05,2,276.00,0.34,252,91.00,8.70,212.00,0.20,2,276.00,2.80,166,72.00,7.10,152.00,1.80,2,276.00,3.30,178,66.00,8.70,210.00
"2025-04-02 16:00:00",2.40,257.00,9.00,0.02,2,275.00,0.49,284,91.00,9.70,234.00,1.90,2,275.00,4.10,191,71.00,8.20,197.00,1.50,2,275.00,3.00,212,62.00,10.50,247.00
"2025-04-02 16:15:00",1.10,237.00,9.00,-0.05,2,278.00,0.31,244,77.00,9.60,219.00,1.10,2,278.00,1.90,161,62.00,7.80,172.00,0.40,2,278.00,1.40,163,53.00,9.50,219.00
"2025-04-02 16:30:00",1.10,270.00,9.00,0.06,2,276.00,0.28,276,87.00,9.80,237.00,0.70,2,276.00,2.60,175,70.00,7.60,172.00,0.90,2,276.00,2.30,173,60.00,9.10,220.00
"2025-04-02 16:45:00",1.20,299.00,9.00,0.00,2,275.00,0.29,262,96.00,8.60,197.00,0.20,2,275.00,2.00,172,78.00,6.70,136.00,1.20,2,275.00,2.40,174,70.00,7.90,184.00
"2025-04-02 17:00:00",1.20,286.00,9.00,0.01,2,276.00,0.26,254,83.00,9.40,227.00,0.50,2,276.00,2.30,161,66.00,7.50,175.00,1.10,2,276.00,2.40,172,60.00,9.00,223.00
"2025-04-02 17:15:00",0.60,284.00,9.00,0.07,9,278.00,0.24,251,85.00,9.10,220.00,0.30,9,278.00,1.90,151,68.00,6.50,128.00,0.60,9,278.00,1.70,150,57.00,8.20,205.00
"2025-04-02 17:30:00",0.40,321.00,9.00,0.07,9,274.00,0.22,238,82.00,8.90,214.00,-0.10,9,274.00,1.80,137,69.00,5.90,100.00,0.40,9,274.00,1.70,151,57.00,8.30,197.00
"2025-04-02 17:45:00",0.40,266.00,9.00,0.06,9,274.00,0.21,269,82.00,10.00,243.00,0.30,9,274.00,1.20,142,70.00,6.00,105.00,0.30,9,274.00,0.80,159,56.00,8.80,206.00
"2025-04-02 18:00:00",0.20,17.00,9.00,0.09,9,274.00,0.20,263,82.00,9.80,240.00,-0.20,9,274.00,1.20,139,74.00,5.30,83.00,0.10,9,274.00,0.80,152,52.00,9.00,212.00
"2025-04-02 18:15:00",0.60,41.00,9.00,0.10,9,276.00,0.25,275,102.00,8.40,190.00,-0.60,9,276.00,1.10,170,94.00,4.80,45.00,0.00,9,276.00,1.00,179,73.00,7.80,182.00
"2025-04-02 18:30:00",0.10,243.00,9.00,0.06,9,274.00,0.20,277,89.00,9.50,233.00,0.10,9,274.00,0.90,147,82.00,5.00,54.00,0.10,9,274.00,0.80,163,57.00,8.90,217.00
"2025-04-02 18:45:00",0.80,240.00,9.00,0.09,9,274.00,0.22,335,140.00,8.40,186.00,0.70,9,274.00,1.00,227,133.00,5.00,44.00,0.30,9,274.00,0.90,266,135.00,7.40,141.00
"2025-04-02 19:00:00",0.90,245.00,9.00,0.04,9,274.00,0.22,334,91.00,11.00,258.00,0.80,9,274.00,1.20,177,81.00,6.70,127.00,0.40,9,274.00,0.90,200,60.00,10.10,242.00
"2025-04-02 19:15:00",0.80,235.00,9.00,0.07,9,276.00,0.22,325,86.00,11.00,242.00,0.80,9,276.00,1.30,167,77.00,6.70,138.00,0.20,9,276.00,0.90,185,55.00,10.00,237.00
"2025-04-02 19:30:00",1.30,240.00,9.00,0.02,9,274.00,0.21,365,92.00,11.70,266.00,1.20,9,274.00,1.30,186,66.00,8.70,218.00,0.50,9,274.00,1.10,205,58.00,10.50,247.00
"2025-04-02 19:45:00",2.20,232.00,9.00,0.07,9,274.00,0.23,474,134.00,11.00,250.00,2.10,9,274.00,2.40,253,95.00,8.20,198.00,0.50,9,274.00,1.20,297,89.00,10.80,238.00
"2025-04-02 20:00:00",2.50,237.00,9.00,0.01,9,274.00,0.26,452,118.00,11.30,264.00,2.40,9,274.00,2.00,235,85.00,8.40,203.00,0.80,9,274.00,1.30,248,72.00,10.30,248.00
"2025-04-02 20:15:00",1.80,234.00,9.00,0.00,9,276.00,0.20,373,89.00,11.70,248.00,1.70,9,276.00,1.80,169,68.00,7.50,173.00,0.50,9,276.00,0.80,187,56.00,9.80,226.00
"2025-04-02 20:30:00",2.70,232.00,9.00,0.00,9,274.00,0.28,438,187.00,8.60,174.00,2.60,9,274.00,2.30,315,169.00,6.20,113.00,0.70,9,274.00,1.00,371,195.00,7.10,122.00
"2025-04-02 20:45:00",2.70,239.00,9.00,0.02,9,273.00,0.22,418,96.00,12.40,265.00,2.50,9,273.00,1.90,238,77.00,9.20,225.00,1.00,9,273.00,1.20,274,65.00,12.10,267.00
"2025-04-02 21:00:00",2.70,244.00,9.00,0.04,9,275.00,0.24,422,98.00,12.30,268.00,2.40,9,275.00,2.00,243,78.00,9.20,224.00,1.20,9,275.00,1.50,243,67.00,10.90,263.00
"2025-04-02 21:15:00",2.80,237.00,9.00,0.00,9,276.00,0.23,409,104.00,11.40,240.00,2.60,2,276.00,2.40,236,83.00,8.60,204.00,0.90,9,276.00,1.40,248,74.00,10.30,238.00
"2025-04-02 21:30:00",2.40,237.00,9.00,-0.01,9,274.00,0.28,458,145.00,9.90,242.00,2.20,9,274.00,2.10,292,114.00,7.90,188.00,0.80,9,274.00,1.30,272,95.00,9.10,225.00
"2025-04-02 21:45:00",2.20,242.00,9.00,0.08,9,274.00,0.22,474,114.00,12.10,269.00,2.00,9,274.00,1.80,243,94.00,7.70,183.00,0.90,9,274.00,1.20,262,70.00,11.00,259.00
"2025-04-02 22:00:00",2.40,238.00,9.00,0.08,9,274.00,0.17,520,107.00,13.40,268.00,2.30,2,274.00,1.70,264,102.00,7.80,181.00,0.80,9,274.00,1.20,280,75.00,11.10,257.00
"2025-04-02 22:15:00",2.00,250.00,9.00,0.03,9,276.00,0.18,481,94.00,13.40,256.00,1.70,9,276.00,1.40,220,79.00,8.30,201.00,1.00,9,276.00,1.20,242,67.00,10.50,246.00
"2025-04-02 22:30:00",1.10,250.00,9.00,0.01,9,273.00,0.18,511,111.00,12.80,268.00,0.90,9,273.00,1.20,233,92.00,7.80,181.00,0.60,9,273.00,0.90,254,76.00,10.30,234.00
"2025-04-02 22:45:00",1.10,273.00,9.00,0.03,9,274.00,0.25,475,215.00,7.80,155.00,0.60,9,274.00,1.80,355,194.00,5.70,81.00,0.90,9,274.00,1.50,404,225.00,5.60,80.00
"2025-04-02 23:00:00",2.90,218.00,0.00,-0.05,9,274.00,0.43,626,358.00,4.80,51.00,2.90,0,274.00,2.60,521,333.00,3.80,7.00,0.00,0,274.00,0.70,643,406.00,3.90,6.00
"2025-04-02 23:15:00",2.00,248.00,9.00,-0.03,9,276.00,0.26,435,138.00,10.50,222.00,1.70,9,276.00,1.40,284,123.00,7.90,178.00,1.00,9,276.00,1.10,306,130.00,8.60,181.00
"2025-04-02 23:30:00",2.10,245.00,9.00,0.07,9,274.00,0.20,425,99.00,12.20,263.00,1.90,9,274.00,1.40,242,82.00,9.10,227.00,1.00,9,274.00,1.10,259,74.00,10.60,249.00
"2025-04-02 23:45:00",0.50,27.00,9.00,0.13,9,274.00,0.25,480,123.00,11.40,253.00,-0.50,9,274.00,1.90,323,111.00,8.80,215.00,0.10,9,274.00,1.10,286,81.00,10.50,243.00
"2025-04-03 00:00:00",0.60,59.00,9.00,-0.01,9,274.00,0.29,407,113.00,10.80,254.00,-0.50,9,274.00,1.60,286,106.00,8.10,201.00,-0.20,9,274.00,0.90,282,71.00,11.80,267.00
"2025-04-03 00:15:00",0.50,222.00,9.00,0.02,9,276.00,0.15,479,112.00,12.30,247.00,0.50,9,276.00,1.40,278,102.00,7.90,160.00,0.00,9,276.00,0.90,243,74.00,9.90,220.00
"2025-04-03 00:30:00",0.60,258.00,9.00,-0.12,9,275.00,0.20,442,164.00,9.20,228.00,0.50,9,275.00,1.10,227,121.00,5.20,55.00,0.40,9,275.00,0.70,280,112.00,8.60,203.00
"2025-04-03 00:45:00",0.30,281.00,9.00,-0.13,9,274.00,0.13,430,105.00,12.10,271.00,0.10,9,274.00,1.00,188,95.00,5.80,98.00,0.20,9,274.00,0.70,197,68.00,9.10,231.00
"2025-04-03 01:00:00",0.40,272.00,9.00,-0.12,9,274.00,0.16,372,100.00,11.30,269.00,0.20,9,274.00,0.80,183,91.00,5.90,114.00,0.30,9,274.00,0.50,206,65.00,9.80,243.00
"2025-04-03 01:15:00",0.40,290.00,9.00,-0.06,9,277.00,0.18,372,109.00,10.30,246.00,0.10,9,277.00,0.90,237,99.00,7.20,163.00,0.40,9,277.00,0.40,254,71.00,10.70,245.00
"2025-04-03 01:30:00",0.60,333.00,9.00,0.01,9,274.00,0.22,414,114.00,11.20,257.00,-0.20,9,274.00,1.10,337,103.00,9.70,206.00,0.50,9,274.00,0.90,320,86.00,11.40,250.00
"2025-04-03 01:45:00",0.70,25.00,9.00,0.03,9,274.00,0.20,421,108.00,11.50,259.00,-0.70,9,274.00,1.20,264,100.00,7.90,171.00,0.10,9,274.00,0.80,266,74.00,10.60,244.00
"2025-04-03 02:00:00",0.50,5.00,9.00,0.11,9,275.00,0.34,461,166.00,9.30,219.00,-0.40,9,275.00,1.00,345,122.00,8.70,192.00,0.30,9,275.00,1.20,355,121.00,10.20,225.00
"2025-04-03 02:15:00",0.40,253.00,9.00,-0.05,9,276.00,0.16,444,108.00,11.80,248.00,0.30,9,276.00,0.70,259,96.00,8.00,169.00,0.20,9,276.00,0.80,235,86.00,8.40,183.00
"2025-04-03 02:30:00",0.20,254.00,9.00,0.02,9,274.00,0.17,404,98.00,12.20,271.00,0.10,9,274.00,0.60,230,80.00,8.90,224.00,0.10,9,274.00,0.60,224,66.00,10.50,256.00
"2025-04-03 02:45:00",0.30,301.00,9.00,0.02,9,274.00,0.22,481,157.00,10.80,227.00,0.00,9,274.00,0.80,244,113.00,6.90,153.00,0.30,9,274.00,0.70,299,105.00,10.00,219.00
"2025-04-03 03:00:00",0.20,271.00,9.00,0.01,9,275.00,0.16,379,113.00,10.30,233.00,0.10,9,275.00,0.60,235,96.00,7.70,191.00,0.20,9,275.00,0.90,221,75.00,9.20,226.00
"2025-04-03 03:15:00",0.20,169.00,9.00,0.05,9,276.00,0.20,397,102.00,11.40,252.00,0.10,9,276.00,0.90,209,93.00,6.70,139.00,-0.20,9,276.00,0.70,244,69.00,10.60,244.00
"2025-04-03 03:30:00",0.20,242.00,9.00,0.02,9,274.00,0.18,390,100.00,11.60,268.00,0.20,9,274.00,0.80,207,93.00,6.80,149.00,0.10,9,274.00,0.60,232,71.00,10.20,245.00
"2025-04-03 03:45:00",0.00,102.00,9.00,0.07,9,275.00,0.13,526,106.00,13.70,273.00,0.00,9,275.00,0.80,218,96.00,6.80,156.00,0.00,9,275.00,0.50,254,70.00,10.90,258.00
"2025-04-03 04:00:00",0.40,112.00,9.00,0.12,9,274.00,0.14,455,101.00,12.90,273.00,-0.10,9,274.00,0.80,209,89.00,7.10,160.00,-0.30,9,274.00,0.70,214,64.00,10.20,244.00
"2025-04-03 04:15:00",0.50,248.00,9.00,0.02,9,277.00,0.38,430,161.00,8.80,198.00,0.40,9,277.00,2.40,229,114.00,5.70,104.00,0.30,9,277.00,1.20,260,98.00,8.60,195.00
"2025-04-03 04:30:00",0.20,293.00,9.00,0.05,9,274.00,0.20,414,109.00,11.20,253.00,0.10,9,274.00,0.90,190,94.00,5.90,117.00,0.20,9,274.00,0.80,213,71.00,9.30,230.00
"2025-04-03 04:45:00",0.50,220.00,9.00,0.03,9,274.00,0.21,406,110.00,11.00,256.00,0.50,9,274.00,1.00,203,94.00,6.50,136.00,0.00,9,274.00,0.80,221,71.00,9.50,231.00
"2025-04-03 05:00:00",0.50,76.00,9.00,0.13,9,273.00,0.19,368,113.00,10.20,255.00,-0.40,9,273.00,0.90,247,101.00,7.60,183.00,-0.30,9,273.00,0.70,239,86.00,8.90,218.00
"2025-04-03 05:15:00",0.20,14.00,9.00,0.03,9,275.00,0.15,368,105.00,10.50,227.00,-0.20,9,275.00,0.80,218,94.00,7.00,128.00,0.10,9,275.00,0.90,192,82.00,7.30,126.00
"2025-04-03 05:30:00",0.30,208.00,9.00,0.05,9,274.00,0.19,379,137.00,8.80,173.00,0.30,9,274.00,2.20,278,114.00,7.20,129.00,-0.10,9,274.00,0.70,252,102.00,8.10,166.00
"2025-04-03 05:45:00",0.70,355.00,9.00,0.07,9,273.00,0.18,353,109.00,9.90,226.00,-0.50,9,273.00,0.80,238,101.00,7.20,133.00,0.50,9,273.00,0.90,254,88.00,9.30,223.00
"2025-04-03 06:00:00",0.40,34.00,9.00,0.10,9,273.00,0.13,449,100.00,12.90,264.00,-0.40,9,273.00,0.80,233,89.00,8.00,177.00,0.00,9,273.00,0.80,229,73.00,9.50,207.00
"2025-04-03 06:15:00",0.50,50.00,9.00,0.11,9,276.00,0.13,371,94.00,11.40,242.00,-0.50,9,276.00,0.90,199,89.00,6.80,138.00,-0.10,9,276.00,0.80,210,73.00,8.90,206.00
"2025-04-03 06:30:00",0.40,316.00,9.00,0.01,9,273.00,0.16,417,106.00,11.70,257.00,-0.10,9,273.00,1.50,265,94.00,8.30,169.00,0.40,9,273.00,0.80,271,78.00,10.80,246.00
"2025-04-03 06:45:00",0.80,23.00,9.00,0.05,9,273.00,0.19,397,125.00,10.30,243.00,-0.80,9,273.00,1.00,237,102.00,7.20,150.00,0.20,9,273.00,0.80,274,89.00,10.00,230.00
"2025-04-03 07:00:00",0.20,235.00,9.00,0.01,9,274.00,0.20,341,114.00,9.40,214.00,0.10,9,274.00,0.80,208,90.00,7.10,154.00,0.00,9,274.00,0.80,233,84.00,9.00,215.00
"2025-04-03 07:15:00",0.20,270.00,9.00,0.06,9,275.00,0.18,373,108.00,10.30,233.00,0.10,9,275.00,1.00,168,86.00,5.70,96.00,0.20,9,275.00,0.70,198,76.00,8.20,185.00
"2025-04-03 07:30:00",0.10,271.00,9.00,0.03,9,274.00,0.19,355,106.00,10.30,240.00,0.10,9,274.00,0.80,187,88.00,6.30,116.00,0.10,9,274.00,0.70,205,70.00,9.10,210.00
"2025-04-03 07:45:00",0.10,201.00,9.00,0.06,9,274.00,0.18,381,104.00,11.00,257.00,0.10,9,274.00,1.00,190,92.00,6.10,102.00,0.00,9,274.00,0.80,215,71.00,9.40,224.00
"2025-04-03 08:00:00",0.30,250.00,9.00,0.07,9,274.00,0.19,367,116.00,9.80,228.00,0.20,9,274.00,0.90,201,102.00,5.70,82.00,0.10,9,274.00,0.80,215,77.00,8.90,214.00
"2025-04-03 08:15:00",0.10,257.00,9.00,0.03,9,276.00,0.20,370,131.00,9.10,212.00,0.10,9,276.00,0.80,202,108.00,5.30,62.00,0.10,9,276.00,0.80,227,87.00,8.30,184.00
"2025-04-03 08:30:00",0.70,226.00,9.00,0.09,9,275.00,0.24,356,115.00,9.60,221.00,0.60,9,275.00,1.30,218,106.00,6.00,91.00,0.10,9,275.00,1.00,215,76.00,8.90,215.00
"2025-04-03 08:45:00",0.30,254.00,9.00,0.06,9,274.00,0.19,349,118.00,9.30,220.00,0.20,9,274.00,1.20,199,101.00,5.70,83.00,0.20,9,274.00,0.80,233,74.00,9.90,242.00
"2025-04-03 09:00:00",0.50,50.00,9.00,0.05,9,273.00,0.19,356,114.00,9.60,228.00,-0.50,9,273.00,1.10,212,100.00,6.30,105.00,-0.10,9,273.00,0.80,220,79.00,8.80,202.00
"2025-04-03 09:15:00",0.40,270.00,9.00,0.08,9,276.00,0.25,384,124.00,9.70,221.00,0.30,9,276.00,1.10,242,110.00,6.80,132.00,0.30,9,276.00,1.10,272,88.00,9.50,215.00
"2025-04-03 09:30:00",0.10,85.00,9.00,0.09,9,274.00,0.21,466,145.00,10.40,235.00,-0.10,9,274.00,1.00,392,121.00,9.90,215.00,-0.10,9,274.00,0.80,348,103.00,11.10,236.00
"2025-04-03 09:45:00",1.20,50.00,9.00,-0.05,9,274.00,0.31,429,121.00,10.60,240.00,-1.10,9,274.00,1.20,407,114.00,10.30,229.00,-0.20,9,274.00,1.30,385,91.00,12.30,263.00
"2025-04-03 10:00:00",0.80,73.00,9.00,0.07,2,274.00,0.38,418,119.00,10.50,241.00,-0.60,2,274.00,1.60,304,105.00,8.60,182.00,-0.40,2,274.00,1.00,279,75.00,11.10,250.00
"2025-04-03 10:15:00",0.90,69.00,9.00,-0.04,2,276.00,0.23,322,119.00,8.30,201.00,-0.80,2,276.00,0.90,226,99.00,6.80,125.00,-0.50,2,276.00,1.00,239,80.00,9.40,213.00
"2025-04-03 10:30:00",0.70,39.00,9.00,-0.04,2,275.00,0.24,304,116.00,8.10,193.00,-0.70,2,275.00,1.10,197,96.00,6.00,104.00,0.00,2,275.00,0.80,227,72.00,9.60,233.00
"2025-04-03 10:45:00",0.30,74.00,9.00,0.01,2,275.00,0.26,246,98.00,7.70,176.00,-0.20,2,275.00,0.70,151,81.00,5.20,65.00,-0.20,2,275.00,0.90,174,63.00,8.60,201.00
"2025-04-03 11:00:00",0.50,92.00,9.00,0.07,2,276.00,0.24,277,123.00,6.90,137.00,-0.30,2,276.00,1.30,190,98.00,5.20,57.00,-0.40,2,276.00,1.20,209,87.00,7.50,159.00
"2025-04-03 11:15:00",0.30,128.00,9.00,0.04,2,278.00,0.25,223,97.00,7.00,148.00,0.00,2,278.00,1.20,150,75.00,5.50,72.00,-0.30,2,278.00,0.90,143,57.00,7.80,177.00
"2025-04-03 11:30:00",0.10,80.00,9.00,0.03,9,276.00,0.29,246,96.00,7.80,178.00,-0.10,9,276.00,1.50,178,87.00,5.80,89.00,-0.10,9,276.00,0.70,170,59.00,8.80,204.00
"2025-04-03 11:45:00",0.50,166.00,9.00,-0.01,2,276.00,0.24,241,99.00,7.50,170.00,0.30,2,276.00,1.40,172,97.00,4.70,42.00,-0.40,2,276.00,1.00,161,60.00,8.20,190.00
"2025-04-03 12:00:00",0.30,222.00,9.00,0.01,2,276.00,0.24,227,94.00,7.50,160.00,0.30,2,276.00,1.70,178,83.00,6.00,86.00,0.00,2,276.00,0.90,155,57.00,8.50,215.00
"2025-04-03 12:15:00",1.30,49.00,9.00,0.15,2,278.00,0.43,347,151.00,7.60,172.00,-1.20,2,278.00,2.00,274,124.00,6.50,111.00,-0.20,2,278.00,1.60,256,100.00,8.30,190.00
"2025-04-03 12:30:00",1.30,47.00,9.00,-0.01,2,277.00,0.39,269,92.00,8.90,214.00,-1.30,2,277.00,2.50,225,84.00,7.80,175.00,-0.20,2,277.00,1.90,181,61.00,9.00,207.00
"2025-04-03 12:45:00",1.00,71.00,9.00,0.05,2,276.00,0.32,238,88.00,8.30,188.00,-0.90,2,276.00,1.50,180,79.00,6.60,124.00,-0.60,2,276.00,1.30,168,56.00,9.10,216.00
"2025-04-03 13:00:00",1.40,92.00,9.00,0.12,2,276.00,0.35,252,100.00,7.80,189.00,-0.80,2,276.00,2.00,207,96.00,6.20,108.00,-1.10,2,276.00,1.40,182,63.00,8.80,219.00
"2025-04-03 13:15:00",1.30,76.00,9.00,-0.01,2,279.00,0.21,206,89.00,6.90,136.00,-1.00,2,279.00,1.60,145,82.00,4.80,42.00,-0.80,2,279.00,1.20,152,59.00,7.70,178.00
"2025-04-03 13:30:00",0.60,86.00,9.00,0.01,2,277.00,0.28,265,120.00,7.30,163.00,-0.40,2,277.00,1.30,194,97.00,5.90,88.00,-0.50,2,277.00,1.10,204,81.00,8.50,203.00
"2025-04-03 13:45:00",0.60,80.00,9.00,0.02,2,276.00,0.27,258,113.00,7.20,153.00,-0.50,2,276.00,1.10,184,92.00,5.70,84.00,-0.40,2,276.00,1.20,186,70.00,8.20,185.00
"2025-04-03 14:00:00",0.60,113.00,9.00,0.16,2,277.00,0.49,225,85.00,8.00,186.00,-0.20,2,277.00,1.90,185,78.00,6.70,123.00,-0.60,2,277.00,1.30,168,55.00,9.10,214.00
"2025-04-03 14:15:00",0.90,51.00,9.00,-0.02,2,278.00,0.35,216,84.00,7.80,179.00,-0.90,2,278.00,1.70,175,83.00,6.00,107.00,-0.20,2,278.00,1.20,153,54.00,8.40,198.00
"2025-04-03 14:30:00",0.80,48.00,9.00,-0.06,2,277.00,0.25,211,84.00,7.70,176.00,-0.80,2,277.00,1.50,158,82.00,5.50,83.00,-0.20,2,277.00,1.00,145,54.00,8.20,189.00
"2025-04-03 14:45:00",0.40,109.00,9.00,0.03,9,277.00,0.25,217,81.00,8.20,192.00,-0.10,9,277.00,1.60,166,80.00,5.90,93.00,-0.30,9,277.00,1.00,157,55.00,9.00,216.00
"2025-04-03 15:00:00",1.30,343.00,9.00,0.19,2,276.00,0.51,353,126.00,9.20,219.00,-0.70,2,276.00,2.80,298,117.00,8.10,183.00,1.00,2,276.00,2.70,260,96.00,9.40,219.00
"2025-04-03 15:15:00",2.10,26.00,9.00,-0.05,2,279.00,0.41,272,87.00,9.40,217.00,-2.10,2,279.00,2.20,249,91.00,8.00,180.00,0.50,2,279.00,1.70,207,58.00,10.40,230.00
"2025-04-03 15:30:00",1.50,7.00,9.00,0.03,2,276.00,0.43,271,83.00,9.90,236.00,-1.30,2,276.00,2.30,261,84.00,9.10,203.00,0.70,2,276.00,1.70,232,61.00,11.20,250.00
"2025-04-03 15:45:00",2.10,3.00,9.00,-0.02,2,277.00,0.27,291,81.00,10.60,234.00,-1.70,2,277.00,1.70,252,75.00,9.20,191.00,1.20,2,277.00,1.60,223,56.00,11.30,246.00
"2025-04-03 16:00:00",1.10,345.00,9.00,0.05,2,276.00,0.25,254,74.00,10.20,246.00,-0.70,2,276.00,1.40,182,66.00,7.80,160.00,0.90,2,276.00,1.40,178,53.00,9.80,226.00
"2025-04-03 16:15:00",2.20,294.00,9.00,0.16,2,279.00,0.53,354,132.00,9.00,210.00,0.50,2,279.00,2.90,271,104.00,8.20,181.00,2.10,2,279.00,3.00,269,106.00,8.80,204.00
"2025-04-03 16:30:00",3.00,268.00,9.00,0.15,2,276.00,0.49,356,92.00,11.20,260.00,1.90,2,276.00,3.00,246,79.00,9.30,230.00,2.30,2,276.00,2.80,265,73.00,10.80,257.00
"2025-04-03 16:45:00",2.10,259.00,9.00,0.11,2,277.00,0.35,305,90.00,10.30,244.00,1.60,2,277.00,2.70,190,78.00,7.40,172.00,1.40,2,277.00,2.40,203,63.00,9.70,251.00
"2025-04-03 17:00:00",1.80,269.00,9.00,0.04,2,276.00,0.25,292,86.00,10.40,246.00,1.10,2,276.00,2.10,183,78.00,7.00,151.00,1.40,2,276.00,2.30,186,60.00,9.50,239.00
"2025-04-03 17:15:00",0.90,266.00,9.00,0.09,9,279.00,0.24,285,86.00,10.00,234.00,0.60,9,279.00,1.50,161,78.00,6.00,116.00,0.60,9,279.00,1.60,176,61.00,8.90,215.00
"2025-04-03 17:30:00",0.30,260.00,9.00,0.07,9,276.00,0.24,307,106.00,9.60,225.00,0.30,9,276.00,1.30,174,88.00,5.70,97.00,0.20,9,276.00,1.00,196,77.00,8.60,200.00
"2025-04-03 17:45:00",0.60,253.00,9.00,0.08,2,276.00,0.20,340,119.00,9.20,217.00,0.50,2,276.00,1.30,186,96.00,5.60,85.00,0.30,2,276.00,1.20,214,86.00,8.10,183.00
"2025-04-03 18:00:00",0.70,230.00,9.00,0.09,9,276.00,0.19,314,89.00,10.70,256.00,0.70,9,276.00,1.60,164,79.00,6.10,112.00,0.20,9,276.00,1.00,181,63.00,9.10,229.00
"2025-04-03 18:15:00",1.30,241.00,9.00,0.07,9,277.00,0.23,339,96.00,10.50,241.00,1.20,9,277.00,1.50,167,80.00,6.10,107.00,0.50,9,277.00,1.00,194,68.00,8.70,206.00
"2025-04-03 18:30:00",1.50,256.00,9.00,0.05,9,276.00,0.22,356,104.00,10.50,257.00,1.20,9,276.00,1.70,198,87.00,6.90,149.00,0.90,9,276.00,1.50,207,74.00,8.90,216.00
"2025-04-03 18:45:00",2.50,236.00,9.00,0.11,9,276.00,0.22,383,101.00,11.30,261.00,2.30,2,276.00,2.00,202,85.00,7.20,156.00,0.80,9,276.00,1.30,215,72.00,9.30,235.00
"2025-04-03 19:00:00",2.30,251.00,9.00,0.04,9,276.00,0.24,422,128.00,10.60,242.00,1.90,9,276.00,2.10,245,100.00,7.60,165.00,1.20,9,276.00,1.40,261,95.00,9.20,229.00
"2025-04-03 19:15:00",3.60,252.00,9.00,0.03,9,277.00,0.27,401,104.00,11.30,249.00,2.90,2,277.00,2.40,266,87.00,9.10,209.00,2.00,9,277.00,1.70,266,77.00,10.30,242.00
"2025-04-03 19:30:00",2.00,259.00,9.00,0.04,9,274.00,0.28,370,96.00,11.50,257.00,1.50,9,274.00,1.80,232,79.00,8.90,210.00,1.30,9,274.00,1.70,233,70.00,10.20,254.00
"2025-04-03 19:45:00",2.10,262.00,9.00,-0.04,9,274.00,0.36,403,106.00,11.40,264.00,1.50,9,274.00,2.30,313,89.00,10.10,231.00,1.50,9,274.00,1.50,241,74.00,10.10,247.00
"2025-04-03 20:00:00",2.50,273.00,9.00,-0.26,9,274.00,0.48,402,105.00,11.40,260.00,1.40,9,274.00,2.10,354,87.00,11.50,251.00,2.00,9,274.00,1.60,289,71.00,11.80,266.00
"2025-04-03 20:15:00",2.90,273.00,9.00,-0.26,9,276.00,0.42,413,123.00,10.40,230.00,1.60,9,276.00,2.10,347,101.00,10.20,225.00,2.30,9,276.00,1.80,292,90.00,10.20,237.00
"2025-04-03 20:30:00",3.60,260.00,9.00,-0.16,9,274.00,0.36,379,102.00,11.10,262.00,2.70,2,274.00,2.40,270,85.00,9.50,233.00,2.40,9,274.00,1.80,262,72.00,10.80,251.00
"2025-04-03 20:45:00",3.90,264.00,9.00,-0.16,9,274.00,0.37,405,98.00,12.00,267.00,2.70,2,274.00,2.00,305,86.00,9.70,222.00,2.80,2,274.00,2.00,286,74.00,11.10,263.00
"2025-04-03 21:00:00",4.60,273.00,9.00,-0.27,9,274.00,0.41,474,108.00,12.40,265.00,2.60,2,274.00,1.90,404,93.00,11.60,248.00,3.80,2,274.00,2.00,353,83.00,12.10,270.00
"2025-04-03 21:15:00",4.10,269.00,9.00,-0.08,9,276.00,0.42,356,92.00,11.10,245.00,2.60,2,276.00,2.20,316,88.00,9.70,215.00,3.20,2,276.00,2.50,248,70.00,10.20,230.00
"2025-04-03 21:30:00",4.40,258.00,9.00,-0.13,9,274.00,0.42,395,102.00,11.30,262.00,3.40,2,274.00,2.10,320,95.00,9.70,221.00,2.80,2,274.00,1.90,272,74.00,10.80,259.00
"2025-04-03 21:45:00",4.10,266.00,9.00,-0.22,9,274.00,0.50,438,130.00,10.60,250.00,2.70,2,274.00,2.40,412,120.00,10.40,238.00,3.00,2,274.00,2.10,310,94.00,10.50,238.00
"2025-04-03 22:00:00",4.40,264.00,9.00,-0.22,9,274.00,0.51,455,119.00,11.30,265.00,3.10,2,274.00,2.40,383,118.00,9.30,222.00,3.20,2,274.00,2.60,312,80.00,11.30,263.00
"2025-04-03 22:15:00",4.00,261.00,9.00,-0.13,9,276.00,0.45,405,112.00,10.60,243.00,2.90,2,276.00,2.30,326,114.00,8.40,195.00,2.70,2,276.00,2.20,271,77.00,10.20,239.00
"2025-04-03 22:30:00",2.70,264.00,9.00,-0.07,9,273.00,0.26,409,106.00,11.40,259.00,1.90,9,273.00,1.80,305,108.00,8.60,198.00,2.00,9,273.00,1.60,257,72.00,10.90,263.00
"2025-04-03 22:45:00",3.10,262.00,9.00,-0.14,9,274.00,0.36,456,113.00,11.80,265.00,2.20,2,274.00,2.40,386,109.00,10.30,239.00,2.20,2,274.00,2.20,344,81.00,12.10,271.00
"2025-04-03 23:00:00",3.20,262.00,9.00,-0.11,9,274.00,0.46,522,134.00,11.80,257.00,2.30,2,274.00,2.60,442,128.00,10.40,236.00,2.20,2,274.00,2.60,379,102.00,11.50,258.00
"2025-04-03 23:15:00",1.80,278.00,9.00,0.03,9,276.00,0.36,420,111.00,11.00,248.00,0.90,9,276.00,2.40,288,111.00,7.40,153.00,1.50,9,276.00,2.00,277,77.00,10.30,241.00
"2025-04-03 23:30:00",2.30,262.00,9.00,0.08,9,274.00,0.22,532,121.00,12.50,266.00,1.70,9,274.00,1.60,342,115.00,8.60,175.00,1.60,9,274.00,2.20,343,86.00,11.40,261.00
"2025-04-03 23:45:00",1.10,211.00,9.00,0.10,9,274.00,0.26,581,134.00,12.40,270.00,1.10,9,274.00,1.60,477,134.00,10.10,214.00,-0.10,9,274.00,1.10,391,88.00,12.40,262.00
"2025-04-04 00:00:00",0.50,305.00,9.00,0.03,9,274.00,0.18,490,110.00,12.70,269.00,0.00,9,274.00,1.00,267,105.00,7.80,168.00,0.50,9,274.00,0.90,249,74.00,10.20,237.00
"2025-04-04 00:15:00",0.40,33.00,9.00,0.05,9,276.00,0.16,455,124.00,11.30,236.00,-0.40,9,276.00,2.10,265,101.00,7.80,167.00,0.00,9,276.00,0.80,260,91.00,9.20,214.00
"2025-04-04 00:30:00",0.20,353.00,9.00,0.06,9,274.00,0.18,499,121.00,12.00,261.00,-0.10,9,274.00,1.00,311,102.00,8.90,184.00,0.10,9,274.00,0.70,326,83.00,11.30,244.00
"2025-04-04 00:45:00",0.20,90.00,9.00,0.06,9,275.00,0.14,516,104.00,13.70,269.00,-0.10,9,275.00,0.90,177,88.00,5.80,99.00,-0.20,9,275.00,0.70,222,72.00,9.50,230.00
"2025-04-04 01:00:00",0.50,109.00,9.00,0.11,9,273.00,0.15,478,107.00,12.70,268.00,-0.20,9,273.00,0.80,178,92.00,5.60,84.00,-0.40,9,273.00,0.80,207,75.00,8.70,214.00
"2025-04-04 01:15:00",0.70,110.00,9.00,0.07,9,276.00,0.15,518,109.00,13.00,255.00,-0.20,9,276.00,0.90,187,91.00,5.90,99.00,-0.70,9,276.00,1.10,210,77.00,8.40,194.00
"2025-04-04 01:30:00",0.50,90.00,9.00,0.09,9,274.00,0.17,444,110.00,11.80,261.00,-0.30,9,274.00,0.80,196,95.00,6.00,98.00,-0.40,9,274.00,0.90,227,78.00,9.10,224.00
"2025-04-04 01:45:00",0.60,62.00,9.00,0.05,9,273.00,0.18,506,158.00,11.10,240.00,-0.50,9,273.00,2.60,243,125.00,5.30,66.00,-0.20,9,273.00,0.70,305,118.00,9.00,206.00
"2025-04-04 02:00:00",1.10,118.00,9.00,0.04,9,274.00,0.19,536,111.00,13.20,265.00,-0.20,9,274.00,0.90,250,91.00,8.10,181.00,-1.10,9,274.00,1.30,325,78.00,11.70,260.00
"2025-04-04 02:15:00",0.40,128.00,9.00,0.04,9,275.00,0.16,451,107.00,11.90,252.00,0.00,9,275.00,1.00,176,89.00,5.70,94.00,-0.40,9,275.00,0.80,240,72.00,9.90,227.00
"2025-04-04 02:30:00",0.40,93.00,9.00,0.06,9,274.00,0.15,500,105.00,13.20,267.00,-0.20,9,274.00,0.90,180,88.00,6.00,111.00,-0.30,9,274.00,0.60,258,72.00,10.80,247.00
"2025-04-04 02:45:00",0.30,65.00,9.00,0.06,9,273.00,0.13,529,107.00,13.60,270.00,-0.20,9,273.00,0.70,162,87.00,5.20,59.00,-0.10,9,273.00,0.60,274,71.00,11.40,251.00
"2025-04-04 03:00:00",0.60,48.00,9.00,0.06,9,274.00,0.15,533,163.00,11.00,231.00,-0.50,9,274.00,2.60,240,126.00,5.20,55.00,-0.10,9,274.00,0.70,315,121.00,8.90,204.00
"2025-04-04 03:15:00",0.40,114.00,9.00,0.06,9,275.00,0.15,488,103.00,12.90,255.00,-0.10,9,275.00,0.90,165,86.00,5.50,86.00,-0.40,9,275.00,0.70,236,70.00,10.20,228.00
"2025-04-04 03:30:00",0.50,88.00,9.00,0.06,9,274.00,0.14,479,109.00,12.60,271.00,-0.30,9,274.00,0.80,211,92.00,6.80,138.00,-0.40,9,274.00,0.70,251,74.00,10.20,238.00
"2025-04-04 03:45:00",0.50,85.00,9.00,0.10,9,273.00,0.17,437,105.00,12.10,267.00,-0.30,9,273.00,0.80,200,91.00,6.60,138.00,-0.40,9,273.00,0.70,262,72.00,10.90,256.00
"2025-04-04 04:00:00",0.50,43.00,9.00,0.04,9,274.00,0.13,508,108.00,13.30,273.00,-0.50,9,274.00,0.70,201,99.00,6.00,111.00,0.00,9,274.00,0.70,205,73.00,8.80,223.00
"2025-04-04 04:15:00",0.70,57.00,9.00,0.09,9,275.00,0.15,472,142.00,11.10,223.00,-0.60,9,275.00,2.40,225,104.00,6.40,131.00,-0.20,9,275.00,1.20,245,101.00,8.10,179.00
"2025-04-04 04:30:00",0.30,76.00,9.00,0.03,9,274.00,0.15,474,113.00,12.20,267.00,-0.20,9,274.00,0.60,218,111.00,5.70,98.00,-0.20,9,274.00,0.60,260,78.00,10.10,243.00
"2025-04-04 04:45:00",0.30,19.00,9.00,0.05,9,273.00,0.14,460,110.00,12.20,269.00,-0.30,9,273.00,0.80,190,101.00,5.30,73.00,0.10,9,273.00,0.70,233,74.00,9.70,239.00
"2025-04-04 05:00:00",0.20,223.00,9.00,0.02,9,273.00,0.16,413,107.00,11.30,255.00,0.20,9,273.00,0.90,193,94.00,6.20,112.00,0.00,9,273.00,0.70,234,76.00,9.40,231.00
"2025-04-04 05:15:00",0.20,106.00,9.00,0.02,9,276.00,0.16,433,106.00,11.60,241.00,-0.10,9,276.00,0.80,187,89.00,6.20,114.00,-0.20,9,276.00,0.80,222,73.00,9.20,210.00
"2025-04-04 05:30:00",0.70,115.00,9.00,0.03,9,273.00,0.18,412,106.00,11.50,254.00,-0.10,9,273.00,0.80,204,90.00,6.80,125.00,-0.60,9,273.00,1.20,241,79.00,9.50,221.00
"2025-04-04 05:45:00",1.90,134.00,9.00,0.07,9,274.00,0.22,479,158.00,10.10,216.00,0.20,9,274.00,2.10,329,125.00,7.70,143.00,-1.90,9,274.00,2.00,350,133.00,8.60,177.00
"2025-04-04 06:00:00",2.10,140.00,9.00,0.10,9,273.00,0.20,425,115.00,11.10,249.00,0.40,9,273.00,1.10,281,95.00,8.70,189.00,-2.00,9,273.00,1.80,294,87.00,10.20,241.00
"2025-04-04 06:15:00",0.50,144.00,9.00,0.05,9,275.00,0.21,369,115.00,9.80,224.00,0.10,9,275.00,1.00,193,95.00,5.90,92.00,-0.50,9,275.00,1.00,229,81.00,8.80,197.00
"2025-04-04 06:30:00",2.50,128.00,9.00,0.16,9,274.00,0.26,405,120.00,10.30,248.00,0.00,9,274.00,1.20,258,105.00,7.40,157.00,-2.50,9,274.00,2.00,291,89.00,9.80,235.00
"2025-04-04 06:45:00",2.20,124.00,9.00,0.11,9,273.00,0.22,367,115.00,9.70,231.00,-0.10,9,273.00,1.20,233,106.00,6.30,107.00,-2.20,9,273.00,2.50,258,85.00,9.20,223.00
"2025-04-04 07:00:00",3.20,136.00,9.00,0.11,9,274.00,0.26,468,150.00,9.90,211.00,0.50,9,274.00,1.20,376,126.00,8.70,170.00,-3.20,2,274.00,2.40,404,121.00,10.40,222.00
"2025-04-04 07:15:00",3.00,132.00,9.00,0.13,9,275.00,0.22,476,122.00,11.10,240.00,0.20,9,275.00,1.00,485,106.00,12.10,250.00,-3.00,2,275.00,1.00,449,90.00,13.10,249.00
"2025-04-04 07:30:00",3.80,131.00,9.00,0.12,9,273.00,0.30,735,133.00,14.30,267.00,0.20,9,273.00,1.00,719,116.00,14.60,264.00,-3.80,2,273.00,1.20,729,110.00,15.60,273.00
"2025-04-04 07:45:00",2.20,136.00,9.00,0.04,9,274.00,0.24,410,112.00,10.60,241.00,0.30,9,274.00,1.10,273,92.00,8.30,160.00,-2.20,9,274.00,1.90,339,86.00,10.60,227.00
"2025-04-04 08:00:00",2.50,117.00,9.00,0.01,9,273.00,0.24,333,119.00,8.80,210.00,-0.50,9,273.00,1.70,272,118.00,6.80,133.00,-2.50,2,273.00,2.50,243,90.00,8.40,211.00
"2025-04-04 08:15:00",3.50,140.00,9.00,-0.09,9,277.00,0.50,479,148.00,9.80,217.00,0.70,9,277.00,1.70,471,139.00,9.80,203.00,-3.50,2,277.00,2.80,440,119.00,10.90,233.00
"2025-04-04 08:30:00",3.10,136.00,9.00,-0.11,9,274.00,0.44,414,134.00,9.50,224.00,0.40,9,274.00,2.00,418,132.00,9.30,205.00,-3.10,2,274.00,2.80,323,96.00,10.20,234.00
"2025-04-04 08:45:00",3.70,125.00,9.00,0.08,9,274.00,0.53,542,136.00,11.40,248.00,-0.20,9,274.00,2.30,647,146.00,12.10,250.00,-3.70,2,274.00,2.90,459,105.00,12.20,266.00
"2025-04-04 09:00:00",3.70,128.00,9.00,0.02,9,274.00,0.47,481,133.00,10.60,244.00,0.00,9,274.00,2.40,460,115.00,10.90,229.00,-3.70,2,274.00,3.40,399,107.00,10.90,249.00
"2025-04-04 09:15:00",3.40,121.00,9.00,-0.02,9,276.00,0.30,351,121.00,8.90,194.00,-0.40,9,276.00,2.00,278,102.00,8.20,173.00,-3.40,2,276.00,2.90,272,97.00,8.70,207.00
"2025-04-04 09:30:00",1.80,121.00,9.00,0.03,9,274.00,0.29,317,117.00,8.40,183.00,-0.20,9,274.00,1.60,219,94.00,7.10,146.00,-1.80,9,274.00,2.10,233,83.00,8.70,207.00
"2025-04-04 09:45:00",1.70,149.00,9.00,0.30,9,274.00,0.64,380,139.00,8.70,195.00,0.60,9,274.00,2.90,276,105.00,7.90,169.00,-1.60,9,274.00,2.60,296,103.00,9.30,208.00
"2025-04-04 10:00:00",1.80,139.00,9.00,0.50,2,276.00,0.72,363,118.00,9.40,229.00,0.30,2,276.00,2.70,257,89.00,8.60,192.00,-1.70,2,276.00,2.20,286,80.00,10.80,238.00
"2025-04-04 10:15:00",1.60,123.00,9.00,0.04,2,278.00,0.38,313,113.00,8.40,188.00,-0.10,2,278.00,2.40,225,84.00,7.90,171.00,-1.60,2,278.00,2.30,212,72.00,8.90,200.00
"2025-04-04 10:30:00",1.10,130.00,9.00,0.37,2,276.00,0.71,341,125.00,8.40,203.00,0.00,2,276.00,2.90,266,92.00,8.50,184.00,-1.10,2,276.00,2.70,257,79.00,9.70,221.00
"2025-04-04 10:45:00",1.90,155.00,9.00,0.59,2,276.00,0.77,338,122.00,8.50,212.00,0.80,2,276.00,3.20,283,97.00,8.80,203.00,-1.70,2,276.00,2.50,261,76.00,10.20,247.00
"2025-04-04 11:00:00",2.70,100.00,9.00,0.68,2,277.00,0.86,364,127.00,8.80,207.00,-1.30,2,277.00,2.70,249,95.00,7.70,167.00,-2.40,2,277.00,2.70,312,86.00,10.70,246.00
"2025-04-04 11:15:00",2.60,170.00,9.00,0.44,2,279.00,0.84,341,128.00,8.20,206.00,1.70,2,279.00,3.00,282,106.00,7.80,177.00,-1.90,2,279.00,2.90,261,87.00,9.10,217.00
"2025-04-04 11:30:00",2.20,101.00,9.00,0.53,2,276.00,0.76,349,128.00,8.30,197.00,-1.00,2,276.00,2.50,270,99.00,8.10,186.00,-2.00,2,276.00,2.80,264,84.00,9.50,236.00
