"2025-04-01 00:00:00",0.40,134.00,9.00,0.02,9,274.00,0.18,848,128.00,16.20,274.00,0.00,9,274.00,0.80,530,107.00,13.50,271.00,-0.40,9,274.00,0.90,583,100.00,14.90,272.00
"2025-04-01 00:15:00",0.80,134.00,9.00,0.03,9,277.00,0.18,757,152.00,13.70,248.00,0.10,9,277.00,0.80,550,126.00,12.30,250.00,-0.80,9,277.00,1.10,551,124.00,12.70,247.00
"2025-04-01 00:30:00",0.50,124.00,9.00,0.00,9,274.00,0.17,806,131.00,15.60,274.00,0.00,9,274.00,0.60,609,111.00,14.40,271.00,-0.50,9,274.00,0.70,618,98.00,15.90,271.00
"2025-04-01 00:45:00",0.70,113.00,9.00,0.07,9,274.00,0.16,810,135.00,15.30,273.00,-0.20,9,274.00,0.70,586,116.00,13.80,273.00,-0.60,9,274.00,0.90,601,100.00,15.40,271.00
"2025-04-01 01:00:00",0.60,121.00,9.00,0.07,9,275.00,0.16,796,142.00,14.70,274.00,-0.10,9,275.00,0.80,554,125.00,12.70,275.00,-0.60,9,275.00,0.90,580,109.00,14.30,273.00
"2025-04-01 01:15:00",0.40,99.00,9.00,0.07,9,276.00,0.16,707,152.00,12.70,255.00,-0.20,9,276.00,0.70,500,144.00,10.30,243.00,-0.40,9,276.00,0.70,507,115.00,12.20,253.00
"2025-04-01 01:30:00",0.70,125.00,9.00,0.05,9,274.00,0.17,729,162.00,13.00,263.00,0.00,9,274.00,0.90,512,147.00,10.70,248.00,-0.70,9,274.00,1.00,558,131.00,12.70,259.00
"2025-04-01 01:45:00",0.40,125.00,9.00,0.06,9,275.00,0.17,693,146.00,13.30,274.00,0.00,9,275.00,0.80,464,132.00,10.60,260.00,-0.40,9,275.00,0.80,547,112.00,13.50,272.00
"2025-04-01 02:00:00",0.50,123.00,9.00,0.05,9,274.00,0.16,735,149.00,13.60,272.00,0.00,9,274.00,0.60,443,134.00,10.10,240.00,-0.50,9,274.00,0.70,523,112.00,13.10,273.00
"2025-04-01 02:15:00",0.20,132.00,9.00,0.02,9,277.00,0.15,701,148.00,13.00,257.00,0.00,9,277.00,0.90,444,134.00,9.90,242.00,-0.20,9,277.00,0.70,559,112.00,13.50,257.00
"2025-04-01 02:30:00",1.00,79.00,9.00,0.12,9,274.00,0.17,693,150.00,13.00,273.00,-0.70,9,274.00,0.90,433,142.00,9.40,247.00,-0.60,9,274.00,0.50,717,120.00,15.30,273.00
"2025-04-01 02:45:00",0.90,72.00,9.00,0.14,9,274.00,0.13,923,151.00,15.50,272.00,-0.70,9,274.00,0.60,488,138.00,10.90,263.00,-0.50,9,274.00,0.70,545,118.00,13.10,273.00
"2025-04-01 03:00:00",0.70,73.00,9.00,0.13,9,275.00,0.15,760,147.00,14.60,269.00,-0.60,9,275.00,0.60,482,112.00,12.50,259.00,-0.40,9,275.00,0.60,597,105.00,15.60,270.00
"2025-04-01 03:15:00",0.10,70.00,9.00,0.04,9,276.00,0.17,687,117.00,14.70,257.00,-0.10,9,276.00,0.60,489,98.00,13.20,255.00,0.00,9,276.00,0.50,574,80.00,16.20,256.00
"2025-04-01 03:30:00",0.10,98.00,9.00,0.06,9,274.00,0.16,725,122.00,15.10,274.00,-0.10,9,274.00,0.70,457,98.00,13.00,267.00,-0.10,9,274.00,0.50,553,78.00,16.80,273.00
"2025-04-01 03:45:00",0.20,123.00,9.00,0.05,9,275.00,0.15,783,121.00,16.00,274.00,0.00,9,275.00,0.60,501,103.00,13.50,274.00,-0.20,9,275.00,0.60,583,84.00,16.40,275.00
"2025-04-01 04:00:00",0.30,318.00,9.00,0.03,9,274.00,0.19,846,125.00,16.50,274.00,0.00,9,274.00,0.60,537,109.00,13.70,272.00,0.30,9,274.00,0.50,586,84.00,16.70,274.00
"2025-04-01 04:15:00",0.20,104.00,9.00,0.11,9,277.00,0.16,690,133.00,14.10,247.00,-0.10,9,277.00,0.50,485,107.00,13.00,247.00,-0.20,9,277.00,0.70,501,93.00,14.30,255.00
"2025-04-01 04:30:00",0.10,284.00,9.00,0.03,9,273.00,0.12,736,128.00,15.10,271.00,0.00,9,273.00,0.60,545,120.00,13.00,269.00,0.10,9,273.00,0.60,517,86.00,15.40,272.00
"2025-04-01 04:45:00",0.40,4.00,9.00,0.04,9,273.00,0.12,752,121.00,15.80,273.00,-0.30,9,273.00,0.50,543,106.00,14.00,270.00,0.20,9,273.00,0.50,627,84.00,17.40,272.00
"2025-04-01 05:00:00",0.10,277.00,9.00,0.01,9,274.00,0.15,687,125.00,14.70,267.00,0.00,9,274.00,0.60,549,104.00,14.10,274.00,0.10,9,274.00,0.50,574,86.00,16.30,273.00
"2025-04-01 05:15:00",0.10,57.00,9.00,0.00,9,275.00,0.18,694,126.00,14.20,249.00,-0.10,9,275.00,0.50,532,114.00,12.80,243.00,0.00,9,275.00,0.60,568,88.00,15.60,251.00
"2025-04-01 05:30:00",0.30,264.00,9.00,-0.01,9,274.00,0.14,743,135.00,14.80,263.00,0.20,9,274.00,1.60,445,113.00,11.90,253.00,0.20,9,274.00,0.40,605,102.00,16.10,260.00
"2025-04-01 05:45:00",0.40,276.00,9.00,0.04,9,273.00,0.16,681,134.00,14.10,269.00,0.20,9,273.00,0.70,498,115.00,12.60,256.00,0.30,9,273.00,0.50,556,92.00,15.50,265.00
"2025-04-01 06:00:00",0.80,282.00,9.00,-0.07,9,274.00,0.12,895,112.00,17.90,274.00,0.30,9,274.00,0.40,721,97.00,17.10,270.00,0.70,9,274.00,0.50,661,80.00,18.20,274.00
"2025-04-01 06:15:00",0.20,17.00,9.00,0.02,9,275.00,0.20,747,123.00,15.00,254.00,-0.20,9,275.00,0.60,571,99.00,14.50,255.00,0.10,9,275.00,0.50,540,83.00,15.60,253.00
"2025-04-01 06:30:00",0.30,298.00,9.00,-0.01,9,273.00,0.18,728,120.00,15.50,273.00,0.00,9,273.00,0.60,549,95.00,14.90,273.00,0.30,9,273.00,0.40,811,79.00,20.00,273.00
"2025-04-01 06:45:00",0.00,59.00,9.00,0.03,9,274.00,0.15,750,142.00,14.70,262.00,0.00,9,274.00,0.50,596,107.00,15.10,264.00,0.00,9,274.00,0.50,692,99.00,17.70,266.00
"2025-04-01 07:00:00",0.30,41.00,9.00,0.07,9,273.00,0.32,797,166.00,14.50,260.00,-0.30,9,273.00,0.60,583,131.00,13.10,260.00,0.00,9,273.00,1.10,654,119.00,15.90,257.00
"2025-04-01 07:15:00",0.30,168.00,9.00,0.06,9,276.00,0.19,686,118.00,14.50,256.00,0.20,9,276.00,0.80,557,116.00,12.60,249.00,-0.20,9,276.00,0.60,578,81.00,16.10,256.00
"2025-04-01 07:30:00",0.50,216.00,9.00,0.06,9,274.00,0.20,748,127.00,15.20,269.00,0.50,9,274.00,1.00,580,125.00,12.90,267.00,0.00,9,274.00,0.70,617,90.00,16.50,272.00
"2025-04-01 07:45:00",0.20,317.00,9.00,0.02,9,274.00,0.18,700,126.00,14.60,272.00,0.00,9,274.00,0.80,543,122.00,12.40,262.00,0.20,9,274.00,0.80,593,90.00,16.10,273.00
"2025-04-01 08:00:00",0.10,166.00,9.00,0.05,9,274.00,0.26,720,130.00,14.60,271.00,0.00,9,274.00,1.30,673,130.00,13.70,270.00,-0.10,9,274.00,0.80,659,94.00,16.80,271.00
"2025-04-01 08:15:00",0.20,275.00,9.00,0.05,9,277.00,0.23,713,197.00,11.70,226.00,0.10,9,277.00,0.90,604,157.00,11.40,235.00,0.20,9,277.00,1.00,623,135.00,13.50,243.00
"2025-04-01 08:30:00",0.30,117.00,9.00,0.03,9,274.00,0.25,830,140.00,15.20,270.00,0.00,9,274.00,1.20,646,132.00,13.40,269.00,-0.30,9,274.00,0.90,722,102.00,16.80,268.00
"2025-04-01 08:45:00",0.60,354.00,9.00,0.22,9,274.00,0.34,788,156.00,13.90,270.00,-0.50,9,274.00,1.30,774,149.00,13.90,269.00,0.40,9,274.00,1.70,688,125.00,14.70,271.00
"2025-04-01 09:00:00",0.50,353.00,9.00,-0.03,9,274.00,0.20,759,135.00,14.80,271.00,-0.30,9,274.00,0.80,613,123.00,13.70,266.00,0.30,9,274.00,0.80,615,89.00,16.60,269.00
"2025-04-01 09:15:00",0.50,48.00,9.00,-0.02,9,277.00,0.21,671,132.00,13.40,250.00,-0.50,9,277.00,1.00,511,124.00,11.50,241.00,-0.10,9,277.00,0.70,555,95.00,14.70,251.00
"2025-04-01 09:30:00",0.90,349.00,9.00,-0.01,9,273.00,0.31,862,186.00,13.60,257.00,-0.60,9,273.00,1.30,758,164.00,13.30,263.00,0.70,9,273.00,1.10,711,144.00,14.60,263.00
"2025-04-01 09:45:00",0.90,355.00,9.00,-0.04,9,274.00,0.35,828,151.00,14.60,271.00,-0.60,9,274.00,1.50,721,130.00,14.40,271.00,0.60,9,274.00,1.40,686,116.00,15.30,267.00
"2025-04-01 10:00:00",1.10,4.00,9.00,-0.02,2,274.00,0.28,849,144.00,15.10,267.00,-0.90,2,274.00,1.50,674,138.00,13.20,272.00,0.60,2,274.00,1.00,649,105.00,15.60,268.00
"2025-04-01 10:15:00",0.50,340.00,9.00,0.19,9,276.00,0.32,716,145.00,13.30,251.00,-0.30,9,276.00,1.60,546,124.00,12.20,248.00,0.40,9,276.00,2.00,543,122.00,12.60,249.00
"2025-04-01 10:30:00",1.00,286.00,9.00,-0.01,2,275.00,0.29,670,134.00,13.90,269.00,0.40,2,275.00,1.80,574,120.00,13.20,265.00,0.90,2,275.00,2.00,521,109.00,13.80,268.00
"2025-04-01 10:45:00",0.90,273.00,9.00,0.06,2,276.00,0.41,728,173.00,13.20,245.00,0.50,2,276.00,2.00,569,153.00,11.80,240.00,0.70,2,276.00,1.70,565,138.00,13.00,247.00
"2025-04-01 11:00:00",0.70,264.00,9.00,0.06,9,275.00,0.39,724,166.00,13.10,258.00,0.50,9,275.00,2.10,626,148.00,12.60,255.00,0.50,9,275.00,1.50,559,130.00,13.10,262.00
"2025-04-01 11:15:00",1.30,294.00,9.00,0.09,2,278.00,0.42,700,145.00,13.10,252.00,0.30,2,278.00,1.80,594,124.00,12.90,249.00,1.20,2,278.00,2.40,558,126.00,12.60,254.00
"2025-04-01 11:30:00",1.20,301.00,9.00,-0.01,2,276.00,0.54,759,143.00,14.20,271.00,0.10,2,276.00,1.90,674,127.00,14.10,269.00,1.20,2,276.00,2.10,640,124.00,14.40,271.00
"2025-04-01 11:45:00",1.80,320.00,9.00,0.09,2,276.00,0.53,794,159.00,13.90,269.00,-0.40,2,276.00,2.00,637,131.00,13.50,269.00,1.80,2,276.00,3.10,627,130.00,13.50,274.00
"2025-04-01 12:00:00",1.70,288.00,9.00,0.18,2,276.00,0.49,719,154.00,13.60,269.00,0.60,2,276.00,2.40,688,133.00,14.00,269.00,1.60,2,276.00,3.50,570,132.00,12.90,271.00
"2025-04-01 12:15:00",0.90,300.00,9.00,0.03,2,278.00,0.33,661,165.00,11.90,240.00,0.10,2,278.00,2.50,532,144.00,11.20,236.00,0.90,2,278.00,2.10,515,139.00,11.60,233.00
"2025-04-01 12:30:00",0.90,298.00,9.00,0.01,2,275.00,0.32,651,133.00,13.80,265.00,0.20,2,275.00,1.40,511,111.00,13.00,267.00,0.90,2,275.00,2.10,499,102.00,13.90,268.00
"2025-04-01 12:45:00",0.90,273.00,9.00,-0.02,2,276.00,0.36,663,154.00,12.80,268.00,0.50,2,276.00,1.80,528,130.00,12.40,258.00,0.70,2,276.00,1.70,534,129.00,12.70,259.00
"2025-04-01 13:00:00",0.60,253.00,9.00,0.02,2,276.00,0.23,654,133.00,14.00,265.00,0.50,2,276.00,1.30,471,113.00,12.70,262.00,0.30,2,276.00,1.00,530,102.00,14.60,265.00
"2025-04-01 13:15:00",0.60,287.00,9.00,0.03,2,278.00,0.33,583,133.00,12.30,250.00,0.20,2,278.00,1.80,493,115.00,12.20,247.00,0.50,2,278.00,1.60,492,107.00,13.00,248.00
"2025-04-01 13:30:00",1.30,288.00,9.00,-0.04,2,276.00,0.44,691,176.00,12.30,260.00,0.40,2,276.00,2.80,563,145.00,12.00,264.00,1.20,2,276.00,2.20,552,142.00,12.30,251.00
"2025-04-01 13:45:00",0.50,281.00,9.00,-0.03,2,275.00,0.23,594,127.00,13.40,263.00,0.20,2,275.00,1.60,445,100.00,12.90,264.00,0.40,2,275.00,0.80,500,99.00,14.10,265.00
"2025-04-01 14:00:00",0.70,301.00,9.00,0.02,2,276.00,0.26,707,127.00,14.80,270.00,0.10,2,276.00,1.60,532,113.00,13.50,267.00,0.70,2,276.00,1.70,557,107.00,14.40,271.00
"2025-04-01 14:15:00",0.30,317.00,9.00,0.01,9,278.00,0.29,593,125.00,13.10,249.00,-0.10,9,278.00,1.60,486,109.00,12.50,247.00,0.30,9,278.00,1.20,495,99.00,13.80,251.00
"2025-04-01 14:30:00",1.00,293.00,9.00,0.05,9,276.00,0.33,616,133.00,13.30,272.00,0.30,9,276.00,1.90,476,113.00,12.30,268.00,1.00,9,276.00,2.00,472,107.00,13.00,265.00
"2025-04-01 14:45:00",1.00,300.00,9.00,-0.03,9,276.00,0.54,597,147.00,12.50,257.00,0.10,9,276.00,1.90,451,114.00,12.00,259.00,1.00,9,276.00,2.20,450,116.00,12.50,253.00
"2025-04-01 15:00:00",2.50,299.00,9.00,0.00,2,276.00,0.57,680,162.00,12.50,267.00,0.40,2,276.00,3.30,565,138.00,12.30,267.00,2.50,2,276.00,3.90,548,141.00,11.90,268.00
"2025-04-01 15:15:00",1.30,283.00,9.00,0.00,2,279.00,0.45,585,125.00,12.90,253.00,0.60,2,279.00,2.20,446,109.00,11.70,250.00,1.20,2,279.00,2.50,446,107.00,12.30,251.00
"2025-04-01 15:30:00",1.40,281.00,9.00,-0.04,2,276.00,0.49,597,137.00,12.80,269.00,0.60,2,276.00,2.60,489,119.00,12.10,267.00,1.20,2,276.00,2.40,494,120.00,12.50,265.00
"2025-04-01 15:45:00",0.80,292.00,9.00,-0.01,2,277.00,0.31,598,129.00,13.30,268.00,0.20,2,277.00,1.70,462,110.00,12.50,267.00,0.70,2,277.00,1.90,478,110.00,13.10,267.00
"2025-04-01 16:00:00",0.50,256.00,9.00,0.03,2,276.00,0.23,570,121.00,13.40,268.00,0.40,2,276.00,1.70,429,108.00,12.00,261.00,0.30,2,276.00,1.30,461,99.00,13.40,269.00
"2025-04-01 16:15:00",0.40,258.00,9.00,0.00,2,277.00,0.28,554,143.00,11.80,233.00,0.30,2,277.00,1.80,398,110.00,11.00,236.00,0.30,2,277.00,1.10,436,113.00,12.00,236.00
"2025-04-01 16:30:00",0.40,295.00,9.00,-0.01,2,276.00,0.24,542,121.00,13.00,267.00,0.10,2,276.00,1.40,404,96.00,12.40,267.00,0.40,2,276.00,1.10,431,95.00,13.10,266.00
"2025-04-01 16:45:00",0.30,275.00,9.00,0.00,2,276.00,0.24,579,119.00,13.70,269.00,0.20,2,276.00,1.30,395,95.00,12.30,265.00,0.30,2,276.00,1.00,440,92.00,13.60,267.00
"2025-04-01 17:00:00",0.30,256.00,9.00,0.03,2,276.00,0.22,562,116.00,13.60,270.00,0.20,2,276.00,1.10,420,103.00,12.30,261.00,0.20,2,276.00,0.70,459,90.00,14.20,267.00
"2025-04-01 17:15:00",0.30,267.00,9.00,0.04,9,277.00,0.22,545,123.00,12.70,253.00,0.20,9,277.00,1.20,386,108.00,10.80,236.00,0.20,9,277.00,0.80,423,98.00,12.40,247.00
"2025-04-01 17:30:00",0.30,265.00,9.00,0.03,9,276.00,0.23,555,112.00,13.60,271.00,0.20,9,276.00,0.90,394,95.00,12.30,264.00,0.20,9,276.00,0.70,470,86.00,14.60,273.00
"2025-04-01 17:45:00",0.10,291.00,9.00,0.05,9,276.00,0.19,587,127.00,13.50,263.00,0.00,9,276.00,0.90,416,104.00,12.30,254.00,0.10,9,276.00,0.60,500,100.00,14.30,266.00
"2025-04-01 18:00:00",0.20,248.00,9.00,0.05,9,276.00,0.18,577,115.00,14.00,271.00,0.20,9,276.00,0.80,398,92.00,12.50,266.00,0.10,9,276.00,0.70,473,89.00,14.50,270.00
"2025-04-01 18:15:00",0.10,235.00,9.00,0.07,9,277.00,0.21,549,111.00,13.30,252.00,0.10,9,277.00,0.70,394,91.00,12.20,251.00,0.00,9,277.00,0.60,487,79.00,15.10,257.00
"2025-04-01 18:30:00",0.20,231.00,9.00,0.07,9,274.00,0.19,617,148.00,13.20,246.00,0.20,9,274.00,0.80,444,115.00,12.30,251.00,0.00,9,274.00,0.70,512,112.00,14.20,247.00
"2025-04-01 18:45:00",0.20,224.00,9.00,0.05,9,274.00,0.19,597,114.00,14.10,272.00,0.20,9,274.00,0.80,411,94.00,12.50,270.00,0.00,9,274.00,0.70,509,82.00,15.60,273.00
"2025-04-01 19:00:00",0.10,129.00,9.00,0.09,9,274.00,0.21,595,115.00,14.00,274.00,0.00,9,274.00,0.90,431,99.00,12.60,268.00,-0.10,9,274.00,0.60,513,81.00,15.80,271.00
"2025-04-01 19:15:00",0.30,226.00,9.00,0.04,9,276.00,0.20,556,137.00,11.90,245.00,0.30,9,276.00,1.00,421,117.00,10.80,247.00,0.00,9,276.00,0.70,479,106.00,13.20,245.00
"2025-04-01 19:30:00",0.30,210.00,9.00,0.04,9,274.00,0.19,623,126.00,13.70,270.00,0.30,9,274.00,1.00,448,109.00,12.00,265.00,0.00,9,274.00,0.70,501,88.00,14.90,273.00
"2025-04-01 19:45:00",0.30,243.00,9.00,0.04,9,274.00,0.18,631,113.00,14.70,273.00,0.30,9,274.00,0.80,450,105.00,12.30,265.00,0.10,9,274.00,0.70,513,79.00,16.00,273.00
"2025-04-01 20:00:00",0.20,219.00,9.00,0.05,9,274.00,0.20,609,117.00,14.10,273.00,0.20,9,274.00,0.90,444,107.00,12.10,265.00,0.00,9,274.00,0.70,506,83.00,15.50,271.00
"2025-04-01 20:15:00",0.20,203.00,9.00,0.04,9,276.00,0.20,580,113.00,13.40,253.00,0.20,9,276.00,0.80,445,102.00,12.20,252.00,-0.10,9,276.00,0.70,498,78.00,15.30,255.00
"2025-04-01 20:30:00",0.00,18.00,9.00,0.05,9,274.00,0.19,639,117.00,14.50,273.00,0.00,9,274.00,0.70,456,101.00,12.90,269.00,0.00,9,274.00,0.80,486,85.00,14.80,272.00
"2025-04-01 20:45:00",0.10,91.00,9.00,0.09,9,274.00,0.21,714,172.00,13.50,255.00,-0.10,9,274.00,0.80,501,133.00,12.40,251.00,-0.10,9,274.00,0.70,561,138.00,13.90,250.00
"2025-04-01 21:00:00",0.20,271.00,9.00,0.06,9,273.00,0.20,649,124.00,14.10,272.00,0.10,9,273.00,1.00,461,107.00,12.70,257.00,0.10,9,273.00,0.80,514,105.00,14.00,265.00
"2025-04-01 21:15:00",0.40,259.00,9.00,0.04,9,277.00,0.21,595,124.00,13.00,253.00,0.30,9,277.00,0.90,450,108.00,11.90,246.00,0.30,9,277.00,0.80,512,118.00,12.50,243.00
"2025-04-01 21:30:00",1.10,269.00,9.00,0.04,9,274.00,0.27,692,151.00,13.30,260.00,0.70,9,274.00,1.20,568,138.00,12.50,252.00,0.80,9,274.00,1.50,595,155.00,12.10,251.00
"2025-04-01 21:45:00",1.00,269.00,9.00,0.03,9,274.00,0.28,703,129.00,14.60,271.00,0.60,9,274.00,1.40,541,114.00,13.40,268.00,0.80,9,274.00,1.40,588,115.00,14.10,269.00
"2025-04-01 22:00:00",0.70,268.00,9.00,0.07,9,273.00,0.26,736,151.00,14.30,256.00,0.40,9,273.00,1.40,552,117.00,13.70,263.00,0.50,9,273.00,1.00,574,127.00,13.70,253.00
"2025-04-01 22:15:00",0.70,260.00,9.00,0.03,9,277.00,0.23,702,163.00,12.90,241.00,0.60,9,277.00,1.20,534,131.00,12.00,244.00,0.50,9,277.00,1.10,574,133.00,13.10,244.00
"2025-04-01 22:30:00",0.70,262.00,9.00,0.02,9,273.00,0.24,683,124.00,14.60,267.00,0.50,9,273.00,1.00,499,106.00,13.30,267.00,0.50,9,273.00,0.90,540,93.00,15.10,269.00
"2025-04-01 22:45:00",0.50,261.00,9.00,0.06,9,275.00,0.25,689,131.00,14.20,268.00,0.30,9,275.00,1.20,541,112.00,13.40,265.00,0.30,9,275.00,0.80,572,96.00,15.30,269.00
"2025-04-01 23:00:00",1.10,267.00,9.00,-0.07,9,274.00,0.27,679,132.00,14.00,268.00,0.80,9,274.00,1.50,550,120.00,12.80,264.00,0.90,9,274.00,1.30,545,97.00,14.80,269.00
"2025-04-01 23:15:00",0.40,276.00,9.00,0.00,9,276.00,0.21,658,123.00,13.90,257.00,0.20,9,276.00,1.20,461,107.00,12.00,248.00,0.30,9,276.00,0.80,516,83.00,15.00,254.00
"2025-04-01 23:30:00",0.70,272.00,9.00,0.02,9,273.00,0.26,722,183.00,12.70,248.00,0.40,9,273.00,1.40,544,136.00,12.10,254.00,0.60,9,273.00,1.30,581,140.00,13.40,247.00
"2025-04-01 23:45:00",0.30,238.00,9.00,0.02,9,274.00,0.21,624,116.00,14.30,270.00,0.30,9,274.00,1.20,459,100.00,12.90,268.00,0.10,9,274.00,0.70,516,84.00,15.50,270.00
"2025-04-02 00:00:00",0.30,295.00,9.00,0.02,9,274.00,0.23,691,172.00,13.10,241.00,0.10,9,274.00,1.00,463,121.00,11.90,258.00,0.30,9,274.00,0.80,592,126.00,14.50,250.00
"2025-04-02 00:15:00",0.20,259.00,9.00,0.03,9,277.00,0.21,585,121.00,13.10,253.00,0.20,9,277.00,0.90,427,101.00,12.00,248.00,0.10,9,277.00,0.70,498,87.00,14.40,250.00
"2025-04-02 00:30:00",0.50,270.00,9.00,0.00,9,274.00,0.19,621,115.00,14.40,269.00,0.30,9,274.00,0.90,455,96.00,13.20,271.00,0.40,9,274.00,0.70,498,82.00,15.40,269.00
"2025-04-02 00:45:00",0.40,245.00,9.00,0.02,9,274.00,0.22,662,161.00,12.80,246.00,0.40,9,274.00,1.00,449,119.00,11.60,255.00,0.20,9,274.00,0.70,550,119.00,14.10,251.00
"2025-04-02 01:00:00",0.50,262.00,9.00,-0.01,9,275.00,0.19,640,114.00,14.70,272.00,0.30,9,275.00,0.80,421,90.00,13.10,271.00,0.30,9,275.00,0.60,515,85.00,15.50,273.00
"2025-04-02 01:15:00",0.60,297.00,9.00,-0.04,9,276.00,0.20,822,348.00,9.00,154.00,0.10,9,276.00,2.40,688,324.00,8.20,140.00,0.60,9,276.00,0.90,815,386.00,8.50,145.00
"2025-04-02 01:30:00",0.60,275.00,9.00,-0.02,9,274.00,0.22,788,267.00,10.50,208.00,0.30,9,274.00,1.10,607,244.00,9.00,182.00,0.50,9,274.00,0.80,694,274.00,9.50,178.00
"2025-04-02 01:45:00",1.30,285.00,9.00,-0.05,9,274.00,0.29,844,290.00,10.30,203.00,0.50,9,274.00,1.60,697,280.00,9.10,178.00,1.20,9,274.00,1.90,747,309.00,9.10,178.00
"2025-04-02 02:00:00",0.70,246.00,9.00,0.00,9,274.00,0.18,776,151.00,14.70,258.00,0.60,9,274.00,1.10,552,128.00,13.00,256.00,0.30,9,274.00,0.70,663,124.00,15.20,262.00
"2025-04-02 02:15:00",1.40,235.00,9.00,0.03,9,277.00,0.26,727,128.00,14.40,257.00,1.30,9,277.00,1.70,574,123.00,12.90,252.00,0.40,9,277.00,0.90,588,98.00,14.90,254.00
"2025-04-02 02:30:00",1.30,245.00,9.00,-0.02,9,274.00,0.33,786,150.00,14.50,264.00,1.20,9,274.00,1.70,632,135.00,13.50,268.00,0.60,9,274.00,1.10,684,137.00,14.50,260.00
"2025-04-02 02:45:00",1.30,250.00,9.00,0.00,9,274.00,0.26,827,233.00,12.40,219.00,1.10,9,274.00,1.50,691,219.00,11.60,206.00,0.70,9,274.00,1.00,724,237.00,12.10,192.00
"2025-04-02 03:00:00",1.90,252.00,9.00,-0.03,9,275.00,0.34,910,355.00,8.70,182.00,1.50,9,275.00,2.30,767,351.00,7.10,134.00,1.00,9,275.00,1.40,837,403.00,7.00,125.00
"2025-04-02 03:15:00",1.50,261.00,9.00,-0.04,9,277.00,0.25,816,245.00,11.40,223.00,1.10,9,277.00,1.10,669,227.00,10.10,208.00,1.10,9,277.00,1.20,754,262.00,10.50,209.00
"2025-04-02 03:30:00",1.20,263.00,9.00,-0.01,9,274.00,0.21,835,181.00,13.60,254.00,0.90,9,274.00,1.10,689,169.00,12.40,250.00,0.90,9,274.00,1.00,772,180.00,13.50,251.00
"2025-04-02 03:45:00",0.50,223.00,9.00,0.03,9,275.00,0.19,883,135.00,16.10,274.00,0.50,9,275.00,0.70,702,113.00,15.60,272.00,0.00,9,275.00,0.60,760,103.00,17.20,271.00
"2025-04-02 04:00:00",1.30,236.00,9.00,0.02,9,274.00,0.24,883,147.00,15.20,274.00,1.20,9,274.00,1.40,749,126.00,15.20,273.00,0.40,9,274.00,0.80,820,106.00,17.60,270.00
"2025-04-02 04:15:00",1.50,252.00,9.00,-0.03,9,276.00,0.22,835,133.00,15.20,257.00,1.30,9,276.00,1.20,605,117.00,13.60,256.00,0.80,9,276.00,0.80,692,97.00,16.20,254.00
"2025-04-02 04:30:00",1.70,240.00,9.00,0.06,9,274.00,0.21,1010,153.00,16.20,274.00,1.60,9,274.00,1.50,808,149.00,14.40,272.00,0.60,9,274.00,0.90,818,117.00,16.70,269.00
"2025-04-02 04:45:00",0.90,240.00,9.00,0.04,9,274.00,0.22,950,168.00,15.00,269.00,0.80,9,274.00,1.10,847,162.00,14.00,269.00,0.30,9,274.00,0.80,770,124.00,16.00,270.00
"2025-04-02 05:00:00",0.90,254.00,9.00,0.01,9,273.00,0.20,941,154.00,15.50,272.00,0.70,9,273.00,1.00,714,142.00,13.50,271.00,0.50,9,273.00,0.80,717,114.00,15.70,273.00
"2025-04-02 05:15:00",0.70,261.00,9.00,0.10,9,276.00,0.21,909,152.00,14.80,254.00,0.50,9,276.00,1.00,647,144.00,12.30,253.00,0.50,9,276.00,0.80,716,112.00,15.30,255.00
"2025-04-02 05:30:00",0.40,257.00,9.00,0.00,9,273.00,0.15,831,144.00,15.10,268.00,0.30,9,273.00,0.70,556,132.00,12.30,261.00,0.30,9,273.00,0.60,611,108.00,14.90,266.00
"2025-04-02 05:45:00",0.50,272.00,9.00,-0.02,9,274.00,0.17,831,153.00,14.60,270.00,0.30,9,274.00,0.70,519,135.00,11.60,266.00,0.40,9,274.00,0.60,573,106.00,14.50,268.00
"2025-04-02 06:00:00",1.00,256.00,9.00,0.04,9,273.00,0.20,831,161.00,14.30,268.00,0.80,9,273.00,0.90,620,153.00,12.00,256.00,0.60,9,273.00,0.70,701,120.00,15.10,269.00
"2025-04-02 06:15:00",1.00,261.00,9.00,0.06,9,276.00,0.21,968,162.00,14.90,255.00,0.70,9,276.00,0.90,724,146.00,12.90,251.00,0.70,9,276.00,0.80,793,119.00,15.50,255.00
"2025-04-02 06:30:00",0.50,278.00,9.00,0.07,9,273.00,0.20,981,157.00,15.60,272.00,0.30,9,273.00,0.90,769,148.00,13.80,266.00,0.50,9,273.00,0.90,836,122.00,16.50,273.00
"2025-04-02 06:45:00",0.40,334.00,9.00,0.03,9,273.00,0.19,935,151.00,15.60,272.00,-0.20,9,273.00,0.90,681,139.00,13.40,270.00,0.40,9,273.00,0.70,786,112.00,16.60,273.00
"2025-04-02 07:00:00",0.40,18.00,9.00,0.11,9,274.00,0.24,932,158.00,15.30,273.00,-0.40,9,274.00,1.00,789,147.00,14.20,268.00,0.10,9,274.00,1.00,775,132.00,15.40,267.00
"2025-04-02 07:15:00",0.50,332.00,9.00,0.05,9,275.00,0.22,870,140.00,15.10,254.00,-0.20,9,275.00,0.90,794,125.00,15.10,252.00,0.50,9,275.00,0.90,782,117.00,15.70,255.00
"2025-04-02 07:30:00",0.40,296.00,9.00,0.06,9,274.00,0.22,896,261.00,11.00,236.00,0.10,9,274.00,0.80,771,255.00,10.00,210.00,0.40,9,274.00,0.80,792,269.00,10.20,206.00
"2025-04-02 07:45:00",0.40,198.00,9.00,0.03,9,275.00,0.18,829,135.00,15.60,270.00,0.30,9,275.00,0.70,622,111.00,14.80,273.00,-0.10,9,275.00,0.60,733,107.00,16.60,271.00
"2025-04-02 08:00:00",0.20,191.00,9.00,-0.04,9,274.00,0.12,882,131.00,16.40,274.00,0.20,9,274.00,0.70,526,110.00,13.60,267.00,-0.10,9,274.00,0.70,578,100.00,15.20,268.00
"2025-04-02 08:15:00",0.50,125.00,9.00,0.02,9,275.00,0.23,891,149.00,14.60,252.00,0.00,9,275.00,0.90,761,133.00,14.10,253.00,-0.50,9,275.00,1.00,804,112.00,15.90,254.00
"2025-04-02 08:30:00",0.20,101.00,9.00,0.04,9,275.00,0.21,773,129.00,15.20,273.00,-0.10,9,275.00,0.80,546,104.00,14.10,268.00,-0.20,9,275.00,0.70,693,96.00,17.00,273.00
"2025-04-02 08:45:00",0.20,219.00,9.00,-0.05,9,274.00,0.19,770,196.00,13.50,243.00,0.20,9,274.00,0.80,519,140.00,12.10,239.00,0.00,9,274.00,0.60,629,136.00,14.80,253.00
"2025-04-02 09:00:00",0.30,110.00,9.00,-0.04,9,274.00,0.21,711,149.00,13.80,263.00,-0.10,9,274.00,0.80,578,121.00,13.40,258.00,-0.30,9,274.00,0.70,616,123.00,15.00,259.00
"2025-04-02 09:15:00",0.40,33.00,9.00,-0.03,9,276.00,0.27,709,229.00,10.60,201.00,-0.40,9,276.00,1.60,546,204.00,9.40,177.00,0.00,9,276.00,0.80,584,210.00,10.30,184.00
"2025-04-02 09:30:00",0.50,250.00,9.00,-0.02,9,274.00,0.24,835,358.00,8.00,150.00,0.40,9,274.00,1.10,666,351.00,5.90,79.00,0.20,9,274.00,0.80,757,416.00,5.70,76.00
"2025-04-02 09:45:00",1.30,247.00,9.00,-0.07,9,274.00,0.24,717,175.00,12.90,253.00,1.20,9,274.00,1.20,553,158.00,11.40,234.00,0.60,9,274.00,0.90,647,162.00,13.30,237.00
"2025-04-02 10:00:00",0.60,239.00,9.00,0.01,2,274.00,0.18,695,157.00,13.60,255.00,0.60,2,274.00,1.20,514,132.00,12.10,245.00,0.20,2,274.00,0.80,587,119.00,14.80,254.00
"2025-04-02 10:15:00",0.20,215.00,9.00,0.03,9,276.00,0.20,660,144.00,13.30,251.00,0.20,9,276.00,0.70,460,121.00,11.60,239.00,0.00,9,276.00,0.60,562,105.00,14.80,250.00
"2025-04-02 10:30:00",0.00,202.00,9.00,0.02,9,274.00,0.18,637,112.00,14.90,270.00,0.00,9,274.00,0.70,436,95.00,13.00,261.00,0.00,9,274.00,0.60,529,82.00,16.10,269.00
"2025-04-02 10:45:00",0.20,243.00,9.00,-0.04,9,275.00,0.19,634,115.00,14.60,270.00,0.20,9,275.00,0.80,438,94.00,13.10,267.00,0.10,9,275.00,0.70,526,81.00,16.10,271.00
"2025-04-02 11:00:00",0.20,182.00,9.00,0.08,9,274.00,0.29,678,133.00,14.30,264.00,0.20,9,274.00,1.70,473,112.00,12.40,259.00,-0.10,9,274.00,0.80,529,91.00,15.30,264.00
"2025-04-02 11:15:00",0.20,280.00,9.00,0.06,9,276.00,0.35,660,151.00,12.20,246.00,0.10,9,276.00,1.70,543,151.00,10.60,237.00,0.20,9,276.00,1.30,507,114.00,12.40,250.00
"2025-04-02 11:30:00",0.20,251.00,9.00,0.06,9,274.00,0.24,673,187.00,11.50,245.00,0.20,9,274.00,1.30,508,168.00,9.60,236.00,0.10,9,274.00,1.10,546,149.00,12.00,245.00
"2025-04-02 11:45:00",0.30,254.00,9.00,0.11,9,275.00,0.27,685,140.00,13.60,270.00,0.30,9,275.00,1.40,517,137.00,11.20,260.00,0.20,9,275.00,1.20,507,108.00,13.40,267.00
"2025-04-02 12:00:00",1.60,254.00,9.00,0.24,2,275.00,0.53,780,154.00,13.90,269.00,1.30,2,275.00,3.10,737,159.00,12.90,271.00,0.90,2,275.00,2.40,582,125.00,13.20,273.00
"2025-04-02 12:15:00",0.50,345.00,9.00,0.12,9,278.00,0.36,620,122.00,13.60,252.00,-0.30,9,278.00,1.30,483,96.00,13.20,249.00,0.40,9,278.00,2.00,440,93.00,13.20,251.00
"2025-04-02 12:30:00",0.40,312.00,9.00,0.02,9,276.00,0.25,630,149.00,13.20,254.00,0.00,9,276.00,1.10,507,135.00,12.20,232.00,0.40,9,276.00,1.10,530,138.00,13.20,237.00
"2025-04-02 12:45:00",0.30,260.00,9.00,0.07,9,276.00,0.28,707,186.00,12.80,251.00,0.20,9,276.00,1.30,513,135.00,12.40,250.00,0.20,9,276.00,1.00,565,139.00,13.60,246.00
"2025-04-02 13:00:00",1.50,302.00,9.00,-0.05,2,274.00,0.29,685,170.00,12.40,247.00,0.20,2,274.00,1.20,553,146.00,11.90,244.00,1.50,2,274.00,2.20,576,169.00,11.60,235.00
"2025-04-02 13:15:00",0.80,311.00,9.00,0.08,2,276.00,0.34,636,124.00,13.60,247.00,0.00,2,276.00,1.00,449,94.00,13.00,243.00,0.80,2,276.00,1.90,472,100.00,13.30,247.00
"2025-04-02 13:30:00",1.10,272.00,9.00,0.07,2,276.00,0.35,656,165.00,12.40,247.00,0.60,2,276.00,1.90,526,150.00,11.50,228.00,0.90,2,276.00,1.90,538,165.00,11.30,226.00
"2025-04-02 13:45:00",0.80,239.00,9.00,0.00,9,276.00,0.23,709,165.00,13.50,256.00,0.70,9,276.00,1.10,552,155.00,12.10,238.00,0.30,9,276.00,0.80,612,176.00,13.00,225.00
"2025-04-02 14:00:00",0.60,239.00,9.00,0.03,9,274.00,0.30,741,138.00,14.90,260.00,0.60,9,274.00,1.20,604,115.00,14.50,263.00,0.20,9,274.00,0.80,574,101.00,15.60,260.00
"2025-04-02 14:15:00",0.60,287.00,9.00,0.00,2,276.00,0.25,659,169.00,12.30,231.00,0.20,2,276.00,1.10,515,128.00,12.20,231.00,0.50,2,276.00,1.20,527,126.00,13.00,233.00
"2025-04-02 14:30:00",0.60,332.00,9.00,0.00,2,276.00,0.21,671,137.00,13.90,262.00,-0.20,2,276.00,1.30,468,100.00,13.10,262.00,0.50,2,276.00,1.20,495,98.00,14.20,267.00
"2025-04-02 14:45:00",1.00,286.00,9.00,-0.01,2,276.00,0.24,616,158.00,11.60,242.00,0.40,2,276.00,1.30,468,114.00,12.20,262.00,0.90,2,276.00,2.20,452,112.00,12.20,260.00
"2025-04-02 15:00:00",0.80,286.00,9.00,0.04,9,275.00,0.33,651,176.00,11.10,240.00,0.30,9,275.00,1.70,539,130.00,11.90,249.00,0.70,9,275.00,1.90,497,120.00,12.30,259.00
"2025-04-02 15:15:00",1.00,252.00,9.00,-0.01,2,278.00,0.43,579,164.00,10.80,236.00,0.80,2,278.00,2.70,432,128.00,10.30,229.00,0.60,2,278.00,1.50,445,115.00,11.50,239.00
"2025-04-02 15:30:00",0.90,288.00,9.00,0.04,2,276.00,0.56,621,155.00,12.30,258.00,0.30,2,276.00,2.30,484,134.00,11.20,254.00,0.90,2,276.00,2.40,484,127.00,12.00,252.00
"2025-04-02 15:45:00",0.80,305.00,9.00,0.05,2,276.00,0.31,578,120.00,13.50,268.00,0.00,2,276.00,1.70,418,103.00,12.30,262.00,0.80,2,276.00,2.20,424,96.00,13.00,264.00
"2025-04-02 16:00:00",1.00,239.00,9.00,0.06,2,275.00,0.47,608,133.00,13.10,266.00,1.00,2,275.00,3.10,487,114.00,12.60,269.00,0.40,2,275.00,1.90,514,107.00,13.80,268.00
"2025-04-02 16:15:00",0.50,242.00,9.00,-0.01,9,278.00,0.23,536,104.00,13.80,252.00,0.50,9,278.00,1.50,390,86.00,12.70,253.00,0.20,9,278.00,0.80,410,76.00,14.30,251.00
"2025-04-02 16:30:00",0.30,265.00,9.00,0.09,9,276.00,0.30,589,116.00,14.00,271.00,0.20,9,276.00,1.50,464,102.00,13.00,268.00,0.20,9,276.00,1.30,459,89.00,14.20,268.00
"2025-04-02 16:45:00",0.20,341.00,9.00,0.03,9,275.00,0.25,564,120.00,13.50,266.00,-0.10,9,275.00,0.90,429,95.00,13.00,261.00,0.20,9,275.00,0.80,444,99.00,13.40,263.00
"2025-04-02 17:00:00",0.50,294.00,9.00,0.05,9,276.00,0.27,569,115.00,13.70,270.00,0.10,9,276.00,1.40,438,93.00,13.30,271.00,0.40,9,276.00,1.70,492,94.00,14.60,271.00
"2025-04-02 17:15:00",0.20,306.00,9.00,0.06,9,278.00,0.21,518,104.00,13.20,251.00,0.00,9,278.00,0.90,423,86.00,13.10,251.00,0.20,9,278.00,0.80,442,80.00,14.20,252.00
"2025-04-02 17:30:00",0.20,285.00,9.00,0.05,9,274.00,0.18,517,103.00,13.80,265.00,0.10,9,274.00,0.80,403,84.00,13.40,266.00,0.20,9,274.00,0.70,435,77.00,14.90,270.00
"2025-04-02 17:45:00",0.20,265.00,9.00,0.04,9,274.00,0.19,555,99.00,14.70,272.00,0.10,9,274.00,0.70,442,80.00,14.50,271.00,0.10,9,274.00,0.60,437,72.00,15.50,271.00
"2025-04-02 18:00:00",0.40,230.00,9.00,0.07,9,274.00,0.17,555,99.00,14.60,273.00,0.30,9,274.00,0.70,417,89.00,13.20,270.00,0.10,9,274.00,0.60,456,69.00,16.20,273.00
"2025-04-02 18:15:00",0.10,254.00,9.00,0.07,9,276.00,0.18,537,122.00,12.80,246.00,0.10,9,276.00,0.80,402,105.00,11.40,239.00,0.00,9,276.00,0.70,437,89.00,14.00,246.00
"2025-04-02 18:30:00",0.20,237.00,9.00,0.05,9,274.00,0.18,576,108.00,14.20,272.00,0.20,9,274.00,0.70,403,97.00,12.00,263.00,0.10,9,274.00,0.60,472,74.00,15.80,272.00
"2025-04-02 18:45:00",0.50,235.00,9.00,0.03,9,274.00,0.20,628,164.00,12.50,244.00,0.50,9,274.00,0.90,436,151.00,10.10,212.00,0.10,9,274.00,0.70,530,162.00,12.30,214.00
"2025-04-02 19:00:00",0.70,246.00,9.00,0.02,9,274.00,0.20,665,118.00,14.90,270.00,0.60,9,274.00,0.90,505,106.00,13.40,269.00,0.30,9,274.00,0.70,549,85.00,16.00,269.00
"2025-04-02 19:15:00",0.50,236.00,9.00,0.06,9,276.00,0.19,630,108.00,14.60,257.00,0.50,9,276.00,0.90,454,94.00,13.00,253.00,0.20,9,276.00,0.70,491,77.00,15.30,256.00
"2025-04-02 19:30:00",0.60,241.00,9.00,0.03,9,274.00,0.21,654,115.00,14.80,274.00,0.50,9,274.00,0.90,463,85.00,14.40,270.00,0.20,9,274.00,0.70,546,80.00,16.50,271.00
"2025-04-02 19:45:00",1.20,235.00,9.00,0.06,9,274.00,0.24,842,167.00,14.20,262.00,1.10,9,274.00,1.40,602,126.00,13.60,266.00,0.40,9,274.00,1.10,644,116.00,15.40,265.00
"2025-04-02 20:00:00",1.20,231.00,9.00,0.06,9,274.00,0.21,772,148.00,14.10,269.00,1.20,9,274.00,1.50,595,119.00,13.70,269.00,0.30,9,274.00,0.80,609,100.00,15.50,270.00
"2025-04-02 20:15:00",0.90,242.00,9.00,-0.01,9,276.00,0.19,652,114.00,14.40,256.00,0.90,9,276.00,1.20,445,94.00,12.90,252.00,0.40,9,276.00,0.70,507,77.00,15.50,256.00
"2025-04-02 20:30:00",0.90,247.00,9.00,0.00,9,274.00,0.19,757,211.00,12.10,224.00,0.80,9,274.00,1.20,560,206.00,9.90,186.00,0.40,9,274.00,0.80,634,225.00,10.90,195.00
"2025-04-02 20:45:00",1.30,239.00,9.00,0.03,9,273.00,0.22,819,126.00,16.10,273.00,1.20,9,273.00,1.60,583,115.00,13.90,271.00,0.50,9,273.00,0.70,659,92.00,16.90,269.00
"2025-04-02 21:00:00",1.50,241.00,9.00,0.03,9,275.00,0.27,773,131.00,15.20,272.00,1.30,9,275.00,1.30,599,113.00,14.20,269.00,0.60,9,275.00,0.80,589,95.00,15.60,271.00
"2025-04-02 21:15:00",1.30,241.00,9.00,0.02,9,276.00,0.27,689,132.00,13.90,252.00,1.20,9,276.00,1.40,519,111.00,12.80,254.00,0.50,9,276.00,0.90,560,98.00,14.60,250.00
"2025-04-02 21:30:00",1.20,237.00,9.00,0.02,9,274.00,0.23,781,166.00,13.30,267.00,1.10,9,274.00,1.20,615,138.00,12.80,266.00,0.40,9,274.00,0.80,628,115.00,14.80,265.00
"2025-04-02 21:45:00",1.20,251.00,9.00,0.05,9,274.00,0.19,817,135.00,15.40,273.00,1.00,9,274.00,1.10,638,120.00,14.10,274.00,0.70,9,274.00,1.00,646,96.00,16.20,271.00
"2025-04-02 22:00:00",1.20,239.00,9.00,0.09,9,274.00,0.21,871,137.00,15.80,273.00,1.20,9,274.00,1.20,652,132.00,13.60,271.00,0.40,9,274.00,0.90,665,102.00,16.10,272.00
"2025-04-02 22:15:00",1.00,256.00,9.00,0.08,9,276.00,0.20,742,122.00,14.90,257.00,0.80,9,276.00,1.00,586,106.00,14.00,256.00,0.60,9,276.00,0.90,590,95.00,15.00,252.00
"2025-04-02 22:30:00",0.40,274.00,9.00,0.05,9,273.00,0.18,805,137.00,15.20,272.00,0.20,9,273.00,0.80,537,113.00,13.30,267.00,0.30,9,273.00,0.80,636,99.00,16.00,271.00
"2025-04-02 22:45:00",1.00,269.00,9.00,0.02,9,274.00,0.23,805,246.00,11.40,237.00,0.60,9,274.00,1.10,643,233.00,9.80,199.00,0.80,9,274.00,1.10,695,263.00,9.90,195.00
"2025-04-02 23:00:00",1.10,257.00,9.00,0.00,9,274.00,0.28,937,400.00,7.70,166.00,0.90,9,274.00,1.20,775,371.00,6.50,130.00,0.70,9,274.00,1.10,824,434.00,5.70,79.00
"2025-04-02 23:15:00",1.00,250.00,9.00,0.01,9,276.00,0.24,816,170.00,13.80,251.00,0.90,9,276.00,0.90,700,151.00,13.60,246.00,0.50,9,276.00,0.80,718,158.00,13.90,234.00
"2025-04-02 23:30:00",1.00,247.00,9.00,0.06,9,274.00,0.20,838,138.00,15.30,274.00,0.90,9,274.00,1.00,762,122.00,15.80,269.00,0.50,9,274.00,1.00,681,103.00,16.10,274.00
"2025-04-02 23:45:00",0.10,25.00,9.00,0.08,9,274.00,0.22,820,149.00,14.50,273.00,-0.10,9,274.00,1.00,680,126.00,14.30,273.00,0.00,9,274.00,1.00,637,107.00,15.20,272.00
"2025-04-03 00:00:00",0.30,76.00,9.00,0.01,9,274.00,0.26,825,144.00,14.80,271.00,-0.30,9,274.00,0.90,812,130.00,15.50,272.00,-0.20,9,274.00,0.80,755,101.00,17.30,271.00
"2025-04-03 00:15:00",0.70,149.00,9.00,0.03,9,276.00,0.21,719,141.00,13.70,251.00,0.30,9,276.00,0.80,544,112.00,12.90,249.00,-0.70,9,276.00,0.60,645,95.00,16.10,256.00
"2025-04-03 00:30:00",0.30,151.00,9.00,0.03,9,275.00,0.25,645,190.00,11.20,248.00,0.10,9,275.00,0.80,486,137.00,11.20,244.00,-0.20,9,275.00,0.50,692,129.00,15.40,265.00
"2025-04-03 00:45:00",0.30,205.00,9.00,-0.01,9,274.00,0.23,571,128.00,12.60,267.00,0.30,9,274.00,0.50,467,103.00,13.00,274.00,-0.10,9,274.00,0.50,575,89.00,15.80,269.00
"2025-04-03 01:00:00",0.30,66.00,9.00,0.09,9,274.00,0.19,551,120.00,13.00,266.00,-0.30,9,274.00,0.60,421,97.00,12.70,273.00,-0.20,9,274.00,0.50,576,83.00,16.70,274.00
"2025-04-03 01:15:00",1.10,265.00,9.00,-0.13,9,277.00,0.23,561,126.00,12.40,256.00,0.70,9,277.00,0.60,459,105.00,12.20,255.00,0.80,9,277.00,0.30,587,86.00,15.80,255.00
"2025-04-03 01:30:00",0.30,306.00,9.00,0.01,9,274.00,0.22,655,141.00,13.10,268.00,0.00,9,274.00,0.80,660,120.00,14.30,268.00,0.30,9,274.00,0.80,614,107.00,15.10,267.00
"2025-04-03 01:45:00",0.50,359.00,9.00,0.02,9,274.00,0.16,791,131.00,15.30,272.00,-0.40,9,274.00,0.80,628,117.00,14.20,273.00,0.30,9,274.00,0.70,651,100.00,16.00,270.00
"2025-04-03 02:00:00",0.30,3.00,9.00,0.08,9,275.00,0.23,738,192.00,12.30,243.00,-0.30,9,275.00,0.70,689,141.00,13.90,267.00,0.20,9,275.00,0.80,664,139.00,14.30,264.00
"2025-04-03 02:15:00",0.10,164.00,9.00,0.08,9,276.00,0.23,646,137.00,12.70,253.00,0.00,9,276.00,0.70,518,109.00,13.00,257.00,-0.10,9,276.00,0.60,555,104.00,14.00,253.00
"2025-04-03 02:30:00",0.20,145.00,9.00,0.07,9,274.00,0.20,584,121.00,13.40,269.00,0.10,9,274.00,0.80,409,97.00,12.30,269.00,-0.20,9,274.00,0.40,530,83.00,15.80,273.00
"2025-04-03 02:45:00",0.10,272.00,9.00,0.03,9,274.00,0.14,680,176.00,12.80,249.00,0.00,9,274.00,0.40,779,135.00,15.50,266.00,0.00,9,274.00,0.50,567,124.00,14.20,243.00
"2025-04-03 03:00:00",0.60,260.00,9.00,-0.09,9,275.00,0.18,762,132.00,15.10,272.00,0.40,9,275.00,0.30,764,111.00,16.50,270.00,0.40,9,275.00,0.40,511,92.00,14.80,271.00
"2025-04-03 03:15:00",0.80,247.00,9.00,-0.10,9,276.00,0.17,604,123.00,13.10,257.00,0.70,9,276.00,0.70,483,106.00,12.50,251.00,0.40,9,276.00,0.60,459,89.00,13.60,255.00
"2025-04-03 03:30:00",0.50,247.00,9.00,-0.07,9,274.00,0.18,561,120.00,13.10,270.00,0.40,9,274.00,0.60,447,103.00,12.60,269.00,0.20,9,274.00,0.40,541,84.00,16.10,274.00
"2025-04-03 03:45:00",0.20,205.00,9.00,0.02,9,275.00,0.16,771,126.00,15.50,275.00,0.20,9,275.00,0.60,467,101.00,13.10,275.00,0.00,9,275.00,0.50,663,87.00,17.40,275.00
"2025-04-03 04:00:00",0.30,154.00,9.00,0.05,9,274.00,0.21,552,116.00,13.40,272.00,0.10,9,274.00,0.70,417,97.00,12.40,273.00,-0.30,9,274.00,0.50,551,77.00,16.90,274.00
"2025-04-03 04:15:00",0.30,29.00,9.00,0.07,9,277.00,0.18,610,178.00,10.90,228.00,-0.30,9,277.00,0.50,630,132.00,13.30,244.00,0.00,9,277.00,0.50,598,114.00,14.30,245.00
"2025-04-03 04:30:00",0.20,101.00,9.00,0.10,9,274.00,0.13,836,133.00,15.80,274.00,-0.10,9,274.00,0.30,869,114.00,17.50,272.00,-0.20,9,274.00,0.60,486,91.00,14.30,272.00
"2025-04-03 04:45:00",0.20,68.00,9.00,0.13,9,274.00,0.17,779,137.00,14.90,274.00,-0.20,9,274.00,0.50,726,117.00,15.60,271.00,-0.10,9,274.00,0.70,589,97.00,15.30,274.00
"2025-04-03 05:00:00",0.50,314.00,9.00,0.03,9,273.00,0.19,576,143.00,12.20,264.00,0.00,9,273.00,0.90,452,119.00,11.50,259.00,0.50,9,273.00,0.60,618,104.00,15.60,266.00
"2025-04-03 05:15:00",0.20,262.00,9.00,-0.06,9,275.00,0.14,660,119.00,14.30,254.00,0.20,9,275.00,0.60,452,113.00,11.60,242.00,0.10,9,275.00,0.50,572,93.00,15.30,250.00
"2025-04-03 05:30:00",0.20,207.00,9.00,0.03,9,274.00,0.16,749,159.00,14.20,258.00,0.20,9,274.00,1.10,394,130.00,9.70,208.00,0.00,9,274.00,0.50,557,115.00,14.30,260.00
"2025-04-03 05:45:00",0.40,262.00,9.00,-0.01,9,273.00,0.14,725,126.00,15.10,271.00,0.30,9,273.00,0.60,436,111.00,11.80,262.00,0.30,9,273.00,0.50,596,100.00,15.60,270.00
"2025-04-03 06:00:00",0.20,243.00,9.00,0.00,9,273.00,0.18,628,115.00,14.50,268.00,0.20,9,273.00,0.90,403,102.00,11.80,263.00,0.10,9,273.00,0.50,563,84.00,16.40,271.00
"2025-04-03 06:15:00",0.50,263.00,9.00,-0.01,9,276.00,0.11,702,113.00,15.20,253.00,0.30,9,276.00,0.80,402,103.00,11.30,248.00,0.30,9,276.00,0.60,422,84.00,13.40,254.00
"2025-04-03 06:30:00",0.80,281.00,9.00,-0.05,9,273.00,0.10,909,126.00,17.20,270.00,0.40,9,273.00,0.90,523,115.00,12.90,264.00,0.70,9,273.00,0.70,531,94.00,14.90,273.00
"2025-04-03 06:45:00",0.20,327.00,9.00,0.03,9,273.00,0.15,757,147.00,14.50,259.00,-0.10,9,273.00,0.60,492,121.00,12.40,249.00,0.20,9,273.00,0.70,528,105.00,14.50,261.00
"2025-04-03 07:00:00",0.10,155.00,9.00,0.07,9,274.00,0.22,725,141.00,14.20,267.00,0.00,9,274.00,0.70,511,106.00,13.30,264.00,-0.10,9,274.00,0.50,589,96.00,15.80,268.00
"2025-04-03 07:15:00",0.30,175.00,9.00,0.02,9,275.00,0.21,669,135.00,13.50,251.00,0.20,9,275.00,0.60,438,103.00,12.10,251.00,-0.20,9,275.00,0.60,479,90.00,13.70,251.00
"2025-04-03 07:30:00",0.20,165.00,9.00,0.06,9,274.00,0.16,714,133.00,14.50,268.00,0.10,9,274.00,0.60,458,108.00,12.30,266.00,-0.20,9,274.00,0.50,555,87.00,15.90,272.00
"2025-04-03 07:45:00",0.20,162.00,9.00,0.06,9,274.00,0.15,761,128.00,15.30,273.00,0.10,9,274.00,0.70,463,107.00,12.50,266.00,-0.20,9,274.00,0.60,540,91.00,15.30,271.00
"2025-04-03 08:00:00",0.30,227.00,9.00,0.05,9,274.00,0.17,683,135.00,13.80,268.00,0.30,9,274.00,0.70,445,112.00,11.70,263.00,0.00,9,274.00,0.60,553,96.00,15.10,269.00
"2025-04-03 08:15:00",0.30,172.00,9.00,0.07,9,276.00,0.16,707,152.00,13.10,243.00,0.20,9,276.00,0.70,468,124.00,11.30,243.00,-0.20,9,276.00,0.60,579,105.00,14.60,249.00
"2025-04-03 08:30:00",0.50,205.00,9.00,0.08,9,275.00,0.17,753,137.00,14.50,269.00,0.50,9,275.00,1.00,537,120.00,12.80,266.00,-0.10,9,275.00,0.70,608,95.00,15.90,271.00
"2025-04-03 08:45:00",0.20,155.00,9.00,0.08,9,274.00,0.19,737,140.00,14.30,269.00,0.10,9,274.00,0.90,511,117.00,12.50,263.00,-0.10,9,274.00,0.80,600,95.00,15.80,270.00
"2025-04-03 09:00:00",0.30,86.00,9.00,0.04,9,273.00,0.17,711,137.00,14.20,267.00,-0.20,9,273.00,0.70,477,109.00,12.60,265.00,-0.20,9,273.00,0.70,574,98.00,15.30,269.00
"2025-04-03 09:15:00",0.30,245.00,9.00,0.01,9,276.00,0.19,716,150.00,13.30,246.00,0.30,9,276.00,1.00,545,128.00,12.30,244.00,0.10,9,276.00,0.80,617,110.00,14.70,250.00
"2025-04-03 09:30:00",0.20,98.00,9.00,-0.01,9,274.00,0.20,795,162.00,14.10,264.00,-0.10,9,274.00,0.70,648,138.00,13.60,259.00,-0.20,9,274.00,0.70,658,129.00,14.70,255.00
"2025-04-03 09:45:00",0.30,71.00,9.00,-0.05,9,274.00,0.22,824,146.00,14.70,270.00,-0.20,9,274.00,0.80,625,123.00,13.70,264.00,-0.20,9,274.00,0.80,676,111.00,15.70,269.00
"2025-04-03 10:00:00",0.60,105.00,9.00,0.19,2,274.00,0.38,940,155.00,15.30,270.00,-0.20,2,274.00,1.40,794,132.00,15.10,274.00,-0.60,2,274.00,0.80,621,97.00,16.00,271.00
"2025-04-03 10:15:00",0.40,80.00,9.00,0.00,2,276.00,0.23,683,144.00,13.00,247.00,-0.30,2,276.00,0.80,503,117.00,12.10,248.00,-0.20,2,276.00,0.70,543,97.00,14.50,250.00
"2025-04-03 10:30:00",0.60,60.00,9.00,-0.06,2,275.00,0.21,751,140.00,14.30,273.00,-0.50,2,275.00,0.80,611,118.00,14.00,272.00,-0.20,2,275.00,0.80,598,95.00,15.70,273.00
"2025-04-03 10:45:00",0.50,98.00,9.00,0.00,2,275.00,0.23,656,119.00,14.50,271.00,-0.20,2,275.00,0.80,453,97.00,12.90,272.00,-0.40,2,275.00,0.70,507,80.00,15.70,271.00
"2025-04-03 11:00:00",0.70,81.00,9.00,0.06,2,276.00,0.26,627,145.00,12.60,258.00,-0.50,2,276.00,1.20,482,116.00,11.90,251.00,-0.50,2,276.00,1.00,499,104.00,14.00,261.00
"2025-04-03 11:15:00",0.50,95.00,9.00,0.00,2,278.00,0.20,508,104.00,13.30,255.00,-0.30,2,278.00,1.10,395,87.00,12.50,253.00,-0.40,2,278.00,0.90,388,71.00,14.50,256.00
"2025-04-03 11:30:00",0.50,84.00,9.00,0.02,2,276.00,0.23,560,111.00,13.70,270.00,-0.30,2,276.00,1.10,432,97.00,12.50,264.00,-0.30,2,276.00,0.90,451,74.00,15.30,273.00
"2025-04-03 11:45:00",0.50,116.00,9.00,0.01,2,276.00,0.17,534,112.00,13.40,269.00,-0.10,2,276.00,0.80,435,104.00,11.90,265.00,-0.50,2,276.00,0.90,425,75.00,14.90,274.00
"2025-04-03 12:00:00",0.50,118.00,9.00,0.01,2,276.00,0.24,578,112.00,14.00,269.00,-0.10,2,276.00,1.00,450,101.00,12.40,269.00,-0.50,2,276.00,1.10,441,74.00,15.20,272.00
"2025-04-03 12:15:00",0.80,59.00,9.00,0.07,2,278.00,0.35,623,168.00,12.10,233.00,-0.80,2,278.00,1.30,550,152.00,11.30,225.00,-0.30,2,278.00,1.10,470,113.00,13.20,242.00
"2025-04-03 12:30:00",0.70,67.00,9.00,-0.01,2,277.00,0.30,594,113.00,14.10,271.00,-0.60,2,277.00,1.60,518,106.00,13.10,268.00,-0.30,2,277.00,1.30,453,81.00,14.70,272.00
"2025-04-03 12:45:00",0.80,72.00,9.00,0.07,2,276.00,0.27,556,108.00,13.90,269.00,-0.70,2,276.00,1.10,474,97.00,13.20,272.00,-0.40,2,276.00,1.00,459,75.00,15.60,272.00
"2025-04-03 13:00:00",1.20,103.00,9.00,0.05,2,276.00,0.30,632,120.00,14.10,273.00,-0.50,2,276.00,1.30,504,112.00,12.50,267.00,-1.10,2,276.00,1.40,486,84.00,14.90,274.00
"2025-04-03 13:15:00",0.70,99.00,9.00,-0.04,2,279.00,0.19,488,102.00,12.90,252.00,-0.30,2,279.00,0.80,341,96.00,10.50,242.00,-0.60,2,279.00,1.10,380,75.00,13.40,256.00
"2025-04-03 13:30:00",0.90,95.00,9.00,0.03,2,277.00,0.28,613,144.00,13.30,255.00,-0.50,2,277.00,1.00,482,118.00,12.20,250.00,-0.70,2,277.00,1.00,474,101.00,14.10,259.00
"2025-04-03 13:45:00",0.70,90.00,9.00,0.01,2,276.00,0.24,569,132.00,12.90,265.00,-0.50,2,276.00,1.00,472,111.00,12.10,258.00,-0.60,2,276.00,1.10,455,90.00,14.00,272.00
"2025-04-03 14:00:00",0.70,92.00,9.00,0.09,2,277.00,0.31,574,109.00,14.10,271.00,-0.40,2,277.00,1.40,483,101.00,13.00,270.00,-0.60,2,277.00,1.00,454,75.00,15.30,272.00
"2025-04-03 14:15:00",0.80,71.00,9.00,0.04,2,278.00,0.31,557,105.00,13.50,254.00,-0.70,2,278.00,1.30,460,99.00,12.10,248.00,-0.50,2,278.00,1.10,397,71.00,13.90,252.00
"2025-04-03 14:30:00",0.30,63.00,9.00,-0.03,9,277.00,0.20,476,98.00,13.40,271.00,-0.30,9,277.00,0.90,393,95.00,12.00,264.00,-0.10,9,277.00,0.80,367,71.00,14.50,271.00
"2025-04-03 14:45:00",0.40,115.00,9.00,0.03,9,277.00,0.20,481,93.00,14.10,275.00,-0.10,9,277.00,0.90,405,90.00,12.70,270.00,-0.40,9,277.00,0.80,385,67.00,15.30,270.00
"2025-04-03 15:00:00",0.90,5.00,9.00,0.24,2,276.00,0.47,680,155.00,13.20,257.00,-0.70,2,276.00,1.90,617,142.00,12.80,267.00,0.50,2,276.00,1.90,580,132.00,13.50,260.00
"2025-04-03 15:15:00",1.40,28.00,9.00,-0.09,2,279.00,0.37,651,114.00,14.30,258.00,-1.40,2,279.00,2.10,547,117.00,12.50,256.00,0.30,2,279.00,1.30,463,81.00,14.60,256.00
"2025-04-03 15:30:00",1.10,8.00,9.00,-0.03,2,276.00,0.38,665,114.00,15.20,273.00,-1.00,2,276.00,1.70,585,108.00,14.10,274.00,0.60,2,276.00,1.40,520,83.00,15.80,271.00
"2025-04-03 15:45:00",1.50,6.00,9.00,-0.06,2,277.00,0.32,655,108.00,15.30,272.00,-1.30,2,277.00,1.70,621,111.00,14.30,275.00,0.80,2,277.00,1.30,561,84.00,16.40,275.00
"2025-04-03 16:00:00",0.70,353.00,9.00,0.04,9,276.00,0.22,558,93.00,15.10,274.00,-0.50,9,276.00,1.00,442,85.00,13.80,271.00,0.50,9,276.00,1.10,434,73.00,15.50,270.00
"2025-04-03 16:15:00",1.70,293.00,9.00,0.12,2,279.00,0.40,705,167.00,12.60,236.00,0.40,2,279.00,2.20,610,140.00,12.50,243.00,1.60,2,279.00,2.40,558,145.00,12.20,243.00
"2025-04-03 16:30:00",1.90,274.00,9.00,0.14,2,276.00,0.41,746,139.00,14.50,271.00,1.10,2,276.00,2.50,602,125.00,13.40,274.00,1.60,2,276.00,2.70,621,130.00,13.40,276.00
"2025-04-03 16:45:00",0.90,268.00,9.00,0.13,9,277.00,0.28,624,116.00,14.50,272.00,0.60,9,277.00,1.80,533,110.00,13.40,275.00,0.70,9,277.00,1.60,533,100.00,14.60,272.00
"2025-04-03 17:00:00",0.70,293.00,9.00,0.07,9,276.00,0.29,633,121.00,14.20,271.00,0.20,9,276.00,1.30,487,105.00,13.10,267.00,0.60,9,276.00,1.40,516,100.00,14.30,268.00
"2025-04-03 17:15:00",0.40,239.00,9.00,0.06,9,279.00,0.22,562,106.00,13.80,257.00,0.30,9,279.00,1.00,410,100.00,11.90,245.00,0.10,9,279.00,0.70,476,86.00,14.30,252.00
"2025-04-03 17:30:00",0.10,174.00,9.00,0.11,9,276.00,0.19,590,123.00,13.90,266.00,0.10,9,276.00,0.90,420,105.00,12.10,261.00,-0.10,9,276.00,0.70,519,100.00,14.70,260.00
"2025-04-03 17:45:00",0.20,209.00,9.00,0.10,9,276.00,0.20,634,138.00,13.50,265.00,0.20,9,276.00,1.00,426,114.00,11.60,254.00,0.00,9,276.00,0.70,521,106.00,14.20,263.00
"2025-04-03 18:00:00",0.10,238.00,9.00,0.07,9,276.00,0.19,621,111.00,14.70,274.00,0.10,9,276.00,0.70,442,97.00,13.00,267.00,0.00,9,276.00,0.60,509,83.00,15.60,274.00
"2025-04-03 18:15:00",0.30,282.00,9.00,0.04,9,277.00,0.20,579,116.00,13.20,256.00,0.10,9,277.00,0.80,448,96.00,12.80,253.00,0.20,9,277.00,0.70,487,86.00,14.40,254.00
"2025-04-03 18:30:00",0.30,259.00,9.00,0.07,9,276.00,0.20,638,127.00,13.80,270.00,0.20,9,276.00,0.90,499,106.00,13.30,266.00,0.20,9,276.00,0.70,528,96.00,14.70,271.00
"2025-04-03 18:45:00",0.40,265.00,9.00,0.10,9,276.00,0.21,664,124.00,14.30,274.00,0.30,9,276.00,0.90,492,104.00,13.20,270.00,0.30,9,276.00,0.90,554,97.00,15.00,274.00
"2025-04-03 19:00:00",0.70,257.00,9.00,0.03,9,276.00,0.21,736,151.00,14.10,263.00,0.60,9,276.00,0.90,586,120.00,13.90,270.00,0.50,9,276.00,0.80,573,114.00,14.50,263.00
"2025-04-03 19:15:00",1.50,256.00,9.00,0.02,9,277.00,0.26,683,130.00,13.80,254.00,1.20,9,277.00,1.30,584,117.00,13.20,252.00,0.90,9,277.00,1.10,578,102.00,14.40,253.00
"2025-04-03 19:30:00",0.90,267.00,9.00,-0.01,9,274.00,0.29,683,131.00,14.10,272.00,0.60,9,274.00,1.00,553,106.00,14.10,269.00,0.70,9,274.00,0.80,575,99.00,15.20,272.00
"2025-04-03 19:45:00",0.60,268.00,9.00,-0.03,9,274.00,0.23,689,131.00,14.20,272.00,0.40,9,274.00,1.20,570,114.00,13.70,267.00,0.40,9,274.00,0.80,557,98.00,14.90,268.00
"2025-04-03 20:00:00",1.40,268.00,9.00,-0.19,9,274.00,0.49,749,149.00,14.00,269.00,0.90,9,274.00,1.50,655,118.00,14.50,272.00,1.10,9,274.00,1.10,634,102.00,15.70,272.00
"2025-04-03 20:15:00",1.30,268.00,9.00,-0.13,9,276.00,0.32,685,152.00,12.90,243.00,0.80,9,276.00,1.60,603,130.00,12.90,247.00,1.00,9,276.00,1.00,572,117.00,13.70,241.00
"2025-04-03 20:30:00",1.20,257.00,9.00,-0.06,9,274.00,0.29,679,134.00,13.90,270.00,1.00,9,274.00,1.20,574,113.00,13.80,269.00,0.80,9,274.00,1.00,583,103.00,15.00,269.00
"2025-04-03 20:45:00",2.00,255.00,9.00,-0.09,9,274.00,0.32,691,132.00,14.20,269.00,1.60,9,274.00,1.50,584,118.00,13.60,273.00,1.20,9,274.00,1.10,587,105.00,14.80,271.00
"2025-04-03 21:00:00",2.40,259.00,9.00,-0.19,9,274.00,0.41,772,147.00,14.30,270.00,1.80,9,274.00,1.50,775,134.00,14.80,272.00,1.60,9,274.00,1.00,631,107.00,15.30,269.00
"2025-04-03 21:15:00",1.70,260.00,9.00,-0.04,9,276.00,0.33,639,125.00,13.50,251.00,1.30,9,276.00,1.60,507,112.00,12.40,250.00,1.10,9,276.00,1.20,524,99.00,13.90,251.00
"2025-04-03 21:30:00",1.70,258.00,9.00,-0.03,9,274.00,0.31,719,137.00,14.20,268.00,1.30,9,274.00,1.50,563,124.00,12.90,271.00,1.10,9,274.00,1.20,563,101.00,14.80,269.00
"2025-04-03 21:45:00",1.50,258.00,9.00,-0.06,9,274.00,0.36,702,157.00,13.10,262.00,1.20,9,274.00,1.90,623,149.00,12.20,264.00,1.00,9,274.00,1.20,592,120.00,14.10,265.00
"2025-04-03 22:00:00",2.00,260.00,9.00,-0.14,9,274.00,0.37,763,158.00,13.40,269.00,1.40,9,274.00,1.70,737,152.00,13.30,268.00,1.30,9,274.00,1.10,652,114.00,14.90,269.00
"2025-04-03 22:15:00",1.40,258.00,9.00,-0.06,9,276.00,0.27,687,140.00,13.20,253.00,1.10,9,276.00,1.20,564,133.00,11.90,250.00,0.90,9,276.00,1.00,556,102.00,14.00,253.00
"2025-04-03 22:30:00",1.20,269.00,9.00,-0.02,9,273.00,0.26,727,135.00,14.40,268.00,0.70,9,273.00,1.10,597,126.00,13.20,267.00,0.90,9,273.00,1.00,571,95.00,15.40,268.00
"2025-04-03 22:45:00",1.90,265.00,9.00,-0.18,9,274.00,0.37,812,158.00,14.00,269.00,1.30,9,274.00,1.60,771,143.00,14.20,271.00,1.40,9,274.00,1.40,712,114.00,15.60,273.00
"2025-04-03 23:00:00",2.00,263.00,9.00,-0.09,9,274.00,0.48,948,182.00,14.30,264.00,1.40,9,274.00,2.20,851,163.00,13.90,272.00,1.40,9,274.00,1.90,790,145.00,15.00,267.00
"2025-04-03 23:15:00",2.20,277.00,9.00,-0.14,9,276.00,0.39,837,154.00,13.90,251.00,1.10,9,276.00,1.70,815,148.00,13.70,253.00,1.90,9,276.00,1.60,718,122.00,14.50,251.00
"2025-04-03 23:30:00",1.20,268.00,9.00,0.02,9,274.00,0.28,827,147.00,14.60,271.00,0.80,9,274.00,1.20,681,136.00,13.30,264.00,0.90,9,274.00,1.40,706,116.00,15.50,269.00
"2025-04-03 23:45:00",0.50,115.00,9.00,0.11,9,274.00,0.29,903,158.00,14.70,274.00,-0.10,9,274.00,1.00,731,146.00,13.30,269.00,-0.40,9,274.00,1.00,792,116.00,16.10,273.00
"2025-04-04 00:00:00",0.20,358.00,9.00,0.08,9,274.00,0.15,786,134.00,15.10,274.00,-0.10,9,274.00,0.80,594,132.00,12.60,265.00,0.10,9,274.00,0.60,585,99.00,15.10,274.00
"2025-04-04 00:15:00",0.20,69.00,9.00,0.07,9,276.00,0.14,819,147.00,14.70,251.00,-0.10,9,276.00,0.80,526,121.00,12.30,251.00,-0.10,9,276.00,0.60,581,106.00,14.60,251.00
"2025-04-04 00:30:00",0.40,155.00,9.00,0.07,9,274.00,0.16,822,140.00,15.10,274.00,0.20,9,274.00,0.90,504,116.00,12.30,269.00,-0.40,9,274.00,0.60,580,96.00,15.30,271.00
"2025-04-04 00:45:00",0.30,56.00,9.00,0.06,9,275.00,0.15,754,127.00,15.20,274.00,-0.20,9,275.00,0.70,422,102.00,12.10,269.00,-0.10,9,275.00,0.60,469,84.00,14.60,272.00
"2025-04-04 01:00:00",0.20,18.00,9.00,0.03,9,273.00,0.17,720,128.00,14.80,273.00,-0.20,9,273.00,0.70,488,107.00,12.60,264.00,0.10,9,273.00,0.70,456,85.00,14.30,271.00
"2025-04-04 01:15:00",0.20,341.00,9.00,0.07,9,276.00,0.19,714,126.00,14.40,255.00,-0.10,9,276.00,0.50,483,104.00,12.70,252.00,0.10,9,276.00,0.70,490,88.00,14.10,255.00
"2025-04-04 01:30:00",0.20,99.00,9.00,0.04,9,274.00,0.17,772,130.00,15.20,273.00,-0.10,9,274.00,0.70,506,111.00,12.70,264.00,-0.20,9,274.00,0.80,522,93.00,14.60,273.00
"2025-04-04 01:45:00",0.80,111.00,9.00,0.07,9,273.00,0.15,899,184.00,14.60,250.00,-0.20,9,273.00,1.30,717,149.00,13.90,259.00,-0.70,9,273.00,1.20,667,146.00,13.90,255.00
"2025-04-04 02:00:00",0.90,127.00,9.00,0.00,9,274.00,0.22,980,150.00,15.90,274.00,0.00,9,274.00,0.80,848,126.00,15.80,274.00,-0.90,9,274.00,1.10,785,113.00,16.40,274.00
"2025-04-04 02:15:00",1.20,124.00,9.00,0.02,9,275.00,0.18,797,136.00,14.60,256.00,-0.10,9,275.00,0.70,550,109.00,13.20,254.00,-1.20,9,275.00,1.70,601,118.00,13.30,255.00
"2025-04-04 02:30:00",0.40,107.00,9.00,0.03,9,274.00,0.17,767,134.00,14.80,271.00,-0.10,9,274.00,0.70,505,106.00,13.20,269.00,-0.40,9,274.00,0.80,551,95.00,15.00,270.00
"2025-04-04 02:45:00",0.90,116.00,9.00,0.05,9,273.00,0.16,820,133.00,15.50,272.00,-0.20,9,273.00,0.70,578,107.00,14.20,272.00,-0.80,9,273.00,1.10,552,100.00,14.60,271.00
"2025-04-04 03:00:00",0.80,108.00,9.00,0.09,9,274.00,0.17,846,192.00,13.50,258.00,-0.30,9,274.00,0.70,623,157.00,11.90,255.00,-0.70,9,274.00,0.90,631,144.00,13.30,260.00
"2025-04-04 03:15:00",0.30,122.00,9.00,0.05,9,275.00,0.14,786,129.00,15.00,255.00,0.00,9,275.00,0.70,477,103.00,12.70,254.00,-0.30,9,275.00,0.70,513,85.00,14.80,255.00
"2025-04-04 03:30:00",0.20,61.00,9.00,0.02,9,274.00,0.16,842,135.00,15.60,270.00,-0.20,9,274.00,0.70,589,110.00,14.10,273.00,-0.10,9,274.00,0.60,578,93.00,15.50,273.00
"2025-04-04 03:45:00",0.10,62.00,9.00,0.04,9,273.00,0.20,743,136.00,14.50,273.00,-0.10,9,273.00,0.60,519,109.00,13.20,271.00,0.00,9,273.00,0.60,507,86.00,15.00,272.00
"2025-04-04 04:00:00",0.20,69.00,9.00,0.04,9,274.00,0.17,837,139.00,15.40,274.00,-0.10,9,274.00,0.70,501,121.00,12.10,268.00,-0.10,9,274.00,0.60,482,87.00,14.50,272.00
"2025-04-04 04:15:00",0.20,332.00,9.00,0.00,9,275.00,0.18,691,168.00,12.40,237.00,-0.10,9,275.00,0.60,501,121.00,12.10,238.00,0.20,9,275.00,0.60,438,113.00,12.20,235.00
"2025-04-04 04:30:00",0.30,318.00,9.00,0.00,9,274.00,0.15,742,135.00,14.40,274.00,-0.10,9,274.00,0.60,442,120.00,11.00,255.00,0.30,9,274.00,0.50,552,89.00,15.70,274.00
"2025-04-04 04:45:00",0.40,77.00,9.00,0.09,9,273.00,0.16,731,136.00,14.40,271.00,-0.30,9,273.00,0.70,517,120.00,12.40,267.00,-0.20,9,273.00,0.60,494,87.00,14.80,272.00
"2025-04-04 05:00:00",0.20,285.00,9.00,-0.02,9,273.00,0.18,791,132.00,15.30,272.00,0.10,9,273.00,0.60,509,108.00,13.10,272.00,0.20,9,273.00,0.60,508,91.00,14.70,269.00
"2025-04-04 05:15:00",0.30,138.00,9.00,-0.02,9,276.00,0.17,710,122.00,14.50,256.00,0.00,9,276.00,0.70,516,105.00,13.00,254.00,-0.30,9,276.00,0.80,506,93.00,14.00,253.00
"2025-04-04 05:30:00",1.60,128.00,9.00,0.05,9,273.00,0.19,941,154.00,15.30,269.00,0.00,9,273.00,0.90,629,121.00,13.40,268.00,-1.60,9,273.00,2.30,697,137.00,13.50,273.00
"2025-04-04 05:45:00",4.10,132.00,9.00,0.11,9,274.00,0.29,1133,209.00,14.70,258.00,0.30,9,274.00,1.40,1054,186.00,14.70,264.00,-4.10,2,274.00,2.20,941,218.00,12.50,251.00
"2025-04-04 06:00:00",3.50,127.00,9.00,0.17,9,273.00,0.35,1140,197.00,14.80,269.00,-0.10,9,273.00,1.30,815,152.00,13.50,268.00,-3.50,2,273.00,3.00,981,186.00,13.50,264.00
"2025-04-04 06:15:00",4.80,128.00,9.00,0.17,9,275.00,0.34,1062,185.00,14.20,251.00,0.00,9,275.00,1.40,962,161.00,13.80,250.00,-4.80,2,275.00,2.80,907,196.00,12.20,254.00
"2025-04-04 06:30:00",4.30,129.00,9.00,0.20,9,274.00,0.28,996,168.00,15.20,270.00,0.00,9,274.00,1.20,1009,161.00,15.40,272.00,-4.30,2,274.00,2.20,912,190.00,13.30,272.00
"2025-04-04 06:45:00",4.70,127.00,9.00,0.14,9,273.00,0.31,1025,175.00,15.10,268.00,0.00,9,273.00,1.50,908,158.00,14.40,269.00,-4.70,2,273.00,3.10,885,193.00,12.90,270.00
"2025-04-04 07:00:00",3.60,127.00,9.00,0.12,9,274.00,0.27,953,189.00,13.90,263.00,-0.10,9,274.00,1.10,851,169.00,13.70,260.00,-3.60,2,274.00,2.60,863,192.00,13.00,265.00
"2025-04-04 07:15:00",2.90,126.00,9.00,0.10,9,275.00,0.26,870,152.00,14.30,253.00,-0.10,9,275.00,1.00,760,128.00,14.20,255.00,-2.90,2,275.00,1.90,774,151.00,13.40,255.00
"2025-04-04 07:30:00",3.40,130.00,9.00,0.05,9,273.00,0.32,1110,168.00,15.90,272.00,0.10,9,273.00,1.40,993,148.00,15.90,273.00,-3.40,2,273.00,2.30,1003,188.00,14.20,272.00
"2025-04-04 07:45:00",2.90,133.00,9.00,-0.05,9,274.00,0.32,1425,193.00,16.60,274.00,0.30,9,274.00,1.10,1294,179.00,16.10,273.00,-2.90,2,274.00,1.90,1376,213.00,15.60,274.00
"2025-04-04 08:00:00",1.80,134.00,9.00,0.00,9,273.00,0.26,883,168.00,13.80,263.00,0.20,9,273.00,1.00,765,148.00,13.40,267.00,-1.80,9,273.00,1.70,811,150.00,14.10,266.00
"2025-04-04 08:15:00",1.40,145.00,9.00,-0.02,9,277.00,0.33,770,172.00,12.70,248.00,0.40,9,277.00,1.60,749,157.00,12.80,240.00,-1.30,9,277.00,2.00,696,148.00,13.20,248.00
"2025-04-04 08:30:00",1.30,144.00,9.00,0.00,9,274.00,0.33,688,153.00,12.80,267.00,0.30,9,274.00,1.50,593,142.00,11.90,257.00,-1.20,9,274.00,2.20,602,127.00,13.40,269.00
"2025-04-04 08:45:00",2.20,123.00,9.00,0.14,9,274.00,0.48,840,175.00,13.30,266.00,-0.20,9,274.00,1.90,767,161.00,13.00,265.00,-2.20,2,274.00,2.40,724,140.00,14.10,270.00
"2025-04-04 09:00:00",1.90,151.00,9.00,0.00,9,274.00,0.40,804,167.00,13.40,266.00,0.70,9,274.00,2.30,748,153.00,13.30,269.00,-1.70,9,274.00,2.80,727,148.00,13.80,269.00
"2025-04-04 09:15:00",1.30,119.00,9.00,0.04,9,276.00,0.26,654,140.00,12.80,252.00,-0.20,9,276.00,1.40,492,116.00,12.00,248.00,-1.30,9,276.00,2.10,544,131.00,12.20,249.00
"2025-04-04 09:30:00",0.90,132.00,9.00,0.01,9,274.00,0.28,696,143.00,13.40,270.00,0.10,9,274.00,1.10,505,115.00,12.60,259.00,-0.90,9,274.00,1.60,541,118.00,13.20,268.00
"2025-04-04 09:45:00",1.10,140.00,9.00,0.20,9,274.00,0.48,746,175.00,12.60,254.00,0.20,9,274.00,1.90,584,134.00,12.70,263.00,-1.10,9,274.00,1.50,649,141.00,13.60,259.00
"2025-04-04 10:00:00",1.10,145.00,9.00,0.39,2,276.00,0.55,890,175.00,13.90,273.00,0.30,2,276.00,2.30,660,132.00,13.60,274.00,-1.00,2,276.00,2.30,734,134.00,14.60,273.00
"2025-04-04 10:15:00",1.10,139.00,9.00,-0.02,2,278.00,0.32,676,136.00,13.20,253.00,0.20,2,278.00,1.70,529,112.00,12.60,248.00,-1.10,2,278.00,2.10,527,109.00,13.00,252.00
"2025-04-04 10:30:00",0.80,110.00,9.00,0.20,2,276.00,0.46,689,157.00,12.70,264.00,-0.30,2,276.00,1.40,539,115.00,13.00,270.00,-0.80,2,276.00,1.50,559,108.00,14.00,271.00
"2025-04-04 10:45:00",1.40,123.00,9.00,0.42,2,276.00,0.64,784,169.00,13.30,273.00,-0.10,2,276.00,2.00,641,131.00,13.40,271.00,-1.40,2,276.00,1.90,605,118.00,14.00,271.00
"2025-04-04 11:00:00",2.00,97.00,9.00,0.46,2,277.00,0.68,775,169.00,13.20,276.00,-1.10,2,277.00,1.90,553,119.00,12.90,271.00,-1.70,2,277.00,1.90,668,123.00,14.40,268.00
"2025-04-04 11:15:00",1.50,143.00,9.00,0.35,2,279.00,0.59,780,171.00,12.60,254.00,0.40,2,279.00,2.20,602,132.00,12.30,257.00,-1.40,2,279.00,2.30,591,118.00,13.30,255.00
"2025-04-04 11:30:00",1.90,103.00,9.00,0.37,2,276.00,0.64,768,163.00,13.40,271.00,-0.80,2,276.00,1.90,614,126.00,13.20,269.00,-1.70,2,276.00,1.70,556,109.00,13.80,270.00
