"2025-04-01 00:00:00",1.30,249.00,9.00,-0.25,9,274.00,0.12,6914,622.00,21.50,271.00,1.10,9,274.00,0.70,5788,746.00,17.80,274.00,0.70,9,274.00,0.50,6060,639.00,19.70,271.00
"2025-04-01 00:15:00",1.10,267.00,9.00,-0.20,9,277.00,0.04,6818,426.00,22.90,257.00,0.70,9,277.00,0.80,5490,694.00,17.10,255.00,0.80,9,277.00,0.50,5738,633.00,18.20,255.00
"2025-04-01 00:30:00",0.90,284.00,9.00,-0.22,9,274.00,0.03,7363,409.00,25.20,274.00,0.40,9,274.00,0.70,6019,704.00,18.70,274.00,0.80,9,274.00,0.40,6012,644.00,19.50,269.00
"2025-04-01 00:45:00",1.10,274.00,9.00,-0.25,9,274.00,0.04,7367,407.00,25.20,274.00,0.60,9,274.00,0.60,5824,699.00,18.50,274.00,0.90,9,274.00,0.30,6067,624.00,19.80,271.00
"2025-04-01 01:00:00",1.30,251.00,9.00,-0.24,9,275.00,0.07,7274,490.00,23.70,270.00,1.10,9,275.00,0.60,5829,748.00,17.90,273.00,0.70,9,275.00,0.40,6127,621.00,20.00,271.00
"2025-04-01 01:15:00",0.90,211.00,9.00,-0.09,9,276.00,0.20,6230,678.00,18.50,257.00,0.90,9,276.00,0.50,5381,615.00,17.90,257.00,-0.10,9,276.00,0.30,5531,551.00,19.00,257.00
"2025-04-01 01:30:00",0.90,183.00,9.00,0.00,9,274.00,0.13,6500,716.00,19.40,274.00,0.70,9,274.00,0.40,5710,664.00,18.70,274.00,-0.50,9,274.00,0.20,6224,530.00,21.50,274.00
"2025-04-01 01:45:00",0.90,202.00,9.00,-0.06,9,275.00,0.17,6455,787.00,18.40,275.00,0.80,9,275.00,0.60,5699,691.00,18.30,275.00,-0.20,9,275.00,0.30,5903,575.00,20.30,272.00
"2025-04-01 02:00:00",1.20,221.00,9.00,-0.13,9,274.00,0.16,6340,824.00,17.80,274.00,1.20,9,274.00,0.40,5703,700.00,18.20,274.00,0.10,9,274.00,0.20,6114,557.00,20.90,274.00
"2025-04-01 02:15:00",1.50,233.00,9.00,-0.21,9,277.00,0.15,5942,771.00,16.80,257.00,1.40,9,277.00,0.40,5288,651.00,17.30,253.00,0.40,9,277.00,0.20,5894,500.00,20.30,254.00
"2025-04-01 02:30:00",1.10,201.00,9.00,-0.06,9,274.00,0.13,6407,828.00,17.80,274.00,1.00,9,274.00,0.30,5740,701.00,18.30,273.00,-0.30,9,274.00,0.20,6181,569.00,20.80,274.00
"2025-04-01 02:45:00",1.00,199.00,9.00,-0.08,9,274.00,0.14,6465,817.00,17.90,273.00,1.00,9,274.00,0.30,5836,705.00,18.40,273.00,-0.30,9,274.00,0.20,6141,592.00,20.40,273.00
"2025-04-01 03:00:00",1.00,199.00,9.00,-0.08,9,275.00,0.14,6728,781.00,18.90,274.00,1.00,9,275.00,0.40,5887,675.00,18.80,274.00,-0.30,9,275.00,0.30,5972,616.00,19.80,274.00
"2025-04-01 03:15:00",1.30,241.00,9.00,-0.24,9,276.00,0.17,6276,679.00,18.50,256.00,1.20,9,276.00,0.60,5524,653.00,17.70,257.00,0.50,9,276.00,0.40,5734,586.00,18.90,257.00
"2025-04-01 03:30:00",0.60,277.00,9.00,-0.16,9,274.00,0.12,7066,618.00,21.70,273.00,0.30,9,274.00,0.60,5966,690.00,18.90,273.00,0.50,9,274.00,0.70,5544,696.00,18.10,273.00
"2025-04-01 03:45:00",1.00,259.00,9.00,-0.21,9,275.00,0.14,6966,662.00,20.90,275.00,0.80,9,275.00,0.50,6028,591.00,20.30,275.00,0.70,9,275.00,0.70,6145,666.00,19.40,272.00
"2025-04-01 04:00:00",1.40,258.00,9.00,-0.12,9,274.00,0.15,6975,654.00,21.10,274.00,1.10,9,274.00,0.40,5762,628.00,19.30,273.00,0.90,9,274.00,0.40,6443,664.00,19.90,273.00
"2025-04-01 04:15:00",0.70,143.00,9.00,0.07,9,277.00,0.12,6781,421.00,23.20,257.00,0.20,9,277.00,0.50,5728,581.00,18.90,257.00,-0.70,9,277.00,0.40,5942,572.00,19.40,257.00
"2025-04-01 04:30:00",0.60,191.00,9.00,-0.04,9,273.00,0.15,7024,728.00,19.90,273.00,0.60,9,273.00,0.50,6030,615.00,20.00,271.00,-0.30,9,273.00,0.40,6314,614.00,20.50,272.00
"2025-04-01 04:45:00",0.50,135.00,9.00,0.07,9,273.00,0.16,7161,541.00,22.80,273.00,0.10,9,273.00,0.50,5996,532.00,21.20,273.00,-0.50,9,273.00,0.40,6673,561.00,21.70,271.00
"2025-04-01 05:00:00",0.40,127.00,9.00,0.13,9,274.00,0.15,6973,831.00,18.60,274.00,0.00,9,274.00,0.40,6178,541.00,21.40,273.00,-0.40,9,274.00,0.30,6795,568.00,21.80,273.00
"2025-04-01 05:15:00",0.30,215.00,9.00,0.07,9,275.00,0.13,6687,532.00,21.10,255.00,0.30,9,275.00,0.60,5859,530.00,19.90,255.00,0.00,9,275.00,0.30,6361,509.00,21.00,254.00
"2025-04-01 05:30:00",0.50,204.00,9.00,0.11,9,274.00,0.12,7112,592.00,21.80,274.00,0.50,9,274.00,0.50,6496,610.00,20.90,273.00,-0.10,9,274.00,0.40,6800,556.00,22.20,273.00
"2025-04-01 05:45:00",0.40,173.00,9.00,0.18,9,273.00,0.13,6836,777.00,19.10,272.00,0.30,9,273.00,0.40,6420,584.00,21.10,273.00,-0.30,9,273.00,0.20,6976,489.00,23.30,270.00
"2025-04-01 06:00:00",0.70,225.00,9.00,0.09,9,274.00,0.15,6738,863.00,18.00,274.00,0.70,9,274.00,0.50,6477,592.00,21.00,274.00,0.10,9,274.00,0.40,6817,595.00,21.50,274.00
"2025-04-01 06:15:00",0.40,119.00,9.00,0.21,9,275.00,0.12,6352,707.00,18.20,256.00,-0.10,9,275.00,0.60,5846,515.00,20.20,256.00,-0.40,9,275.00,0.40,6177,573.00,19.80,253.00
"2025-04-01 06:30:00",0.60,161.00,9.00,0.18,9,273.00,0.14,7126,604.00,21.70,273.00,0.30,9,273.00,0.30,6462,569.00,21.30,269.00,-0.50,9,273.00,0.30,6914,419.00,24.60,272.00
"2025-04-01 06:45:00",0.70,115.00,9.00,0.17,9,274.00,0.11,7062,662.00,20.80,274.00,-0.10,9,274.00,0.50,6033,637.00,19.60,274.00,-0.70,9,274.00,0.30,6730,390.00,24.90,273.00
"2025-04-01 07:00:00",0.70,92.00,9.00,0.07,9,273.00,0.14,6901,605.00,21.60,273.00,-0.40,9,273.00,0.50,6213,553.00,21.20,273.00,-0.60,9,273.00,0.50,5708,560.00,20.30,273.00
"2025-04-01 07:15:00",0.40,284.00,9.00,-0.03,9,276.00,0.09,6672,505.00,21.50,256.00,0.20,9,276.00,0.70,5410,585.00,18.30,256.00,0.40,9,276.00,0.60,4972,575.00,17.70,256.00
"2025-04-01 07:30:00",0.10,11.00,9.00,0.01,9,274.00,0.16,6912,678.00,20.60,274.00,-0.10,9,274.00,0.70,6056,628.00,19.90,274.00,0.10,9,274.00,0.70,5344,590.00,19.20,274.00
"2025-04-01 07:45:00",0.80,311.00,9.00,0.04,9,274.00,0.26,6704,806.00,18.80,273.00,0.00,9,274.00,1.40,6423,851.00,17.90,274.00,0.80,9,274.00,1.30,6083,771.00,18.20,274.00
"2025-04-01 08:00:00",0.40,339.00,9.00,-0.07,9,274.00,0.18,6814,696.00,20.30,272.00,-0.20,9,274.00,1.10,6220,749.00,18.70,272.00,0.40,9,274.00,0.90,5779,668.00,18.90,272.00
"2025-04-01 08:15:00",0.30,295.00,9.00,0.00,9,277.00,0.26,6198,730.00,17.90,257.00,0.10,9,277.00,1.50,5497,762.00,16.40,256.00,0.30,9,277.00,1.00,5712,637.00,18.30,256.00
"2025-04-01 08:30:00",0.20,259.00,9.00,-0.11,9,274.00,0.17,6695,695.00,20.00,274.00,0.10,9,274.00,0.90,5284,739.00,17.10,271.00,0.10,9,274.00,0.70,5621,602.00,19.50,271.00
"2025-04-01 08:45:00",0.50,47.00,9.00,0.01,9,274.00,0.26,6781,762.00,19.40,272.00,-0.50,9,274.00,1.60,6165,868.00,17.30,273.00,-0.10,9,274.00,1.00,6356,746.00,18.90,271.00
"2025-04-01 09:00:00",0.80,356.00,9.00,0.06,9,274.00,0.27,6726,807.00,18.90,271.00,-0.60,9,274.00,1.40,6244,905.00,17.00,274.00,0.50,9,274.00,1.30,6340,793.00,18.40,274.00
"2025-04-01 09:15:00",0.80,14.00,9.00,-0.01,9,277.00,0.26,6255,760.00,17.70,257.00,-0.80,9,277.00,1.50,5758,848.00,15.90,257.00,0.30,9,277.00,1.10,5817,738.00,17.30,256.00
"2025-04-01 09:30:00",0.60,338.00,9.00,0.10,9,273.00,0.31,6779,847.00,18.50,272.00,-0.30,9,273.00,1.70,6452,913.00,17.30,273.00,0.50,9,273.00,1.50,6387,880.00,17.50,273.00
"2025-04-01 09:45:00",0.50,329.00,9.00,0.01,9,274.00,0.24,6767,813.00,18.90,270.00,-0.20,9,274.00,1.40,6410,819.00,18.30,274.00,0.50,9,274.00,1.40,6164,786.00,18.10,274.00
"2025-04-01 10:00:00",0.60,318.00,9.00,-0.01,9,274.00,0.26,6799,787.00,19.20,273.00,-0.10,9,274.00,1.40,6344,841.00,18.00,273.00,0.50,9,274.00,1.40,6038,806.00,17.80,273.00
"2025-04-01 10:15:00",0.50,320.00,9.00,0.00,9,276.00,0.22,6234,769.00,17.70,253.00,-0.10,9,276.00,1.50,5853,808.00,16.80,253.00,0.50,9,276.00,1.50,5399,790.00,16.10,254.00
"2025-04-01 10:30:00",0.80,278.00,9.00,-0.07,9,275.00,0.24,6499,857.00,18.00,270.00,0.40,9,275.00,1.40,6128,847.00,17.60,273.00,0.70,9,275.00,1.30,5681,838.00,16.90,270.00
"2025-04-01 10:45:00",0.80,266.00,9.00,-0.07,9,276.00,0.20,6651,694.00,20.10,271.00,0.60,9,276.00,0.90,6041,693.00,19.10,271.00,0.60,9,276.00,1.00,5611,739.00,17.90,272.00
"2025-04-01 11:00:00",0.80,267.00,9.00,-0.04,9,275.00,0.22,6626,775.00,19.10,271.00,0.60,9,275.00,1.10,6141,768.00,18.40,272.00,0.60,9,275.00,1.20,5589,776.00,17.40,270.00
"2025-04-01 11:15:00",0.80,270.00,9.00,-0.08,9,278.00,0.23,6062,765.00,17.50,253.00,0.50,9,278.00,1.40,5764,774.00,16.90,253.00,0.60,9,278.00,1.30,5296,844.00,15.30,253.00
"2025-04-01 11:30:00",1.00,301.00,9.00,-0.14,9,276.00,0.35,6449,914.00,17.40,271.00,0.10,9,276.00,1.80,6118,935.00,16.70,274.00,1.00,9,276.00,1.60,5951,889.00,16.80,271.00
"2025-04-01 11:45:00",1.00,318.00,9.00,-0.02,9,276.00,0.38,6547,878.00,17.90,273.00,-0.20,9,276.00,1.70,6224,944.00,16.80,271.00,1.00,9,276.00,1.50,6105,940.00,16.60,273.00
"2025-04-01 12:00:00",1.00,276.00,9.00,-0.04,9,276.00,0.33,6468,847.00,18.20,271.00,0.50,9,276.00,1.50,6044,835.00,17.70,271.00,0.80,9,276.00,1.30,5876,856.00,17.10,272.00
"2025-04-01 12:15:00",0.50,257.00,9.00,0.01,9,278.00,0.22,6004,766.00,17.30,256.00,0.40,9,278.00,1.10,5712,731.00,17.30,255.00,0.30,9,278.00,1.10,5167,795.00,15.70,254.00
"2025-04-01 12:30:00",0.80,274.00,9.00,-0.05,9,275.00,0.22,6589,763.00,19.20,273.00,0.50,9,275.00,1.10,5935,767.00,18.20,270.00,0.70,9,275.00,1.30,5438,790.00,17.00,273.00
"2025-04-01 12:45:00",0.70,271.00,9.00,-0.03,9,276.00,0.20,6565,760.00,19.10,272.00,0.40,9,276.00,0.90,5791,756.00,17.90,272.00,0.50,9,276.00,1.20,5501,800.00,17.00,273.00
"2025-04-01 13:00:00",0.70,258.00,9.00,-0.03,9,276.00,0.20,6745,688.00,20.30,275.00,0.50,9,276.00,0.70,6098,655.00,19.70,271.00,0.40,9,276.00,0.90,5643,738.00,17.90,274.00
"2025-04-01 13:15:00",0.40,270.00,9.00,-0.02,9,278.00,0.20,6096,690.00,18.40,254.00,0.30,9,278.00,0.90,5521,690.00,17.40,253.00,0.30,9,278.00,1.10,5036,761.00,15.80,253.00
"2025-04-01 13:30:00",0.70,270.00,9.00,-0.01,9,276.00,0.20,6568,785.00,19.00,271.00,0.40,9,276.00,1.10,6008,803.00,18.00,271.00,0.50,9,276.00,1.10,5483,859.00,16.40,271.00
"2025-04-01 13:45:00",0.60,258.00,9.00,-0.03,9,275.00,0.18,6570,717.00,19.60,273.00,0.40,9,275.00,0.80,5870,724.00,18.50,272.00,0.40,9,275.00,0.90,5305,774.00,16.90,270.00
"2025-04-01 14:00:00",0.60,260.00,9.00,-0.01,9,276.00,0.21,6611,697.00,20.00,275.00,0.40,9,276.00,0.90,5929,684.00,19.10,271.00,0.40,9,276.00,1.00,5577,751.00,17.60,274.00
"2025-04-01 14:15:00",0.60,292.00,9.00,-0.01,9,278.00,0.20,6093,689.00,18.30,257.00,0.20,9,278.00,1.00,5454,713.00,17.00,254.00,0.60,9,278.00,1.30,5213,747.00,16.30,253.00
"2025-04-01 14:30:00",1.10,293.00,9.00,0.02,9,276.00,0.31,6285,908.00,17.20,271.00,0.30,9,276.00,1.40,5895,877.00,16.90,271.00,1.10,9,276.00,1.90,5706,931.00,16.10,271.00
"2025-04-01 14:45:00",1.00,290.00,9.00,-0.06,9,276.00,0.28,6310,885.00,17.60,271.00,0.30,9,276.00,1.50,5835,930.00,16.40,271.00,0.90,9,276.00,1.60,5742,896.00,16.50,271.00
"2025-04-01 15:00:00",1.00,282.00,9.00,-0.04,9,276.00,0.37,6113,1015.00,16.00,271.00,0.40,9,276.00,1.90,5983,1009.00,15.90,271.00,0.90,9,276.00,1.70,5892,1025.00,15.60,271.00
"2025-04-01 15:15:00",1.00,269.00,9.00,-0.01,9,279.00,0.28,5858,820.00,16.50,255.00,0.60,9,279.00,1.70,5404,849.00,15.70,254.00,0.70,9,279.00,1.40,5371,880.00,15.20,254.00
"2025-04-01 15:30:00",0.70,294.00,9.00,-0.05,9,276.00,0.27,6082,979.00,16.30,271.00,0.20,9,276.00,1.90,5727,981.00,15.70,268.00,0.70,9,276.00,1.30,5716,954.00,15.90,271.00
"2025-04-01 15:45:00",0.60,287.00,9.00,-0.06,9,277.00,0.24,6227,854.00,17.70,272.00,0.20,9,277.00,1.10,5906,826.00,17.50,272.00,0.50,9,277.00,0.90,5439,830.00,16.60,272.00
"2025-04-01 16:00:00",0.40,286.00,9.00,-0.02,9,276.00,0.18,6285,741.00,18.90,272.00,0.20,9,276.00,0.90,5906,715.00,18.70,272.00,0.40,9,276.00,0.90,5522,772.00,17.30,271.00
"2025-04-01 16:15:00",0.20,283.00,9.00,-0.03,9,277.00,0.19,5899,665.00,18.20,254.00,0.10,9,277.00,0.60,5415,672.00,17.50,253.00,0.20,9,277.00,0.70,5015,679.00,16.60,253.00
"2025-04-01 16:30:00",0.40,262.00,9.00,-0.03,9,276.00,0.17,6417,701.00,19.60,276.00,0.30,9,276.00,0.70,5741,714.00,18.50,273.00,0.30,9,276.00,0.60,5322,727.00,17.40,271.00
"2025-04-01 16:45:00",0.40,261.00,9.00,-0.02,2,276.00,0.17,6355,689.00,19.60,276.00,0.30,2,276.00,0.60,5878,646.00,19.60,271.00,0.30,2,276.00,0.70,5383,696.00,17.90,271.00
"2025-04-01 17:00:00",0.40,262.00,9.00,-0.01,2,276.00,0.16,6340,676.00,19.70,275.00,0.30,2,276.00,0.70,5465,665.00,18.50,271.00,0.30,2,276.00,0.60,5495,662.00,18.40,271.00
"2025-04-01 17:15:00",0.70,263.00,9.00,-0.08,9,277.00,0.19,6117,614.00,19.20,258.00,0.50,9,277.00,0.50,5326,596.00,18.30,253.00,0.50,9,277.00,0.60,5133,616.00,17.60,253.00
"2025-04-01 17:30:00",0.70,266.00,9.00,-0.08,9,276.00,0.18,6639,646.00,20.60,276.00,0.50,9,276.00,0.50,6068,559.00,21.00,276.00,0.60,9,276.00,0.50,5765,599.00,19.70,271.00
"2025-04-01 17:45:00",0.90,265.00,9.00,-0.12,9,276.00,0.17,6813,615.00,21.20,276.00,0.60,9,276.00,0.40,6149,496.00,22.10,276.00,0.60,9,276.00,0.40,5768,588.00,19.90,272.00
"2025-04-01 18:00:00",0.80,267.00,9.00,-0.08,9,276.00,0.16,6806,564.00,21.90,276.00,0.60,9,276.00,0.30,6095,498.00,21.90,274.00,0.60,9,276.00,0.50,5717,588.00,19.70,272.00
"2025-04-01 18:15:00",1.00,264.00,9.00,-0.10,9,277.00,0.17,6003,628.00,18.90,258.00,0.70,9,277.00,0.40,5295,499.00,19.50,257.00,0.70,9,277.00,0.40,5560,544.00,19.20,253.00
"2025-04-01 18:30:00",1.60,266.00,9.00,-0.21,9,274.00,0.20,6111,745.00,18.40,274.00,1.10,9,274.00,0.30,6020,492.00,21.90,269.00,1.20,9,274.00,0.40,5914,583.00,20.10,272.00
"2025-04-01 18:45:00",1.50,269.00,9.00,-0.18,9,274.00,0.16,6643,616.00,21.00,274.00,1.00,9,274.00,0.30,6259,455.00,23.00,269.00,1.20,9,274.00,0.60,5666,615.00,19.30,273.00
"2025-04-01 19:00:00",1.30,266.00,9.00,-0.07,9,274.00,0.10,7042,463.00,24.00,271.00,0.80,9,274.00,0.40,5997,548.00,20.90,272.00,0.90,9,274.00,0.40,5859,632.00,19.40,271.00
"2025-04-01 19:15:00",1.20,264.00,9.00,-0.06,9,276.00,0.11,6496,460.00,22.20,257.00,0.80,9,276.00,0.50,5141,556.00,18.40,256.00,0.90,9,276.00,0.30,5743,579.00,18.90,254.00
"2025-04-01 19:30:00",1.30,258.00,9.00,-0.08,9,274.00,0.15,6705,604.00,21.20,274.00,1.00,9,274.00,0.60,5348,649.00,18.40,269.00,0.90,9,274.00,0.50,5727,710.00,18.20,269.00
"2025-04-01 19:45:00",1.30,261.00,9.00,-0.09,9,274.00,0.16,6584,677.00,20.00,274.00,1.00,9,274.00,0.50,5435,604.00,19.20,271.00,0.90,9,274.00,0.40,5827,681.00,18.60,272.00
"2025-04-01 20:00:00",1.50,266.00,9.00,-0.11,9,274.00,0.15,6502,733.00,19.10,274.00,1.00,9,274.00,0.30,5775,563.00,20.40,269.00,1.10,9,274.00,0.40,5766,651.00,18.90,273.00
"2025-04-01 20:15:00",1.20,263.00,9.00,-0.07,9,276.00,0.14,5926,705.00,17.80,255.00,0.80,9,276.00,0.40,5351,532.00,19.10,252.00,0.90,9,276.00,0.40,5502,627.00,17.80,255.00
"2025-04-01 20:30:00",1.00,265.00,9.00,-0.03,9,274.00,0.13,6528,687.00,19.80,274.00,0.70,9,274.00,0.40,5625,588.00,19.70,272.00,0.70,9,274.00,0.40,5842,645.00,19.10,272.00
"2025-04-01 20:45:00",1.20,266.00,9.00,-0.04,9,274.00,0.13,6474,656.00,20.10,273.00,0.80,9,274.00,0.40,5809,585.00,20.00,273.00,0.90,9,274.00,0.50,5784,665.00,18.80,273.00
"2025-04-01 21:00:00",0.80,244.00,9.00,-0.02,9,273.00,0.19,6516,610.00,20.80,273.00,0.70,9,273.00,0.60,5221,668.00,17.90,270.00,0.40,9,273.00,0.50,5444,731.00,17.40,268.00
"2025-04-01 21:15:00",0.70,221.00,9.00,0.03,9,277.00,0.16,6118,654.00,18.50,257.00,0.70,9,277.00,0.90,4740,727.00,15.50,256.00,0.00,9,277.00,0.70,5032,785.00,15.30,254.00
"2025-04-01 21:30:00",0.60,257.00,9.00,0.01,9,274.00,0.13,6670,694.00,20.10,273.00,0.50,9,274.00,1.10,5140,844.00,15.80,269.00,0.40,9,274.00,0.90,5535,888.00,15.90,268.00
"2025-04-01 21:45:00",1.10,248.00,9.00,-0.03,9,274.00,0.15,6943,598.00,21.90,273.00,0.90,9,274.00,1.30,5403,816.00,16.50,269.00,0.50,9,274.00,1.20,5364,874.00,15.80,269.00
"2025-04-01 22:00:00",0.60,264.00,9.00,-0.04,9,273.00,0.12,7069,501.00,23.60,273.00,0.40,9,273.00,1.00,5455,764.00,17.20,271.00,0.50,9,273.00,0.80,5398,801.00,16.60,269.00
"2025-04-01 22:15:00",1.10,252.00,9.00,-0.05,9,277.00,0.14,6461,543.00,21.00,257.00,0.90,9,277.00,1.00,5039,710.00,16.40,251.00,0.60,9,277.00,0.70,5131,762.00,15.90,252.00
"2025-04-01 22:30:00",1.20,247.00,9.00,-0.06,9,273.00,0.16,6862,559.00,22.30,273.00,1.00,9,273.00,1.10,5188,745.00,17.00,273.00,0.60,9,273.00,0.90,5397,811.00,16.50,271.00
"2025-04-01 22:45:00",0.70,219.00,9.00,0.01,9,275.00,0.18,6707,670.00,20.40,274.00,0.70,9,275.00,1.10,5232,749.00,16.90,274.00,0.00,9,275.00,0.90,5502,799.00,16.80,273.00
"2025-04-01 23:00:00",0.70,244.00,9.00,-0.07,9,274.00,0.16,6672,659.00,20.50,273.00,0.60,9,274.00,0.90,5257,728.00,17.30,269.00,0.30,9,274.00,0.90,5417,820.00,16.50,269.00
"2025-04-01 23:15:00",0.60,225.00,9.00,-0.08,9,276.00,0.17,6238,623.00,19.20,257.00,0.60,9,276.00,0.90,4736,691.00,15.90,257.00,0.10,9,276.00,0.80,5164,712.00,16.40,255.00
"2025-04-01 23:30:00",0.50,223.00,9.00,-0.05,9,273.00,0.20,6351,702.00,19.40,271.00,0.50,9,273.00,0.90,5328,703.00,17.60,272.00,0.00,9,273.00,0.80,5377,773.00,16.80,270.00
"2025-04-01 23:45:00",0.40,225.00,9.00,-0.03,9,274.00,0.19,6597,667.00,20.10,274.00,0.40,9,274.00,0.80,5141,691.00,17.50,271.00,0.10,9,274.00,0.90,5201,765.00,16.60,274.00
"2025-04-02 00:00:00",0.20,145.00,9.00,0.07,9,274.00,0.19,6127,658.00,19.50,274.00,0.10,9,274.00,0.60,5055,676.00,17.50,271.00,-0.20,9,274.00,0.70,5194,742.00,16.80,272.00
"2025-04-02 00:15:00",0.40,179.00,9.00,0.04,9,277.00,0.20,5803,654.00,18.20,257.00,0.30,9,277.00,0.70,4457,659.00,15.70,252.00,-0.30,9,277.00,0.60,5111,724.00,16.10,253.00
"2025-04-02 00:30:00",0.60,225.00,9.00,-0.03,9,274.00,0.19,6017,710.00,18.80,274.00,0.60,9,274.00,0.80,4797,644.00,17.40,273.00,0.10,9,274.00,0.60,5466,748.00,17.20,269.00
"2025-04-02 00:45:00",0.60,215.00,9.00,-0.04,9,274.00,0.19,6193,714.00,18.90,274.00,0.60,9,274.00,0.80,4466,698.00,16.10,271.00,0.00,9,274.00,0.60,5324,788.00,16.50,270.00
"2025-04-02 01:00:00",0.90,226.00,9.00,-0.07,9,275.00,0.17,6444,731.00,19.00,275.00,0.90,9,275.00,0.90,4334,686.00,15.90,275.00,0.10,9,275.00,0.60,5570,770.00,17.20,270.00
"2025-04-02 01:15:00",1.80,30.00,9.00,-0.08,9,276.00,0.18,5725,820.00,16.50,257.00,-1.80,9,276.00,6.60,4528,986.00,12.90,233.00,0.20,9,276.00,2.10,4634,1062.00,12.40,235.00
"2025-04-02 01:30:00",0.90,272.00,9.00,-0.07,9,274.00,0.22,6551,813.00,18.40,272.00,0.50,9,274.00,1.00,5480,986.00,15.10,266.00,0.70,9,274.00,0.90,5596,1012.00,15.00,272.00
"2025-04-02 01:45:00",1.50,269.00,9.00,-0.13,9,274.00,0.20,6495,869.00,17.90,272.00,1.00,9,274.00,1.50,5407,1026.00,14.80,256.00,1.20,9,274.00,0.90,5651,1032.00,15.00,262.00
"2025-04-02 02:00:00",2.00,272.00,9.00,-0.21,9,274.00,0.14,6969,637.00,21.10,273.00,1.10,9,274.00,0.80,5909,752.00,18.30,269.00,1.60,9,274.00,1.10,5686,866.00,16.50,273.00
"2025-04-02 02:15:00",1.90,265.00,9.00,-0.14,9,277.00,0.17,6447,637.00,19.40,255.00,1.30,9,277.00,1.30,5577,772.00,16.60,252.00,1.40,9,277.00,1.20,5228,878.00,14.80,252.00
"2025-04-02 02:30:00",1.50,263.00,9.00,-0.11,9,274.00,0.20,6754,733.00,19.90,273.00,1.00,9,274.00,1.10,6064,823.00,17.70,271.00,1.00,9,274.00,1.20,5837,940.00,16.00,269.00
"2025-04-02 02:45:00",1.80,264.00,9.00,-0.12,9,274.00,0.20,6611,792.00,18.80,274.00,1.20,9,274.00,1.00,6005,919.00,16.70,270.00,1.30,9,274.00,1.30,5619,1046.00,14.80,269.00
"2025-04-02 03:00:00",1.90,265.00,9.00,-0.22,9,275.00,0.19,6668,854.00,18.20,270.00,1.30,9,275.00,1.30,5761,1103.00,14.50,270.00,1.40,9,275.00,1.50,5634,1220.00,13.50,265.00
"2025-04-02 03:15:00",1.50,259.00,9.00,-0.16,9,277.00,0.14,6495,644.00,19.80,255.00,1.10,9,277.00,0.80,6013,767.00,17.50,254.00,1.00,9,277.00,0.90,5579,886.00,15.60,253.00
"2025-04-02 03:30:00",2.00,261.00,9.00,-0.23,9,274.00,0.09,7150,496.00,24.00,270.00,1.50,9,274.00,0.60,6415,719.00,19.50,269.00,1.30,9,274.00,0.80,6111,838.00,17.50,271.00
"2025-04-02 03:45:00",1.90,250.00,9.00,-0.22,9,275.00,0.07,7282,470.00,24.40,270.00,1.60,9,275.00,0.80,6627,680.00,20.10,273.00,1.00,9,275.00,1.00,6050,811.00,17.60,275.00
"2025-04-02 04:00:00",1.30,248.00,9.00,-0.12,9,274.00,0.14,7039,557.00,22.70,274.00,1.20,9,274.00,0.70,6615,669.00,20.40,269.00,0.70,9,274.00,0.90,5705,816.00,17.00,273.00
"2025-04-02 04:15:00",1.60,256.00,9.00,-0.18,9,276.00,0.13,6641,570.00,20.80,252.00,1.30,9,276.00,1.00,5895,734.00,17.40,257.00,1.00,9,276.00,1.20,5750,800.00,16.40,257.00
"2025-04-02 04:30:00",0.70,242.00,9.00,-0.05,9,274.00,0.16,6826,679.00,20.40,274.00,0.60,9,274.00,0.80,6121,680.00,19.30,274.00,0.30,9,274.00,1.00,5928,815.00,17.40,274.00
"2025-04-02 04:45:00",1.00,216.00,9.00,-0.15,9,274.00,0.14,7056,562.00,22.60,274.00,1.00,9,274.00,0.70,5991,639.00,19.60,274.00,0.00,9,274.00,0.70,6261,718.00,19.00,273.00
"2025-04-02 05:00:00",1.20,217.00,9.00,-0.21,9,273.00,0.09,7255,517.00,23.20,272.00,1.20,9,273.00,0.60,5661,546.00,20.40,273.00,0.00,9,273.00,0.50,5819,648.00,19.20,271.00
"2025-04-02 05:15:00",1.00,227.00,9.00,-0.15,9,276.00,0.18,6406,618.00,19.40,256.00,1.00,9,276.00,0.60,5415,562.00,18.80,254.00,0.20,9,276.00,0.70,5467,644.00,17.70,253.00
"2025-04-02 05:30:00",1.30,216.00,9.00,-0.18,9,273.00,0.09,7110,600.00,21.60,271.00,1.30,9,273.00,0.60,6037,533.00,21.20,273.00,-0.10,9,273.00,0.50,6276,613.00,20.40,272.00
"2025-04-02 05:45:00",0.70,172.00,9.00,0.01,9,274.00,0.15,7109,560.00,22.50,274.00,0.50,9,274.00,0.60,5667,629.00,19.20,274.00,-0.50,9,274.00,0.50,6435,630.00,20.50,271.00
"2025-04-02 06:00:00",0.90,203.00,9.00,-0.09,9,273.00,0.17,6550,800.00,18.50,273.00,0.90,9,273.00,0.60,5638,653.00,18.90,271.00,-0.20,9,273.00,0.40,6562,614.00,20.80,272.00
"2025-04-02 06:15:00",0.60,188.00,9.00,-0.04,9,276.00,0.17,6160,772.00,17.30,256.00,0.60,9,276.00,0.60,5338,558.00,18.60,256.00,-0.30,9,276.00,0.40,6037,606.00,19.00,253.00
"2025-04-02 06:30:00",0.60,157.00,9.00,0.04,9,273.00,0.14,6971,550.00,22.80,273.00,0.30,9,273.00,0.60,5583,613.00,19.30,273.00,-0.50,9,273.00,0.50,6310,601.00,20.60,271.00
"2025-04-02 06:45:00",1.00,204.00,9.00,-0.16,9,273.00,0.13,7182,484.00,23.80,273.00,1.00,9,273.00,0.60,4925,580.00,18.60,273.00,-0.20,9,273.00,0.40,5866,564.00,20.50,272.00
"2025-04-02 07:00:00",0.90,199.00,9.00,-0.06,9,274.00,0.15,6811,575.00,21.90,274.00,0.90,9,274.00,0.60,5247,606.00,18.80,274.00,-0.30,9,274.00,0.50,5241,593.00,18.90,274.00
"2025-04-02 07:15:00",0.90,223.00,9.00,-0.13,9,275.00,0.12,6690,438.00,22.90,256.00,0.90,9,275.00,0.80,5176,582.00,18.10,256.00,0.10,9,275.00,0.70,4989,599.00,17.50,255.00
"2025-04-02 07:30:00",0.80,226.00,9.00,-0.08,9,274.00,0.12,6739,729.00,19.80,270.00,0.80,9,274.00,0.70,5777,871.00,16.70,269.00,0.10,9,274.00,0.90,5106,908.00,15.10,272.00
"2025-04-02 07:45:00",1.30,242.00,9.00,-0.19,9,275.00,0.13,6921,580.00,21.90,273.00,1.20,9,275.00,0.40,6424,597.00,20.80,270.00,0.50,9,275.00,0.70,5381,729.00,17.40,274.00
"2025-04-02 08:00:00",0.90,232.00,9.00,-0.11,9,274.00,0.15,6393,740.00,18.80,274.00,0.80,9,274.00,0.20,6522,560.00,21.40,272.00,0.20,9,274.00,0.60,4879,792.00,15.70,273.00
"2025-04-02 08:15:00",0.90,267.00,9.00,-0.15,9,275.00,0.14,6501,537.00,20.90,256.00,0.60,9,275.00,0.40,5548,573.00,18.80,255.00,0.70,9,275.00,0.60,5002,706.00,16.20,256.00
"2025-04-02 08:30:00",0.30,239.00,9.00,-0.05,9,275.00,0.18,6749,632.00,20.90,275.00,0.30,9,275.00,0.70,5967,639.00,19.50,273.00,0.10,9,275.00,0.60,6144,658.00,19.70,270.00
"2025-04-02 08:45:00",0.20,92.00,9.00,-0.04,9,274.00,0.20,6528,707.00,19.60,274.00,-0.10,9,274.00,0.80,5829,661.00,19.00,274.00,-0.20,9,274.00,0.60,6400,652.00,20.10,271.00
"2025-04-02 09:00:00",0.40,92.00,9.00,-0.09,9,274.00,0.21,6445,697.00,19.60,274.00,-0.20,9,274.00,1.20,5759,806.00,17.30,273.00,-0.30,9,274.00,0.80,6294,726.00,19.10,270.00
"2025-04-02 09:15:00",0.10,152.00,9.00,-0.03,9,276.00,0.18,5821,794.00,16.90,257.00,0.00,9,276.00,0.70,5208,812.00,15.60,249.00,-0.10,9,276.00,0.80,5463,782.00,16.50,250.00
"2025-04-02 09:30:00",0.30,194.00,9.00,-0.01,9,274.00,0.20,6045,975.00,16.10,273.00,0.20,9,274.00,0.70,5556,1069.00,14.50,262.00,-0.10,9,274.00,0.60,5689,1083.00,14.50,265.00
"2025-04-02 09:45:00",0.40,215.00,9.00,0.05,9,274.00,0.21,6554,809.00,18.40,273.00,0.40,9,274.00,0.90,6166,841.00,17.60,272.00,0.00,9,274.00,0.70,6250,852.00,17.50,270.00
"2025-04-02 10:00:00",0.10,280.00,9.00,0.03,9,274.00,0.17,6848,631.00,21.10,274.00,0.10,9,274.00,0.70,6221,696.00,19.30,269.00,0.10,9,274.00,0.70,6239,673.00,19.50,273.00
"2025-04-02 10:15:00",0.30,261.00,9.00,0.00,9,276.00,0.14,6347,572.00,20.30,255.00,0.20,9,276.00,0.80,5693,618.00,18.70,253.00,0.20,9,276.00,0.50,6129,507.00,21.10,253.00
"2025-04-02 10:30:00",0.20,323.00,9.00,0.02,9,274.00,0.11,6841,516.00,22.70,274.00,0.00,9,274.00,0.50,6199,572.00,20.80,274.00,0.20,9,274.00,0.40,6584,476.00,23.10,272.00
"2025-04-02 10:45:00",0.40,218.00,9.00,-0.03,9,275.00,0.14,6591,647.00,20.50,272.00,0.40,9,275.00,0.60,6128,623.00,20.10,272.00,0.00,9,275.00,0.50,6335,630.00,20.30,271.00
"2025-04-02 11:00:00",0.40,230.00,9.00,-0.03,9,274.00,0.20,6707,674.00,20.40,273.00,0.30,9,274.00,0.80,6323,675.00,19.80,269.00,0.10,9,274.00,0.70,6312,688.00,19.70,269.00
"2025-04-02 11:15:00",0.30,261.00,9.00,-0.09,9,276.00,0.19,6120,685.00,18.50,252.00,0.20,9,276.00,0.90,5740,731.00,17.30,252.00,0.20,9,276.00,0.90,5767,678.00,17.90,254.00
"2025-04-02 11:30:00",0.40,223.00,9.00,-0.02,9,274.00,0.20,6678,688.00,20.20,273.00,0.40,9,274.00,0.80,6256,686.00,19.60,272.00,0.00,9,274.00,0.70,6182,701.00,19.20,272.00
"2025-04-02 11:45:00",0.10,224.00,9.00,-0.04,9,275.00,0.21,6632,740.00,19.50,270.00,0.10,9,275.00,0.90,6419,690.00,20.00,272.00,0.00,9,275.00,0.90,5962,770.00,18.00,271.00
"2025-04-02 12:00:00",0.50,278.00,9.00,-0.03,9,275.00,0.38,6526,876.00,17.90,273.00,0.20,9,275.00,1.40,6300,879.00,17.60,271.00,0.40,9,275.00,1.30,6270,872.00,17.50,270.00
"2025-04-02 12:15:00",0.60,324.00,9.00,0.02,9,278.00,0.30,6132,778.00,17.50,253.00,-0.20,9,278.00,1.40,5990,779.00,17.30,256.00,0.60,9,278.00,1.50,5695,836.00,16.20,256.00
"2025-04-02 12:30:00",0.40,302.00,9.00,-0.04,9,276.00,0.24,6422,827.00,18.20,274.00,0.00,9,276.00,0.90,6075,783.00,18.30,274.00,0.40,9,276.00,1.00,5833,845.00,17.10,271.00
"2025-04-02 12:45:00",0.50,230.00,9.00,-0.02,9,276.00,0.25,6646,734.00,19.50,276.00,0.50,9,276.00,0.90,6340,686.00,19.80,273.00,0.10,9,276.00,0.90,6186,707.00,19.10,273.00
"2025-04-02 13:00:00",0.70,280.00,9.00,-0.09,9,274.00,0.19,6477,796.00,18.70,274.00,0.30,9,274.00,1.10,5864,899.00,16.70,267.00,0.70,9,274.00,1.10,5705,881.00,16.50,269.00
"2025-04-02 13:15:00",0.80,303.00,9.00,-0.02,9,276.00,0.26,6126,787.00,17.30,252.00,0.10,9,276.00,1.50,5809,809.00,16.50,251.00,0.80,9,276.00,1.40,5638,853.00,15.90,251.00
"2025-04-02 13:30:00",0.80,241.00,9.00,-0.05,9,276.00,0.20,6585,788.00,18.90,273.00,0.70,9,276.00,0.90,5980,826.00,17.50,275.00,0.30,9,276.00,0.90,5895,848.00,17.10,269.00
"2025-04-02 13:45:00",1.10,224.00,9.00,-0.05,9,276.00,0.17,6755,719.00,19.80,275.00,1.10,9,276.00,0.70,6157,816.00,17.90,270.00,0.10,9,276.00,0.50,6501,727.00,19.50,271.00
"2025-04-02 14:00:00",0.50,219.00,9.00,-0.02,9,274.00,0.24,6871,736.00,19.80,269.00,0.50,9,274.00,1.20,6381,776.00,18.70,271.00,0.00,9,274.00,0.90,6446,754.00,19.00,269.00
"2025-04-02 14:15:00",0.80,315.00,9.00,0.02,9,276.00,0.31,6232,813.00,17.40,257.00,-0.10,9,276.00,1.30,5900,813.00,16.80,255.00,0.80,9,276.00,1.40,5800,853.00,16.20,255.00
"2025-04-02 14:30:00",0.50,289.00,9.00,-0.03,9,276.00,0.23,6489,801.00,18.50,271.00,0.10,9,276.00,1.00,6384,790.00,18.60,272.00,0.40,9,276.00,1.00,5911,827.00,17.40,271.00
"2025-04-02 14:45:00",0.50,282.00,9.00,-0.02,9,276.00,0.25,6465,842.00,18.10,271.00,0.20,9,276.00,1.20,6041,865.00,17.30,272.00,0.50,9,276.00,1.10,5912,906.00,16.60,271.00
"2025-04-02 15:00:00",0.70,284.00,9.00,-0.01,9,275.00,0.31,6380,897.00,17.40,273.00,0.30,9,275.00,1.60,5992,895.00,16.90,271.00,0.70,9,275.00,1.40,5814,947.00,16.10,270.00
"2025-04-02 15:15:00",0.80,261.00,9.00,-0.04,9,278.00,0.28,5851,886.00,16.00,253.00,0.60,9,278.00,1.60,5390,888.00,15.30,252.00,0.50,9,278.00,1.60,5194,925.00,14.60,254.00
"2025-04-02 15:30:00",0.60,251.00,9.00,-0.08,9,276.00,0.23,6305,841.00,17.90,273.00,0.50,9,276.00,1.60,5807,856.00,17.00,270.00,0.30,9,276.00,1.00,5599,840.00,16.70,271.00
"2025-04-02 15:45:00",0.50,282.00,9.00,-0.05,9,276.00,0.21,6472,780.00,18.80,273.00,0.20,9,276.00,1.30,5830,821.00,17.50,271.00,0.40,9,276.00,1.10,5581,846.00,16.70,271.00
"2025-04-02 16:00:00",0.70,248.00,9.00,0.03,9,275.00,0.24,6601,826.00,18.50,271.00,0.60,9,275.00,1.40,6050,861.00,17.40,270.00,0.40,9,275.00,1.50,5894,846.00,17.30,270.00
"2025-04-02 16:15:00",0.90,243.00,9.00,-0.06,9,278.00,0.22,5975,774.00,17.20,253.00,0.80,9,278.00,1.20,5523,760.00,16.70,253.00,0.40,9,278.00,0.90,5383,744.00,16.60,254.00
"2025-04-02 16:30:00",0.40,269.00,9.00,-0.07,9,276.00,0.22,6414,799.00,18.40,272.00,0.30,9,276.00,1.30,6061,761.00,18.60,271.00,0.30,9,276.00,1.00,5722,726.00,18.20,274.00
"2025-04-02 16:45:00",1.00,299.00,9.00,-0.11,9,275.00,0.24,6587,842.00,18.30,272.00,0.20,9,275.00,1.40,5955,909.00,16.70,270.00,0.90,9,275.00,1.30,5718,871.00,16.60,270.00
"2025-04-02 17:00:00",1.10,278.00,9.00,-0.08,9,276.00,0.24,6479,746.00,19.10,276.00,0.50,9,276.00,0.80,6251,645.00,20.10,271.00,0.90,9,276.00,1.10,5439,752.00,17.40,272.00
"2025-04-02 17:15:00",1.10,275.00,9.00,-0.14,9,278.00,0.20,6132,657.00,18.60,257.00,0.60,9,278.00,0.50,5938,535.00,20.10,253.00,0.90,9,278.00,0.70,5085,606.00,17.50,255.00
"2025-04-02 17:30:00",1.20,266.00,9.00,-0.13,9,274.00,0.16,6701,650.00,20.60,274.00,0.80,9,274.00,0.50,6307,557.00,21.40,271.00,0.90,9,274.00,0.70,5514,659.00,18.60,270.00
"2025-04-02 17:45:00",1.30,264.00,9.00,-0.11,9,274.00,0.18,6636,717.00,19.50,274.00,0.90,9,274.00,0.30,6581,486.00,22.90,273.00,0.90,9,274.00,0.50,5361,651.00,18.30,273.00
"2025-04-02 18:00:00",1.40,257.00,9.00,-0.10,9,274.00,0.12,7062,538.00,22.70,274.00,1.10,9,274.00,0.40,6350,519.00,22.00,271.00,0.90,9,274.00,0.60,4923,668.00,17.20,271.00
"2025-04-02 18:15:00",1.20,254.00,9.00,-0.04,9,276.00,0.11,6533,453.00,22.30,255.00,1.00,9,276.00,0.40,5858,472.00,20.90,255.00,0.70,9,276.00,0.60,4545,601.00,16.50,255.00
"2025-04-02 18:30:00",1.30,252.00,9.00,-0.04,9,274.00,0.18,6872,544.00,22.50,274.00,1.10,9,274.00,0.60,5690,621.00,19.30,272.00,0.70,9,274.00,0.60,5079,678.00,17.50,270.00
"2025-04-02 18:45:00",1.40,255.00,9.00,-0.06,9,274.00,0.16,6726,680.00,20.20,274.00,1.10,9,274.00,0.70,5359,824.00,16.60,272.00,0.80,9,274.00,0.80,4815,855.00,15.20,268.00
"2025-04-02 19:00:00",1.00,249.00,9.00,0.03,9,274.00,0.20,6684,721.00,19.60,274.00,0.80,9,274.00,1.10,5698,761.00,17.60,274.00,0.50,9,274.00,1.10,5529,807.00,16.80,272.00
"2025-04-02 19:15:00",0.50,221.00,9.00,0.05,9,276.00,0.19,6186,650.00,18.80,257.00,0.50,9,276.00,0.90,4909,653.00,16.60,257.00,0.00,9,276.00,1.10,5118,730.00,16.10,257.00
"2025-04-02 19:30:00",0.50,201.00,9.00,0.05,9,274.00,0.20,6555,727.00,19.30,273.00,0.50,9,274.00,0.70,5280,661.00,18.10,272.00,-0.10,9,274.00,0.90,5337,729.00,17.20,273.00
"2025-04-02 19:45:00",1.00,257.00,9.00,-0.07,9,274.00,0.22,6706,808.00,18.60,274.00,0.80,9,274.00,0.80,5839,704.00,18.50,272.00,0.60,9,274.00,0.90,5630,773.00,17.30,273.00
"2025-04-02 20:00:00",1.20,245.00,9.00,-0.07,9,274.00,0.26,6558,880.00,17.70,273.00,1.10,9,274.00,1.20,6047,827.00,17.50,271.00,0.50,9,274.00,1.00,6228,841.00,17.60,273.00
"2025-04-02 20:15:00",1.30,230.00,9.00,-0.08,9,276.00,0.23,6091,768.00,17.30,256.00,1.20,9,276.00,1.20,5054,741.00,15.90,256.00,0.30,9,276.00,1.10,5173,760.00,15.90,253.00
"2025-04-02 20:30:00",0.90,230.00,9.00,-0.03,9,274.00,0.20,6555,819.00,18.40,272.00,0.80,9,274.00,1.00,5357,940.00,15.40,266.00,0.20,9,274.00,0.90,5571,939.00,15.60,270.00
"2025-04-02 20:45:00",1.50,250.00,9.00,-0.10,9,273.00,0.21,6908,768.00,19.40,273.00,1.30,9,273.00,1.20,6137,841.00,17.60,270.00,0.80,9,273.00,1.10,6174,859.00,17.40,269.00
"2025-04-02 21:00:00",0.90,243.00,9.00,-0.02,9,275.00,0.22,6716,780.00,19.00,274.00,0.80,9,275.00,1.00,5828,789.00,17.60,274.00,0.40,9,275.00,1.00,6104,827.00,17.60,273.00
"2025-04-02 21:15:00",0.80,255.00,9.00,-0.06,9,276.00,0.20,6191,701.00,18.20,257.00,0.60,9,276.00,1.10,5279,689.00,16.90,256.00,0.50,9,276.00,0.90,5504,755.00,16.50,254.00
"2025-04-02 21:30:00",0.70,241.00,9.00,-0.05,9,274.00,0.20,6722,754.00,19.30,274.00,0.60,9,274.00,0.80,5798,700.00,18.50,273.00,0.30,9,274.00,0.80,6115,743.00,18.50,274.00
"2025-04-02 21:45:00",0.50,239.00,9.00,-0.03,9,274.00,0.18,6591,776.00,18.90,274.00,0.40,9,274.00,0.80,5649,710.00,18.10,270.00,0.20,9,274.00,0.80,5826,755.00,17.80,272.00
"2025-04-02 22:00:00",0.50,244.00,9.00,-0.08,9,274.00,0.20,6706,737.00,19.50,272.00,0.40,9,274.00,0.70,5568,631.00,19.00,274.00,0.20,9,274.00,0.70,5869,702.00,18.60,273.00
"2025-04-02 22:15:00",0.60,261.00,9.00,-0.01,9,276.00,0.20,6255,729.00,17.90,257.00,0.40,9,276.00,0.70,5287,652.00,17.30,255.00,0.40,9,276.00,0.70,5711,676.00,17.70,256.00
"2025-04-02 22:30:00",0.90,259.00,9.00,-0.06,9,273.00,0.18,6629,782.00,18.80,273.00,0.70,9,273.00,0.70,5832,722.00,18.30,273.00,0.60,9,273.00,0.70,5911,736.00,18.10,270.00
"2025-04-02 22:45:00",1.30,257.00,9.00,-0.14,9,274.00,0.16,6768,732.00,19.70,274.00,1.00,9,274.00,0.70,5704,890.00,16.40,269.00,0.80,9,274.00,0.70,5569,924.00,15.80,274.00
"2025-04-02 23:00:00",1.10,253.00,9.00,-0.05,9,274.00,0.15,6710,828.00,18.40,272.00,0.90,9,274.00,0.70,5880,1034.00,15.20,271.00,0.60,9,274.00,0.80,5833,1080.00,14.80,271.00
"2025-04-02 23:15:00",0.90,248.00,9.00,-0.02,9,276.00,0.22,6081,814.00,16.90,256.00,0.80,9,276.00,0.80,5963,756.00,17.40,256.00,0.40,9,276.00,0.80,6021,746.00,17.50,255.00
"2025-04-02 23:30:00",1.10,271.00,9.00,-0.11,9,274.00,0.18,7029,571.00,22.50,274.00,0.70,9,274.00,0.80,5779,720.00,18.30,270.00,0.90,9,274.00,0.60,6488,642.00,20.40,270.00
"2025-04-02 23:45:00",0.90,285.00,9.00,-0.13,9,274.00,0.17,6965,598.00,21.70,274.00,0.40,9,274.00,0.70,4869,673.00,17.10,273.00,0.90,9,274.00,0.50,6250,608.00,20.40,273.00
"2025-04-03 00:00:00",1.70,262.00,9.00,-0.25,9,274.00,0.14,6609,787.00,18.60,274.00,1.20,9,274.00,0.50,5789,772.00,17.50,274.00,1.10,9,274.00,0.60,6211,726.00,18.70,274.00
"2025-04-03 00:15:00",0.90,268.00,9.00,-0.10,9,276.00,0.14,6000,711.00,17.60,256.00,0.60,9,276.00,0.50,5148,726.00,16.10,256.00,0.70,9,276.00,0.50,5686,667.00,17.70,256.00
"2025-04-03 00:30:00",1.00,267.00,9.00,-0.10,9,275.00,0.14,6629,761.00,18.90,275.00,0.60,9,275.00,0.40,5879,745.00,18.00,275.00,0.70,9,275.00,0.50,6067,743.00,18.30,275.00
"2025-04-03 00:45:00",1.60,263.00,9.00,-0.24,9,274.00,0.12,6597,788.00,18.50,274.00,1.10,9,274.00,0.40,5482,763.00,17.10,274.00,1.10,9,274.00,0.50,6209,688.00,19.20,274.00
"2025-04-03 01:00:00",2.00,259.00,9.00,-0.29,9,274.00,0.12,6776,709.00,19.70,274.00,1.50,9,274.00,0.40,5472,760.00,17.10,272.00,1.30,9,274.00,0.50,6097,699.00,18.90,274.00
"2025-04-03 01:15:00",2.40,267.00,9.00,-0.36,9,277.00,0.05,6613,589.00,20.00,253.00,1.60,9,277.00,0.40,5014,717.00,16.10,256.00,1.80,9,277.00,0.40,5697,686.00,17.40,257.00
"2025-04-03 01:30:00",1.90,269.00,9.00,-0.28,9,274.00,0.13,6830,740.00,19.40,274.00,1.20,9,274.00,0.70,5919,784.00,17.70,273.00,1.50,9,274.00,0.60,6234,740.00,18.60,274.00
"2025-04-03 01:45:00",1.30,277.00,9.00,-0.18,9,274.00,0.15,6428,796.00,18.20,274.00,0.70,9,274.00,0.70,5796,761.00,17.70,274.00,1.10,9,274.00,0.60,6243,698.00,19.10,273.00
"2025-04-03 02:00:00",0.90,280.00,9.00,-0.05,9,275.00,0.09,6520,697.00,19.70,273.00,0.40,9,275.00,0.60,5359,745.00,17.10,274.00,0.80,9,275.00,0.50,6114,693.00,19.00,273.00
"2025-04-03 02:15:00",0.90,269.00,9.00,-0.08,9,276.00,0.13,6289,645.00,18.90,252.00,0.60,9,276.00,0.30,5258,684.00,16.90,255.00,0.70,9,276.00,0.40,5653,697.00,17.30,257.00
"2025-04-03 02:30:00",1.90,261.00,9.00,-0.29,9,274.00,0.08,6743,760.00,19.00,270.00,1.40,9,274.00,0.30,5452,729.00,17.50,274.00,1.30,9,274.00,0.40,5985,693.00,18.80,274.00
"2025-04-03 02:45:00",1.30,232.00,9.00,-0.13,9,274.00,0.09,7261,533.00,22.80,274.00,1.30,9,274.00,0.60,5349,730.00,17.30,274.00,0.30,9,274.00,0.50,5173,747.00,16.80,271.00
"2025-04-03 03:00:00",0.80,221.00,9.00,-0.03,9,275.00,0.03,7188,537.00,22.70,273.00,0.80,9,275.00,0.50,5510,725.00,17.60,275.00,0.00,9,275.00,0.40,5675,703.00,18.20,275.00
"2025-04-03 03:15:00",1.00,241.00,9.00,-0.08,9,276.00,0.04,6894,310.00,25.60,257.00,0.90,9,276.00,0.60,5361,681.00,17.00,257.00,0.40,9,276.00,0.40,5409,653.00,17.40,257.00
"2025-04-03 03:30:00",0.70,240.00,9.00,0.00,9,274.00,0.05,7311,441.00,24.60,274.00,0.70,9,274.00,0.60,5783,729.00,18.10,274.00,0.30,9,274.00,0.60,5896,709.00,18.40,274.00
"2025-04-03 03:45:00",0.60,229.00,9.00,0.01,9,275.00,0.06,7277,478.00,23.80,275.00,0.60,9,275.00,0.50,5268,710.00,17.40,275.00,0.10,9,275.00,0.40,5531,671.00,18.30,275.00
"2025-04-03 04:00:00",0.80,217.00,9.00,0.01,9,274.00,0.12,6986,659.00,20.70,274.00,0.80,9,274.00,0.40,5272,680.00,17.80,274.00,0.00,9,274.00,0.30,5699,683.00,18.40,269.00
"2025-04-03 04:15:00",1.50,239.00,9.00,-0.21,9,277.00,0.06,6826,404.00,23.30,257.00,1.40,9,277.00,0.60,5098,657.00,16.80,257.00,0.50,9,277.00,0.50,4844,642.00,16.60,256.00
"2025-04-03 04:30:00",1.40,243.00,9.00,-0.23,9,274.00,0.06,7339,437.00,24.60,274.00,1.30,9,274.00,0.60,5508,701.00,17.90,274.00,0.60,9,274.00,0.60,5173,690.00,17.50,274.00
"2025-04-03 04:45:00",1.20,226.00,9.00,-0.13,9,274.00,0.08,7371,391.00,25.70,274.00,1.20,9,274.00,0.60,4836,724.00,16.50,274.00,0.20,9,274.00,0.40,5249,659.00,18.00,272.00
"2025-04-03 05:00:00",0.80,208.00,9.00,0.02,9,273.00,0.07,7348,369.00,26.20,273.00,0.80,9,273.00,0.40,5225,618.00,18.50,273.00,-0.10,9,273.00,0.30,5783,595.00,19.80,272.00
"2025-04-03 05:15:00",0.60,214.00,9.00,0.00,9,275.00,0.16,6602,579.00,20.30,256.00,0.60,9,275.00,0.60,4554,561.00,17.30,256.00,0.00,9,275.00,0.50,5029,557.00,18.10,256.00
"2025-04-03 05:30:00",0.30,162.00,9.00,0.10,9,274.00,0.11,7318,372.00,26.20,273.00,0.10,9,274.00,0.50,5092,597.00,18.60,273.00,-0.20,9,274.00,0.50,5600,620.00,19.10,274.00
"2025-04-03 05:45:00",0.40,121.00,9.00,0.15,9,273.00,0.08,7206,423.00,25.00,273.00,0.00,9,273.00,0.60,6095,626.00,20.00,273.00,-0.40,9,273.00,0.70,5573,649.00,18.80,273.00
"2025-04-03 06:00:00",0.40,193.00,9.00,0.06,9,273.00,0.11,7256,419.00,25.00,273.00,0.30,9,273.00,0.50,5818,587.00,20.10,272.00,-0.20,9,273.00,0.60,5350,613.00,18.80,272.00
"2025-04-03 06:15:00",0.30,194.00,9.00,0.01,9,276.00,0.10,6676,462.00,22.20,256.00,0.30,9,276.00,0.50,5566,522.00,19.50,256.00,-0.10,9,276.00,0.70,4638,585.00,17.00,256.00
"2025-04-03 06:30:00",0.40,265.00,9.00,0.03,9,273.00,0.15,6865,695.00,20.10,273.00,0.30,9,273.00,0.50,6221,612.00,20.40,271.00,0.30,9,273.00,0.80,5145,658.00,17.90,273.00
"2025-04-03 06:45:00",0.00,302.00,9.00,0.11,9,273.00,0.13,6969,590.00,21.90,273.00,0.00,9,273.00,0.60,5666,644.00,19.00,272.00,0.00,9,273.00,0.80,4940,648.00,17.60,273.00
"2025-04-03 07:00:00",0.90,233.00,9.00,-0.11,9,274.00,0.12,7074,483.00,23.70,274.00,0.80,9,274.00,0.40,5296,657.00,18.10,274.00,0.20,9,274.00,0.50,4497,561.00,18.00,273.00
"2025-04-03 07:15:00",0.30,281.00,9.00,-0.02,9,275.00,0.10,6302,579.00,19.80,256.00,0.10,9,275.00,0.40,5480,575.00,18.60,256.00,0.30,9,275.00,0.60,4395,565.00,16.80,256.00
"2025-04-03 07:30:00",0.10,329.00,9.00,0.00,9,274.00,0.12,6769,633.00,20.80,274.00,0.00,9,274.00,0.40,6005,612.00,19.90,271.00,0.10,9,274.00,0.70,4744,582.00,18.00,273.00
"2025-04-03 07:45:00",0.60,268.00,9.00,-0.04,9,274.00,0.08,7298,361.00,26.60,274.00,0.40,9,274.00,0.50,5785,704.00,18.30,273.00,0.40,9,274.00,0.70,5302,620.00,18.60,273.00
"2025-04-03 08:00:00",0.70,272.00,9.00,-0.08,9,274.00,0.07,7201,405.00,25.50,272.00,0.40,9,274.00,0.60,5820,709.00,18.40,274.00,0.50,9,274.00,0.80,4969,641.00,17.70,274.00
"2025-04-03 08:15:00",0.80,266.00,9.00,-0.09,9,276.00,0.13,6297,554.00,20.50,255.00,0.60,9,276.00,0.70,5101,622.00,17.20,255.00,0.60,9,276.00,0.80,4802,582.00,17.30,255.00
"2025-04-03 08:30:00",0.90,267.00,9.00,-0.15,9,275.00,0.15,6867,638.00,21.00,275.00,0.60,9,275.00,0.80,5313,701.00,17.60,274.00,0.70,9,275.00,0.60,5696,619.00,19.40,274.00
"2025-04-03 08:45:00",0.50,291.00,9.00,-0.07,9,274.00,0.15,6862,647.00,21.00,274.00,0.20,9,274.00,0.70,5162,681.00,17.60,273.00,0.50,9,274.00,0.50,5921,625.00,19.60,272.00
"2025-04-03 09:00:00",0.70,272.00,9.00,-0.11,9,273.00,0.13,7022,588.00,22.10,269.00,0.40,9,273.00,0.60,4954,693.00,17.00,270.00,0.50,9,273.00,0.50,6017,559.00,20.70,273.00
"2025-04-03 09:15:00",0.50,255.00,9.00,-0.03,9,276.00,0.19,6140,670.00,18.50,256.00,0.40,9,276.00,0.80,5088,673.00,16.70,256.00,0.30,9,276.00,0.70,5739,565.00,19.20,255.00
"2025-04-03 09:30:00",0.30,261.00,9.00,-0.05,9,274.00,0.17,6778,640.00,20.90,274.00,0.20,9,274.00,0.80,5631,696.00,18.20,274.00,0.20,9,274.00,0.60,6337,573.00,21.10,273.00
"2025-04-03 09:45:00",0.20,122.00,9.00,-0.07,9,274.00,0.22,6616,741.00,19.40,273.00,0.00,9,274.00,1.00,6130,732.00,18.70,274.00,-0.20,9,274.00,0.70,6261,697.00,19.30,274.00
"2025-04-03 10:00:00",0.40,66.00,9.00,-0.02,9,274.00,0.25,6542,770.00,18.90,274.00,-0.40,9,274.00,1.10,6302,777.00,18.40,274.00,-0.20,9,274.00,0.90,6453,738.00,19.10,274.00
"2025-04-03 10:15:00",0.30,119.00,9.00,0.02,9,276.00,0.28,5947,681.00,18.10,256.00,-0.10,9,276.00,1.00,5721,660.00,18.00,254.00,-0.30,9,276.00,0.70,5895,636.00,18.50,255.00
"2025-04-03 10:30:00",0.50,96.00,9.00,-0.07,9,275.00,0.26,6368,761.00,18.80,272.00,-0.30,9,275.00,1.10,6099,764.00,18.30,273.00,-0.40,9,275.00,1.10,6147,808.00,17.90,274.00
"2025-04-03 10:45:00",0.50,115.00,9.00,-0.03,9,275.00,0.26,6504,728.00,19.50,274.00,-0.10,9,275.00,1.10,6165,739.00,18.80,274.00,-0.50,9,275.00,1.00,6276,762.00,18.60,273.00
"2025-04-03 11:00:00",0.50,79.00,9.00,0.04,9,276.00,0.26,6399,809.00,18.30,271.00,-0.40,9,276.00,1.20,6220,771.00,18.50,275.00,-0.30,9,276.00,1.20,6319,805.00,18.20,275.00
"2025-04-03 11:15:00",0.40,81.00,9.00,0.01,9,278.00,0.29,6057,672.00,18.60,253.00,-0.30,9,278.00,1.30,5595,735.00,17.00,253.00,-0.30,9,278.00,1.00,5789,717.00,17.50,257.00
"2025-04-03 11:30:00",0.10,103.00,9.00,-0.06,9,276.00,0.21,6414,659.00,20.10,271.00,-0.10,9,276.00,0.90,6156,653.00,19.80,275.00,-0.10,9,276.00,0.90,5985,710.00,18.70,274.00
"2025-04-03 11:45:00",0.20,126.00,9.00,-0.10,9,276.00,0.29,6481,704.00,19.70,274.00,0.00,9,276.00,1.10,6198,724.00,19.00,273.00,-0.20,9,276.00,0.90,6100,795.00,18.00,271.00
"2025-04-03 12:00:00",0.40,99.00,9.00,-0.06,9,276.00,0.27,6486,750.00,19.10,273.00,-0.20,9,276.00,1.00,6228,749.00,18.70,274.00,-0.40,9,276.00,1.10,6283,820.00,18.00,273.00
"2025-04-03 12:15:00",0.70,71.00,9.00,0.05,9,278.00,0.30,5779,738.00,17.30,253.00,-0.60,9,278.00,1.00,5667,722.00,17.20,255.00,-0.40,9,278.00,1.10,5730,735.00,17.10,257.00
"2025-04-03 12:30:00",0.40,47.00,9.00,0.00,9,277.00,0.28,6374,780.00,18.60,273.00,-0.40,9,277.00,1.00,6072,754.00,18.50,272.00,-0.10,9,277.00,1.00,6097,773.00,18.20,275.00
"2025-04-03 12:45:00",0.50,102.00,9.00,-0.03,9,276.00,0.23,6322,708.00,19.40,272.00,-0.20,9,276.00,1.00,5907,663.00,19.30,271.00,-0.40,9,276.00,0.90,5964,753.00,18.20,274.00
"2025-04-03 13:00:00",0.70,86.00,9.00,0.01,9,276.00,0.35,6285,852.00,17.70,274.00,-0.50,9,276.00,1.30,6055,842.00,17.40,272.00,-0.50,9,276.00,1.10,6209,877.00,17.30,275.00
"2025-04-03 13:15:00",1.00,60.00,9.00,0.01,9,279.00,0.37,5919,823.00,16.70,254.00,-0.90,9,279.00,1.60,5756,818.00,16.40,259.00,-0.40,9,279.00,1.40,5977,817.00,16.70,259.00
"2025-04-03 13:30:00",1.10,87.00,9.00,0.10,9,277.00,0.45,6372,906.00,17.30,277.00,-0.70,9,277.00,1.60,6248,900.00,17.10,276.00,-0.80,9,277.00,1.40,6376,917.00,17.30,274.00
"2025-04-03 13:45:00",1.00,59.00,9.00,-0.06,9,276.00,0.29,6329,795.00,18.40,275.00,-0.90,9,276.00,1.40,6161,869.00,17.40,276.00,-0.40,9,276.00,1.40,6201,873.00,17.40,275.00
"2025-04-03 14:00:00",0.70,72.00,9.00,0.10,9,277.00,0.35,6380,833.00,18.00,272.00,-0.60,9,277.00,1.40,6213,832.00,17.80,274.00,-0.40,9,277.00,1.10,6392,832.00,18.10,274.00
"2025-04-03 14:15:00",0.70,100.00,9.00,-0.07,9,278.00,0.25,5807,718.00,17.50,255.00,-0.30,9,278.00,1.30,5554,726.00,17.00,256.00,-0.60,9,278.00,1.40,5639,810.00,16.30,256.00
"2025-04-03 14:30:00",0.50,89.00,9.00,-0.05,9,277.00,0.24,6304,747.00,18.80,276.00,-0.30,9,277.00,0.90,5972,713.00,18.70,273.00,-0.40,9,277.00,1.10,6053,813.00,17.70,275.00
"2025-04-03 14:45:00",0.10,37.00,9.00,-0.04,9,277.00,0.23,6184,693.00,19.30,274.00,-0.10,9,277.00,0.70,6013,590.00,20.40,275.00,0.00,9,277.00,0.80,5872,669.00,19.00,275.00
"2025-04-03 15:00:00",0.70,307.00,9.00,0.01,9,276.00,0.31,6396,841.00,18.00,273.00,0.00,9,276.00,1.10,6344,729.00,19.20,275.00,0.70,9,276.00,1.20,6247,794.00,18.30,275.00
"2025-04-03 15:15:00",0.40,336.00,9.00,-0.03,9,279.00,0.32,5751,750.00,17.00,258.00,-0.20,9,279.00,1.10,5849,728.00,17.40,256.00,0.40,9,279.00,1.20,5698,693.00,17.60,259.00
"2025-04-03 15:30:00",0.60,318.00,9.00,-0.08,9,276.00,0.27,6342,793.00,18.40,273.00,-0.10,9,276.00,1.10,6340,757.00,18.90,271.00,0.60,9,276.00,1.00,5927,732.00,18.40,276.00
"2025-04-03 15:45:00",0.70,333.00,9.00,-0.06,9,277.00,0.32,6340,804.00,18.40,277.00,-0.30,9,277.00,1.10,6247,776.00,18.50,277.00,0.60,9,277.00,1.10,6079,759.00,18.40,277.00
"2025-04-03 16:00:00",0.70,312.00,9.00,-0.12,9,276.00,0.21,6405,717.00,19.40,275.00,0.00,9,276.00,0.90,6098,687.00,19.30,271.00,0.70,9,276.00,0.80,5751,671.00,18.80,273.00
"2025-04-03 16:15:00",1.00,279.00,9.00,-0.06,9,279.00,0.24,5923,792.00,16.80,255.00,0.50,9,279.00,1.50,5764,766.00,17.00,254.00,0.90,9,279.00,1.20,5539,768.00,16.60,254.00
"2025-04-03 16:30:00",1.20,274.00,9.00,-0.02,9,276.00,0.25,6346,830.00,18.00,274.00,0.70,9,276.00,1.20,6239,778.00,18.50,274.00,1.00,9,276.00,1.20,5976,837.00,17.40,274.00
"2025-04-03 16:45:00",1.20,263.00,9.00,-0.04,9,277.00,0.17,6746,713.00,20.10,275.00,0.80,9,277.00,1.00,6127,746.00,18.80,272.00,0.80,9,277.00,0.90,5866,776.00,17.90,274.00
"2025-04-03 17:00:00",0.80,272.00,9.00,-0.01,9,276.00,0.19,6564,683.00,20.20,273.00,0.50,9,276.00,0.90,6027,693.00,19.20,271.00,0.70,9,276.00,1.00,5808,731.00,18.30,271.00
"2025-04-03 17:15:00",1.10,248.00,9.00,-0.07,9,279.00,0.15,6341,536.00,20.80,258.00,1.00,9,279.00,0.80,5708,577.00,19.10,258.00,0.60,9,279.00,0.80,5414,620.00,18.00,257.00
"2025-04-03 17:30:00",0.50,233.00,9.00,0.05,9,276.00,0.13,6729,608.00,21.30,274.00,0.50,9,276.00,0.50,5928,563.00,20.70,273.00,0.10,9,276.00,0.60,5668,598.00,19.60,272.00
"2025-04-03 17:45:00",0.30,212.00,9.00,0.09,9,276.00,0.15,6533,667.00,20.10,276.00,0.30,9,276.00,0.70,5723,572.00,20.20,275.00,0.00,9,276.00,0.60,5577,597.00,19.50,275.00
"2025-04-03 18:00:00",0.20,237.00,9.00,0.02,9,276.00,0.16,6841,577.00,21.80,276.00,0.20,9,276.00,0.60,5301,621.00,18.70,274.00,0.10,9,276.00,0.50,5914,572.00,20.30,275.00
"2025-04-03 18:15:00",0.60,253.00,9.00,-0.08,9,277.00,0.18,6229,586.00,19.70,258.00,0.50,9,277.00,0.50,5356,564.00,18.70,258.00,0.30,9,277.00,0.40,5634,532.00,19.50,257.00
"2025-04-03 18:30:00",0.80,267.00,9.00,-0.13,9,276.00,0.13,6932,511.00,23.10,275.00,0.50,9,276.00,0.50,5509,636.00,18.90,275.00,0.60,9,276.00,0.30,6089,570.00,20.70,275.00
"2025-04-03 18:45:00",0.30,255.00,9.00,0.00,9,276.00,0.12,6905,569.00,22.10,276.00,0.30,9,276.00,0.60,5437,643.00,18.60,276.00,0.20,9,276.00,0.40,5886,623.00,19.50,276.00
"2025-04-03 19:00:00",0.50,259.00,9.00,0.00,9,276.00,0.15,6783,618.00,21.10,276.00,0.30,9,276.00,0.70,5328,648.00,18.40,275.00,0.30,9,276.00,0.50,5886,654.00,19.10,273.00
"2025-04-03 19:15:00",0.50,302.00,9.00,0.02,9,277.00,0.16,6351,560.00,20.40,257.00,0.10,9,277.00,0.70,4856,620.00,17.00,258.00,0.50,9,277.00,0.50,5277,662.00,17.10,253.00
"2025-04-03 19:30:00",0.40,267.00,9.00,0.02,9,274.00,0.15,6854,589.00,21.70,274.00,0.30,9,274.00,0.80,5398,643.00,18.70,273.00,0.30,9,274.00,0.60,5892,688.00,18.70,274.00
"2025-04-03 19:45:00",0.40,267.00,9.00,-0.01,9,274.00,0.15,6883,607.00,21.40,274.00,0.30,9,274.00,0.60,4878,619.00,17.90,271.00,0.30,9,274.00,0.50,5783,684.00,18.60,271.00
"2025-04-03 20:00:00",0.60,281.00,9.00,-0.05,9,274.00,0.16,6663,640.00,20.70,274.00,0.30,9,274.00,0.60,5545,626.00,19.20,270.00,0.50,9,274.00,0.70,5482,760.00,17.10,272.00
"2025-04-03 20:15:00",0.90,278.00,9.00,-0.07,9,276.00,0.14,6200,572.00,19.80,255.00,0.40,9,276.00,0.50,5253,566.00,18.40,251.00,0.80,9,276.00,0.60,5078,698.00,16.30,252.00
"2025-04-03 20:30:00",0.90,267.00,9.00,-0.05,9,274.00,0.15,6567,684.00,20.10,272.00,0.60,9,274.00,0.60,5838,637.00,19.40,269.00,0.70,9,274.00,0.70,5384,741.00,17.30,270.00
"2025-04-03 20:45:00",1.00,267.00,9.00,-0.02,9,274.00,0.18,6492,762.00,18.90,273.00,0.60,9,274.00,0.80,5716,677.00,18.80,269.00,0.70,9,274.00,0.90,5256,801.00,16.30,270.00
"2025-04-03 21:00:00",0.60,261.00,9.00,0.02,9,274.00,0.18,6472,766.00,18.90,274.00,0.50,9,274.00,0.80,5491,683.00,18.30,269.00,0.40,9,274.00,0.80,5530,754.00,17.30,271.00
"2025-04-03 21:15:00",0.90,268.00,9.00,-0.01,9,276.00,0.17,6088,686.00,18.20,254.00,0.50,9,276.00,0.80,5061,641.00,17.20,252.00,0.70,9,276.00,0.80,5044,723.00,16.00,254.00
"2025-04-03 21:30:00",0.60,263.00,9.00,0.01,9,274.00,0.15,6585,679.00,20.00,272.00,0.40,9,274.00,0.60,5299,612.00,18.80,269.00,0.40,9,274.00,0.80,5369,742.00,17.20,273.00
"2025-04-03 21:45:00",0.50,259.00,9.00,0.03,9,274.00,0.19,6194,786.00,18.20,274.00,0.40,9,274.00,0.70,5350,637.00,18.60,270.00,0.30,9,274.00,0.80,5213,759.00,16.70,269.00
"2025-04-03 22:00:00",0.50,249.00,9.00,0.06,9,274.00,0.17,6382,742.00,18.90,272.00,0.40,9,274.00,0.80,5203,647.00,18.20,271.00,0.20,9,274.00,0.80,5518,713.00,17.80,273.00
"2025-04-03 22:15:00",0.30,256.00,9.00,0.01,9,276.00,0.17,5881,694.00,17.80,255.00,0.20,9,276.00,0.90,4882,640.00,16.80,256.00,0.20,9,276.00,0.70,5097,690.00,16.50,254.00
"2025-04-03 22:30:00",0.20,207.00,9.00,0.02,9,273.00,0.16,6451,696.00,19.60,273.00,0.20,9,273.00,0.70,4885,652.00,17.40,272.00,0.00,9,273.00,0.60,5672,684.00,18.40,271.00
"2025-04-03 22:45:00",0.10,140.00,9.00,0.05,9,274.00,0.15,6646,706.00,19.70,273.00,0.00,9,274.00,0.70,5423,650.00,18.50,269.00,-0.10,9,274.00,0.60,5757,718.00,18.10,272.00
"2025-04-03 23:00:00",0.30,218.00,9.00,0.03,9,274.00,0.17,6484,755.00,18.90,274.00,0.30,9,274.00,0.80,5605,683.00,18.50,271.00,0.00,9,274.00,0.70,5839,719.00,18.30,269.00
"2025-04-03 23:15:00",0.50,252.00,9.00,-0.02,9,276.00,0.20,6165,721.00,17.90,253.00,0.40,9,276.00,1.00,5173,699.00,16.50,253.00,0.30,9,276.00,0.80,5488,702.00,17.00,251.00
"2025-04-03 23:30:00",0.60,206.00,9.00,0.00,9,274.00,0.20,6546,757.00,19.00,274.00,0.60,9,274.00,0.90,5690,732.00,17.90,271.00,-0.10,9,274.00,0.80,6108,734.00,18.70,270.00
"2025-04-03 23:45:00",0.90,240.00,9.00,-0.10,9,274.00,0.18,6582,724.00,19.50,270.00,0.80,9,274.00,0.80,5363,629.00,18.60,270.00,0.30,9,274.00,0.60,5998,698.00,18.80,272.00
"2025-04-04 00:00:00",0.00,29.00,9.00,0.05,9,274.00,0.14,7156,548.00,22.60,274.00,0.00,9,274.00,0.30,6306,595.00,20.60,273.00,0.00,9,274.00,0.30,6723,531.00,22.30,274.00
"2025-04-04 00:15:00",0.10,119.00,9.00,0.03,9,276.00,0.17,6378,676.00,18.70,257.00,0.00,9,276.00,0.50,5498,592.00,18.50,257.00,-0.10,9,276.00,0.50,5774,585.00,18.90,252.00
"2025-04-04 00:30:00",0.40,242.00,9.00,-0.02,9,274.00,0.15,6897,637.00,21.10,274.00,0.30,9,274.00,0.60,5608,634.00,19.00,274.00,0.10,9,274.00,0.60,5676,681.00,18.40,271.00
"2025-04-04 00:45:00",0.40,190.00,9.00,-0.01,9,275.00,0.18,6900,745.00,19.60,275.00,0.30,9,275.00,0.60,6089,621.00,20.00,275.00,-0.20,9,275.00,0.70,5747,728.00,18.00,275.00
"2025-04-04 01:00:00",0.80,201.00,9.00,-0.11,9,273.00,0.14,6985,663.00,20.80,273.00,0.80,9,273.00,0.70,6237,657.00,19.70,273.00,-0.20,9,273.00,0.80,6003,724.00,18.50,273.00
"2025-04-04 01:15:00",0.50,219.00,9.00,-0.10,9,276.00,0.13,6547,635.00,19.40,255.00,0.50,9,276.00,0.50,5800,573.00,19.20,255.00,0.00,9,276.00,0.80,5392,668.00,17.20,256.00
"2025-04-04 01:30:00",0.70,199.00,9.00,-0.07,9,274.00,0.15,7045,658.00,20.90,274.00,0.60,9,274.00,0.70,6283,714.00,19.10,274.00,-0.20,9,274.00,0.70,6096,728.00,18.70,274.00
"2025-04-04 01:45:00",0.30,233.00,9.00,-0.07,9,273.00,0.17,6877,634.00,21.30,273.00,0.30,9,273.00,0.60,5875,638.00,19.30,272.00,0.10,9,273.00,0.70,6156,674.00,19.30,273.00
"2025-04-04 02:00:00",0.30,217.00,9.00,-0.04,9,274.00,0.17,6848,669.00,20.50,274.00,0.30,9,274.00,0.50,6138,627.00,20.00,274.00,0.00,9,274.00,0.80,6091,659.00,19.40,271.00
"2025-04-04 02:15:00",0.70,161.00,9.00,-0.05,9,275.00,0.20,6440,684.00,18.80,256.00,0.40,9,275.00,0.70,6183,646.00,19.00,255.00,-0.60,9,275.00,0.80,5975,710.00,17.90,254.00
"2025-04-04 02:30:00",0.60,210.00,9.00,-0.11,9,274.00,0.19,6815,683.00,20.40,274.00,0.60,9,274.00,0.70,6346,666.00,19.90,273.00,-0.10,9,274.00,0.70,6340,717.00,19.20,271.00
"2025-04-04 02:45:00",0.50,225.00,9.00,-0.04,9,273.00,0.17,6853,787.00,19.10,273.00,0.50,9,273.00,0.40,6350,641.00,20.20,273.00,0.10,9,273.00,0.60,6226,690.00,19.30,273.00
"2025-04-04 03:00:00",0.50,230.00,9.00,-0.02,9,274.00,0.15,6932,713.00,20.00,273.00,0.50,9,274.00,0.60,6273,666.00,19.70,273.00,0.10,9,274.00,0.80,5920,796.00,17.60,273.00
"2025-04-04 03:15:00",0.50,211.00,9.00,-0.01,9,275.00,0.15,6434,715.00,18.40,256.00,0.50,9,275.00,0.60,5768,636.00,18.30,256.00,-0.10,9,275.00,0.60,5657,656.00,17.90,254.00
"2025-04-04 03:30:00",0.50,265.00,9.00,-0.03,9,274.00,0.16,6652,787.00,18.90,273.00,0.30,9,274.00,0.60,5912,727.00,18.30,274.00,0.30,9,274.00,0.70,6128,720.00,18.80,270.00
"2025-04-04 03:45:00",0.40,178.00,9.00,0.03,9,273.00,0.17,6856,663.00,20.60,273.00,0.30,9,273.00,0.50,5906,649.00,19.30,273.00,-0.30,9,273.00,0.70,5869,720.00,18.30,272.00
"2025-04-04 04:00:00",1.10,109.00,9.00,0.22,9,274.00,0.09,6968,757.00,19.40,273.00,-0.30,9,274.00,0.30,6303,536.00,21.60,273.00,-1.00,9,274.00,0.70,5567,727.00,17.70,274.00
"2025-04-04 04:15:00",0.40,185.00,9.00,0.02,9,275.00,0.16,6393,733.00,18.00,256.00,0.30,9,275.00,0.40,5964,549.00,19.80,254.00,-0.20,9,275.00,0.70,5206,686.00,16.70,256.00
"2025-04-04 04:30:00",0.60,188.00,9.00,-0.01,9,274.00,0.14,6740,741.00,19.30,274.00,0.50,9,274.00,0.40,5902,627.00,19.60,273.00,-0.30,9,274.00,0.80,5378,782.00,16.70,274.00
"2025-04-04 04:45:00",0.80,120.00,9.00,0.15,9,273.00,0.15,6657,818.00,18.40,273.00,-0.10,9,273.00,0.40,6174,628.00,20.00,273.00,-0.80,9,273.00,0.70,5692,767.00,17.40,272.00
"2025-04-04 05:00:00",1.20,123.00,9.00,0.13,9,273.00,0.16,6472,865.00,17.60,273.00,-0.10,9,273.00,0.40,6447,568.00,21.30,269.00,-1.20,9,273.00,0.60,5597,796.00,17.00,271.00
"2025-04-04 05:15:00",0.70,197.00,9.00,-0.08,9,276.00,0.20,5963,746.00,17.30,256.00,0.60,9,276.00,0.60,5864,578.00,19.20,256.00,-0.20,9,276.00,0.60,5598,695.00,17.30,255.00
"2025-04-04 05:30:00",0.90,211.00,9.00,-0.10,9,273.00,0.18,6780,751.00,19.40,272.00,0.90,9,273.00,0.80,6299,692.00,19.40,273.00,-0.10,9,273.00,0.70,6392,740.00,19.00,270.00
"2025-04-04 05:45:00",0.50,191.00,9.00,-0.01,9,274.00,0.17,6898,697.00,20.20,274.00,0.50,9,274.00,0.70,6301,629.00,20.30,274.00,-0.20,9,274.00,0.70,6230,695.00,19.20,269.00
"2025-04-04 06:00:00",1.00,201.00,9.00,-0.01,9,273.00,0.24,6646,870.00,17.90,272.00,0.90,9,273.00,1.10,6496,804.00,18.50,272.00,-0.30,9,273.00,1.00,6409,850.00,17.80,270.00
"2025-04-04 06:15:00",0.70,151.00,9.00,0.14,9,275.00,0.18,6286,715.00,18.30,255.00,0.30,9,275.00,0.90,6087,679.00,18.50,254.00,-0.60,9,275.00,0.80,5960,724.00,17.60,251.00
"2025-04-04 06:30:00",0.90,133.00,9.00,0.11,9,274.00,0.21,6725,751.00,19.40,274.00,0.10,9,274.00,1.10,6318,759.00,18.70,273.00,-0.90,9,274.00,0.90,6339,740.00,18.90,271.00
"2025-04-04 06:45:00",0.80,109.00,9.00,0.09,9,273.00,0.16,6781,639.00,21.00,273.00,-0.30,9,273.00,0.90,5622,739.00,17.80,268.00,-0.80,9,273.00,0.70,5922,721.00,18.60,272.00
"2025-04-04 07:00:00",0.50,121.00,9.00,-0.02,9,274.00,0.17,6665,622.00,21.00,274.00,-0.10,9,274.00,0.70,5539,662.00,18.60,270.00,-0.50,9,274.00,0.80,5784,733.00,18.30,272.00
"2025-04-04 07:15:00",0.60,111.00,9.00,0.01,9,275.00,0.21,6358,570.00,20.30,256.00,-0.20,9,275.00,0.80,5379,642.00,17.60,254.00,-0.60,9,275.00,0.80,5545,715.00,17.20,251.00
"2025-04-04 07:30:00",0.60,119.00,9.00,0.02,9,273.00,0.19,6773,610.00,21.40,273.00,-0.10,9,273.00,0.80,5806,618.00,19.60,269.00,-0.50,9,273.00,0.80,5800,700.00,18.60,268.00
"2025-04-04 07:45:00",0.30,162.00,9.00,0.06,9,274.00,0.19,6837,644.00,21.00,274.00,0.20,9,274.00,0.90,5680,661.00,18.80,273.00,-0.20,9,274.00,1.00,5668,693.00,18.40,274.00
"2025-04-04 08:00:00",0.40,156.00,9.00,-0.05,9,273.00,0.19,6628,690.00,20.00,273.00,0.20,9,273.00,0.90,5628,647.00,18.90,273.00,-0.30,9,273.00,1.00,5932,720.00,18.50,270.00
"2025-04-04 08:15:00",0.40,191.00,9.00,0.01,9,277.00,0.23,6115,699.00,18.30,254.00,0.40,9,277.00,1.50,5198,695.00,16.80,256.00,-0.20,9,277.00,1.10,5617,715.00,17.20,255.00
"2025-04-04 08:30:00",0.50,185.00,9.00,-0.04,9,274.00,0.24,6653,787.00,19.00,273.00,0.40,9,274.00,1.20,5940,765.00,18.00,274.00,-0.30,9,274.00,1.10,6206,804.00,18.10,272.00
"2025-04-04 08:45:00",0.80,182.00,9.00,-0.01,9,274.00,0.31,6641,817.00,18.60,273.00,0.70,9,274.00,1.60,6010,839.00,17.40,274.00,-0.50,9,274.00,1.10,6224,837.00,17.80,269.00
"2025-04-04 09:00:00",0.70,172.00,9.00,-0.06,9,274.00,0.27,6591,798.00,18.70,273.00,0.50,9,274.00,1.60,5997,797.00,17.80,272.00,-0.50,9,274.00,1.10,6268,822.00,18.00,269.00
"2025-04-04 09:15:00",0.60,165.00,9.00,0.03,9,276.00,0.33,6036,793.00,17.10,254.00,0.40,9,276.00,1.50,5537,802.00,16.20,255.00,-0.50,9,276.00,1.20,5627,822.00,16.20,251.00
"2025-04-04 09:30:00",0.70,177.00,9.00,-0.02,9,274.00,0.33,6554,903.00,17.60,269.00,0.50,9,274.00,1.80,6136,907.00,16.90,273.00,-0.50,9,274.00,1.50,6150,954.00,16.50,270.00
"2025-04-04 09:45:00",0.50,156.00,9.00,0.05,9,274.00,0.33,6483,882.00,17.90,269.00,0.20,9,274.00,1.60,6268,845.00,17.80,271.00,-0.40,9,274.00,1.20,6173,878.00,17.20,270.00
"2025-04-04 10:00:00",0.50,214.00,9.00,0.04,9,276.00,0.32,6477,878.00,17.70,273.00,0.50,9,276.00,1.50,6421,832.00,18.10,276.00,0.00,9,276.00,1.50,6214,864.00,17.50,275.00
"2025-04-04 10:15:00",0.80,138.00,9.00,0.02,9,278.00,0.39,5934,816.00,16.70,255.00,0.10,9,278.00,1.70,5881,791.00,16.80,258.00,-0.80,9,278.00,1.90,5688,904.00,15.60,253.00
"2025-04-04 10:30:00",1.00,100.00,9.00,0.04,9,276.00,0.43,6196,877.00,17.30,274.00,-0.50,9,276.00,1.60,6238,832.00,17.80,275.00,-0.90,9,276.00,1.60,6101,932.00,16.80,271.00
"2025-04-04 10:45:00",1.10,104.00,9.00,0.00,9,276.00,0.48,6276,942.00,16.70,275.00,-0.50,9,276.00,1.40,6266,919.00,17.10,275.00,-1.00,9,276.00,2.30,6075,1047.00,15.60,276.00
"2025-04-04 11:00:00",1.10,91.00,9.00,-0.02,9,277.00,0.27,6046,795.00,17.90,274.00,-0.60,9,277.00,1.00,6055,814.00,17.70,272.00,-0.80,9,277.00,1.40,6048,954.00,16.40,275.00
"2025-04-04 11:15:00",1.10,103.00,9.00,0.09,9,279.00,0.45,5815,934.00,15.40,256.00,-0.50,9,279.00,1.80,5834,839.00,16.30,257.00,-1.00,9,279.00,1.60,5813,913.00,15.60,254.00
"2025-04-04 11:30:00",1.00,90.00,9.00,0.00,9,276.00,0.31,6232,858.00,17.50,274.00,-0.60,9,276.00,1.30,6265,904.00,17.20,273.00,-0.80,9,276.00,1.40,6289,920.00,17.10,274.00
