"2025-04-01 00:00:00",0.40,265.00,9.00,0.01,9,274.00,0.21,2162,329.00,16.20,274.00,0.20,9,274.00,0.80,1893,253.00,17.10,273.00,0.30,9,274.00,0.50,2968,299.00,19.90,273.00
"2025-04-01 00:15:00",0.30,251.00,9.00,0.02,9,277.00,0.14,2490,302.00,17.40,252.00,0.30,9,277.00,0.60,2098,253.00,17.30,254.00,0.20,9,277.00,0.60,2401,298.00,17.10,253.00
"2025-04-01 00:30:00",0.60,268.00,9.00,-0.04,9,274.00,0.15,2457,286.00,18.60,273.00,0.40,9,274.00,0.40,2145,231.00,19.20,274.00,0.50,9,274.00,0.50,2788,303.00,19.20,273.00
"2025-04-01 00:45:00",0.80,268.00,9.00,-0.04,9,274.00,0.13,2779,287.00,19.50,274.00,0.50,9,274.00,0.30,2470,230.00,20.40,269.00,0.60,9,274.00,0.60,2594,311.00,18.30,270.00
"2025-04-01 01:00:00",0.60,270.00,9.00,-0.02,9,275.00,0.11,2671,272.00,19.50,272.00,0.40,9,275.00,0.30,2764,219.00,21.80,273.00,0.50,9,275.00,0.60,2233,288.00,17.60,271.00
"2025-04-01 01:15:00",0.20,1.00,9.00,0.06,9,276.00,0.14,2253,282.00,17.00,257.00,-0.20,9,276.00,0.40,2199,231.00,18.40,255.00,0.10,9,276.00,0.60,2066,237.00,17.60,256.00
"2025-04-01 01:30:00",0.70,43.00,9.00,0.10,9,274.00,0.16,2267,284.00,17.80,273.00,-0.70,9,274.00,0.60,1602,255.00,15.70,272.00,-0.10,9,274.00,0.60,2271,243.00,19.20,271.00
"2025-04-01 01:45:00",0.60,42.00,9.00,0.09,9,275.00,0.17,2282,274.00,18.20,275.00,-0.60,9,275.00,0.70,1537,244.00,15.70,274.00,0.00,9,275.00,0.50,2459,232.00,20.20,275.00
"2025-04-01 02:00:00",0.50,51.00,9.00,0.10,9,274.00,0.17,1912,272.00,16.60,273.00,-0.50,9,274.00,0.40,1671,232.00,16.90,271.00,-0.10,9,274.00,0.40,2798,234.00,21.40,274.00
"2025-04-01 02:15:00",0.60,44.00,9.00,0.11,9,277.00,0.16,1670,259.00,15.30,257.00,-0.60,9,277.00,0.50,1443,223.00,15.40,257.00,-0.10,9,277.00,0.30,2802,220.00,20.90,257.00
"2025-04-01 02:30:00",0.90,49.00,9.00,0.14,9,274.00,0.15,1968,289.00,16.50,274.00,-0.90,9,274.00,0.40,1788,244.00,17.20,270.00,-0.20,9,274.00,0.30,2838,249.00,21.00,274.00
"2025-04-01 02:45:00",0.90,52.00,9.00,0.19,9,274.00,0.14,2307,290.00,17.80,273.00,-0.90,9,274.00,0.50,1853,270.00,16.60,272.00,-0.20,9,274.00,0.30,2723,275.00,19.80,273.00
"2025-04-01 03:00:00",0.40,34.00,9.00,0.10,9,275.00,0.18,2341,293.00,18.00,274.00,-0.40,9,275.00,0.40,2338,234.00,19.80,273.00,0.00,9,275.00,0.30,2827,243.00,21.20,275.00
"2025-04-01 03:15:00",0.40,273.00,9.00,0.02,9,276.00,0.13,2454,266.00,18.20,257.00,0.20,9,276.00,0.30,2560,205.00,20.60,257.00,0.30,9,276.00,0.40,2157,240.00,18.00,256.00
"2025-04-01 03:30:00",0.90,246.00,9.00,-0.04,9,274.00,0.13,2703,283.00,19.20,273.00,0.80,9,274.00,0.40,2259,213.00,20.30,269.00,0.40,9,274.00,0.70,2043,271.00,17.40,274.00
"2025-04-01 03:45:00",0.70,275.00,9.00,-0.06,9,275.00,0.11,3201,303.00,20.20,274.00,0.40,9,275.00,0.70,1936,206.00,19.10,274.00,0.60,9,275.00,0.60,2126,250.00,18.40,274.00
"2025-04-01 04:00:00",0.40,261.00,9.00,-0.08,9,274.00,0.13,3346,275.00,21.30,274.00,0.30,9,274.00,0.60,1588,213.00,17.30,274.00,0.30,9,274.00,0.50,2172,215.00,19.90,274.00
"2025-04-01 04:15:00",0.00,39.00,9.00,-0.04,9,277.00,0.13,2698,274.00,18.60,256.00,0.00,9,277.00,0.80,1331,224.00,14.50,255.00,0.00,9,277.00,0.40,2692,244.00,19.70,257.00
"2025-04-01 04:30:00",0.30,172.00,9.00,-0.05,9,273.00,0.12,3131,290.00,20.50,272.00,0.20,9,273.00,0.90,1781,262.00,16.00,272.00,-0.20,9,273.00,0.30,3002,251.00,21.50,272.00
"2025-04-01 04:45:00",1.10,88.00,9.00,0.16,9,273.00,0.10,2998,277.00,20.30,269.00,-0.70,9,273.00,0.30,3392,291.00,21.10,269.00,-0.80,9,273.00,0.60,2174,252.00,18.50,273.00
"2025-04-01 05:00:00",0.20,199.00,9.00,0.04,9,274.00,0.07,3635,279.00,22.20,274.00,0.10,9,274.00,0.60,1873,228.00,18.00,274.00,-0.10,9,274.00,0.30,3106,249.00,21.80,271.00
"2025-04-01 05:15:00",0.20,334.00,9.00,0.02,9,275.00,0.12,2364,280.00,17.40,254.00,-0.10,9,275.00,0.30,2656,200.00,21.30,255.00,0.20,9,275.00,0.30,2458,210.00,20.00,255.00
"2025-04-01 05:30:00",0.90,74.00,9.00,0.16,9,274.00,0.18,2124,300.00,16.80,273.00,-0.70,9,274.00,0.20,2567,219.00,21.40,274.00,-0.50,9,274.00,0.40,2509,227.00,21.00,273.00
"2025-04-01 05:45:00",0.70,297.00,9.00,-0.05,9,273.00,0.17,1970,295.00,16.40,273.00,0.10,9,273.00,0.20,2674,209.00,22.00,273.00,0.70,9,273.00,0.50,1993,202.00,19.60,272.00
"2025-04-01 06:00:00",0.40,296.00,9.00,-0.05,9,274.00,0.17,2595,273.00,19.30,274.00,0.10,9,274.00,0.30,2964,227.00,21.90,271.00,0.40,9,274.00,0.50,1962,218.00,18.90,272.00
"2025-04-01 06:15:00",0.10,298.00,9.00,-0.04,9,275.00,0.14,2647,280.00,18.30,254.00,0.00,9,275.00,0.40,2284,216.00,19.10,253.00,0.10,9,275.00,0.50,1984,212.00,18.20,255.00
"2025-04-01 06:30:00",0.50,328.00,9.00,-0.04,9,273.00,0.11,3075,268.00,21.00,273.00,-0.20,9,273.00,0.30,3114,228.00,22.50,272.00,0.40,9,273.00,0.40,2057,223.00,19.10,273.00
"2025-04-01 06:45:00",0.70,13.00,9.00,0.01,9,274.00,0.12,2742,316.00,18.60,271.00,-0.60,9,274.00,0.60,2027,260.00,17.30,270.00,0.30,9,274.00,0.60,2001,226.00,19.00,271.00
"2025-04-01 07:00:00",0.30,275.00,9.00,-0.03,9,273.00,0.17,2560,330.00,18.00,270.00,0.20,9,273.00,0.70,1947,262.00,17.40,273.00,0.30,9,273.00,0.50,2064,246.00,18.60,269.00
"2025-04-01 07:15:00",0.30,226.00,9.00,0.02,9,276.00,0.19,2321,283.00,17.20,256.00,0.30,9,276.00,0.80,1765,231.00,16.60,256.00,0.00,9,276.00,0.60,1903,206.00,18.10,256.00
"2025-04-01 07:30:00",0.20,263.00,9.00,-0.01,9,274.00,0.18,2501,324.00,17.60,273.00,0.20,9,274.00,0.80,1993,259.00,17.30,274.00,0.20,9,274.00,0.60,2362,231.00,20.00,271.00
"2025-04-01 07:45:00",0.30,328.00,9.00,0.08,9,274.00,0.19,2564,325.00,17.80,273.00,-0.10,9,274.00,0.90,1904,258.00,17.10,273.00,0.30,9,274.00,0.90,2347,271.00,18.70,270.00
"2025-04-01 08:00:00",0.10,259.00,9.00,0.03,9,274.00,0.21,2804,330.00,18.30,273.00,0.10,9,274.00,1.00,2271,296.00,17.30,274.00,0.10,9,274.00,0.80,2275,257.00,18.80,271.00
"2025-04-01 08:15:00",0.20,276.00,9.00,0.03,9,277.00,0.20,2588,350.00,16.50,256.00,0.10,9,277.00,0.90,2265,306.00,16.30,255.00,0.20,9,277.00,0.90,2364,297.00,17.10,256.00
"2025-04-01 08:30:00",0.20,164.00,9.00,-0.07,9,274.00,0.22,2774,321.00,18.60,268.00,0.10,9,274.00,0.90,2127,260.00,18.10,272.00,-0.20,9,274.00,1.00,2285,265.00,18.70,269.00
"2025-04-01 08:45:00",0.30,8.00,9.00,0.12,9,274.00,0.32,2781,375.00,17.30,273.00,-0.20,9,274.00,1.60,2635,329.00,17.70,272.00,0.10,9,274.00,1.40,2520,338.00,17.60,272.00
"2025-04-01 09:00:00",0.30,29.00,9.00,0.01,9,274.00,0.17,2477,294.00,18.20,273.00,-0.30,9,274.00,0.80,1918,243.00,17.70,273.00,0.10,9,274.00,0.70,2150,240.00,18.80,269.00
"2025-04-01 09:15:00",0.20,25.00,9.00,-0.04,9,277.00,0.18,2327,275.00,17.40,257.00,-0.20,9,277.00,0.60,1801,224.00,17.00,253.00,0.00,9,277.00,0.60,2105,222.00,18.20,256.00
"2025-04-01 09:30:00",0.50,356.00,9.00,0.04,9,273.00,0.26,2751,374.00,17.20,269.00,-0.40,9,273.00,1.00,2294,304.00,17.30,272.00,0.30,9,273.00,1.10,2604,343.00,17.80,267.00
"2025-04-01 09:45:00",0.50,14.00,9.00,0.02,9,274.00,0.24,2630,326.00,17.90,273.00,-0.40,9,274.00,1.20,2202,269.00,18.00,274.00,0.20,9,274.00,1.00,2245,276.00,18.00,274.00
"2025-04-01 10:00:00",0.80,21.00,9.00,0.02,2,274.00,0.26,2694,334.00,18.10,270.00,-0.70,2,274.00,1.20,2091,285.00,17.10,269.00,0.20,2,274.00,1.00,2205,276.00,18.10,269.00
"2025-04-01 10:15:00",0.40,341.00,9.00,0.08,9,276.00,0.26,2287,336.00,15.90,253.00,-0.20,9,276.00,1.40,1909,290.00,15.50,254.00,0.40,9,276.00,1.30,1981,317.00,15.40,251.00
"2025-04-01 10:30:00",0.40,289.00,9.00,-0.01,9,275.00,0.28,2357,345.00,16.60,273.00,0.10,9,275.00,1.60,1874,310.00,15.70,270.00,0.40,9,275.00,1.00,1939,294.00,16.50,270.00
"2025-04-01 10:45:00",0.40,276.00,9.00,0.02,9,276.00,0.24,2470,353.00,16.90,270.00,0.20,9,276.00,1.40,1833,309.00,15.50,271.00,0.40,9,276.00,1.10,2095,314.00,16.70,271.00
"2025-04-01 11:00:00",0.40,280.00,9.00,0.02,9,275.00,0.28,2406,344.00,16.90,270.00,0.20,9,275.00,1.60,1842,305.00,15.70,269.00,0.30,9,275.00,0.90,2086,299.00,17.00,270.00
"2025-04-01 11:15:00",0.90,269.00,9.00,-0.03,2,278.00,0.33,2318,348.00,15.70,253.00,0.60,2,278.00,1.70,1967,312.00,15.20,254.00,0.70,2,278.00,1.20,2023,320.00,15.30,253.00
"2025-04-01 11:30:00",0.90,299.00,9.00,-0.09,9,276.00,0.38,2601,382.00,16.70,271.00,0.20,9,276.00,1.80,2181,336.00,16.40,271.00,0.90,9,276.00,1.40,2289,339.00,16.90,271.00
"2025-04-01 11:45:00",0.80,318.00,9.00,0.03,9,276.00,0.37,2586,390.00,16.60,272.00,-0.10,9,276.00,1.80,2101,333.00,16.00,272.00,0.80,9,276.00,1.80,2205,354.00,16.20,271.00
"2025-04-01 12:00:00",0.80,279.00,9.00,0.06,9,276.00,0.32,2495,346.00,17.20,271.00,0.40,9,276.00,1.80,2095,320.00,16.40,270.00,0.70,9,276.00,1.90,2081,346.00,16.00,271.00
"2025-04-01 12:15:00",0.40,279.00,9.00,0.00,9,278.00,0.32,2154,344.00,15.10,253.00,0.20,9,278.00,1.40,1739,295.00,14.70,254.00,0.40,9,278.00,1.00,1892,312.00,15.10,254.00
"2025-04-01 12:30:00",0.50,273.00,9.00,0.00,9,275.00,0.21,2318,322.00,17.10,271.00,0.30,9,275.00,1.40,1760,287.00,16.00,269.00,0.40,9,275.00,0.90,1882,280.00,16.70,270.00
"2025-04-01 12:45:00",0.10,241.00,9.00,0.06,9,276.00,0.23,2173,339.00,16.20,269.00,0.10,9,276.00,1.30,1662,283.00,15.50,270.00,0.00,9,276.00,0.80,1875,309.00,15.80,271.00
"2025-04-01 13:00:00",0.30,234.00,9.00,0.03,9,276.00,0.20,2249,300.00,17.30,271.00,0.30,9,276.00,1.20,1582,255.00,15.90,271.00,0.10,9,276.00,0.70,2063,265.00,17.80,271.00
"2025-04-01 13:15:00",0.20,281.00,9.00,0.05,9,278.00,0.23,2065,292.00,16.10,253.00,0.10,9,278.00,1.10,1509,250.00,14.90,252.00,0.10,9,278.00,0.80,1820,262.00,16.10,253.00
"2025-04-01 13:30:00",0.50,272.00,9.00,0.02,9,276.00,0.26,2366,362.00,16.50,270.00,0.30,9,276.00,1.90,1714,307.00,15.20,271.00,0.40,9,276.00,1.30,2018,329.00,16.00,271.00
"2025-04-01 13:45:00",0.20,254.00,9.00,0.02,9,275.00,0.21,2141,292.00,17.20,270.00,0.20,9,275.00,0.90,1487,237.00,16.10,270.00,0.10,9,275.00,0.70,1797,253.00,17.00,270.00
"2025-04-01 14:00:00",0.30,247.00,9.00,0.03,9,276.00,0.22,2359,311.00,17.50,273.00,0.20,9,276.00,1.20,1704,263.00,16.20,271.00,0.10,9,276.00,0.80,2060,269.00,17.70,273.00
"2025-04-01 14:15:00",0.10,294.00,9.00,0.04,9,278.00,0.22,2067,301.00,15.90,253.00,0.00,9,278.00,1.30,1654,261.00,15.30,253.00,0.10,9,278.00,0.70,1911,258.00,16.70,253.00
"2025-04-01 14:30:00",0.40,256.00,9.00,0.04,9,276.00,0.26,2367,345.00,16.80,271.00,0.30,9,276.00,1.40,1902,307.00,15.90,271.00,0.20,9,276.00,0.90,1954,310.00,16.30,271.00
"2025-04-01 14:45:00",0.70,277.00,9.00,-0.02,9,276.00,0.24,2163,331.00,16.40,269.00,0.40,9,276.00,2.00,1717,305.00,15.30,271.00,0.60,9,276.00,1.40,1786,308.00,15.60,268.00
"2025-04-01 15:00:00",1.10,284.00,9.00,0.05,2,276.00,0.48,2383,418.00,15.40,271.00,0.50,2,276.00,2.40,1978,386.00,14.50,270.00,1.00,2,276.00,2.70,1893,378.00,14.30,270.00
"2025-04-01 15:15:00",0.90,274.00,9.00,-0.01,2,279.00,0.29,2176,338.00,15.50,254.00,0.50,2,279.00,1.40,1644,284.00,14.70,253.00,0.80,2,279.00,1.90,1829,330.00,14.40,252.00
"2025-04-01 15:30:00",0.70,280.00,9.00,0.00,2,276.00,0.24,2264,351.00,16.30,270.00,0.30,2,276.00,1.90,1750,322.00,14.90,270.00,0.70,2,276.00,2.00,1801,320.00,15.20,271.00
"2025-04-01 15:45:00",0.30,240.00,9.00,0.01,9,277.00,0.25,2144,317.00,16.70,272.00,0.30,9,277.00,1.30,1630,259.00,16.10,272.00,0.10,9,277.00,0.90,1830,279.00,16.60,272.00
"2025-04-01 16:00:00",0.10,248.00,9.00,0.03,9,276.00,0.21,2116,295.00,17.10,271.00,0.10,9,276.00,1.00,1570,255.00,15.80,270.00,0.10,9,276.00,0.70,1757,258.00,16.60,270.00
"2025-04-01 16:15:00",0.20,239.00,9.00,0.02,2,277.00,0.20,1841,277.00,15.60,253.00,0.20,2,277.00,0.80,1364,240.00,14.50,253.00,0.10,2,277.00,0.60,1644,249.00,15.70,254.00
"2025-04-01 16:30:00",0.20,214.00,9.00,0.03,9,276.00,0.22,1996,277.00,17.00,273.00,0.20,9,276.00,1.00,1527,243.00,16.10,271.00,0.00,9,276.00,0.60,1676,249.00,16.60,272.00
"2025-04-01 16:45:00",0.20,208.00,9.00,0.04,9,276.00,0.17,1927,262.00,17.20,276.00,0.10,9,276.00,0.90,1444,225.00,16.10,271.00,0.00,9,276.00,0.70,1704,230.00,17.20,276.00
"2025-04-01 17:00:00",0.20,222.00,9.00,0.04,2,276.00,0.18,2042,256.00,17.80,275.00,0.20,2,276.00,0.80,1413,225.00,16.10,268.00,0.00,2,276.00,0.70,1672,222.00,17.40,276.00
"2025-04-01 17:15:00",0.10,89.00,9.00,0.07,9,277.00,0.18,1819,255.00,16.10,256.00,-0.10,9,277.00,0.80,1327,218.00,15.00,253.00,-0.10,9,277.00,0.60,1617,227.00,16.20,254.00
"2025-04-01 17:30:00",0.20,235.00,9.00,0.04,9,276.00,0.17,1977,255.00,17.60,274.00,0.20,9,276.00,0.70,1442,202.00,16.80,276.00,0.10,9,276.00,0.60,1707,223.00,17.50,276.00
"2025-04-01 17:45:00",0.10,156.00,9.00,0.07,9,276.00,0.18,2080,264.00,17.80,273.00,0.00,9,276.00,0.80,1450,214.00,16.60,274.00,0.00,9,276.00,0.60,1772,231.00,17.70,273.00
"2025-04-01 18:00:00",0.10,240.00,9.00,0.07,9,276.00,0.19,1978,255.00,17.60,274.00,0.10,9,276.00,0.60,1461,197.00,17.20,272.00,0.00,9,276.00,0.60,1798,208.00,18.50,274.00
"2025-04-01 18:15:00",0.20,142.00,9.00,0.12,9,277.00,0.17,1820,246.00,16.40,258.00,0.00,9,277.00,0.60,1439,184.00,16.90,256.00,-0.10,9,277.00,0.60,1742,193.00,18.00,258.00
"2025-04-01 18:30:00",0.20,163.00,9.00,0.10,9,274.00,0.19,1927,284.00,16.50,272.00,0.10,9,274.00,0.60,1415,215.00,16.30,267.00,-0.10,9,274.00,0.60,1751,225.00,17.70,274.00
"2025-04-01 18:45:00",0.20,236.00,9.00,0.06,9,274.00,0.19,1942,259.00,17.20,274.00,0.20,9,274.00,0.70,1468,191.00,17.40,270.00,0.10,9,274.00,0.60,1915,203.00,19.20,273.00
"2025-04-01 19:00:00",0.20,175.00,9.00,0.11,9,274.00,0.20,2017,269.00,17.20,273.00,0.10,9,274.00,0.60,1568,200.00,17.60,274.00,-0.10,9,274.00,0.50,1993,208.00,19.40,274.00
"2025-04-01 19:15:00",0.20,213.00,9.00,0.05,9,276.00,0.21,1876,279.00,15.60,255.00,0.20,9,276.00,0.60,1419,197.00,16.10,256.00,0.00,9,276.00,0.60,1893,218.00,17.80,256.00
"2025-04-01 19:30:00",0.20,213.00,9.00,0.05,9,274.00,0.19,2153,276.00,17.50,269.00,0.20,9,274.00,0.80,1450,208.00,16.60,272.00,0.00,9,274.00,0.50,1995,216.00,19.00,271.00
"2025-04-01 19:45:00",0.30,261.00,9.00,0.03,9,274.00,0.19,2016,266.00,17.30,274.00,0.20,9,274.00,0.70,1509,201.00,17.20,270.00,0.20,9,274.00,0.60,1943,207.00,19.10,274.00
"2025-04-01 20:00:00",0.00,168.00,9.00,0.06,9,274.00,0.20,1899,272.00,16.60,273.00,0.00,9,274.00,0.60,1503,196.00,17.40,274.00,0.00,9,274.00,0.50,1960,200.00,19.50,274.00
"2025-04-01 20:15:00",0.20,213.00,9.00,0.03,9,276.00,0.20,1933,263.00,16.20,254.00,0.20,9,276.00,0.60,1401,186.00,16.40,257.00,0.00,9,276.00,0.50,1978,187.00,19.20,257.00
"2025-04-01 20:30:00",0.20,222.00,9.00,0.04,9,274.00,0.18,1953,271.00,16.90,272.00,0.20,9,274.00,0.70,1535,200.00,17.50,272.00,0.00,9,274.00,0.50,1832,208.00,18.70,272.00
"2025-04-01 20:45:00",0.40,243.00,9.00,0.01,9,274.00,0.18,2296,316.00,17.40,269.00,0.40,9,274.00,0.70,1563,228.00,16.80,267.00,0.20,9,274.00,0.60,1999,259.00,18.20,269.00
"2025-04-01 21:00:00",0.20,286.00,9.00,0.02,9,273.00,0.17,2042,269.00,17.40,272.00,0.10,9,273.00,0.70,1431,225.00,15.90,270.00,0.20,9,273.00,0.60,1864,238.00,17.70,272.00
"2025-04-01 21:15:00",0.30,277.00,9.00,0.02,9,277.00,0.20,1898,273.00,15.80,255.00,0.20,9,277.00,0.60,1454,230.00,15.00,252.00,0.30,9,277.00,0.60,1754,244.00,16.10,255.00
"2025-04-01 21:30:00",0.70,250.00,9.00,0.02,9,274.00,0.20,2246,333.00,16.40,269.00,0.60,9,274.00,1.10,1696,282.00,15.50,272.00,0.40,9,274.00,0.70,1960,316.00,15.90,268.00
"2025-04-01 21:45:00",0.90,260.00,9.00,0.01,9,274.00,0.24,2295,323.00,16.90,269.00,0.70,9,274.00,1.40,1756,277.00,16.10,270.00,0.60,9,274.00,0.90,2072,310.00,16.60,269.00
"2025-04-01 22:00:00",0.40,281.00,9.00,0.04,9,273.00,0.22,2205,313.00,16.80,269.00,0.20,9,273.00,0.90,1666,243.00,16.60,267.00,0.40,9,273.00,0.70,2054,282.00,17.30,270.00
"2025-04-01 22:15:00",0.30,260.00,9.00,0.02,9,277.00,0.18,2143,324.00,15.80,251.00,0.20,9,277.00,1.00,1582,264.00,15.10,250.00,0.20,9,277.00,0.70,1858,265.00,16.30,256.00
"2025-04-01 22:30:00",0.40,256.00,9.00,0.01,9,273.00,0.21,2138,290.00,17.10,273.00,0.30,9,273.00,1.00,1553,220.00,16.80,268.00,0.30,9,273.00,0.70,1958,235.00,18.40,272.00
"2025-04-01 22:45:00",0.40,258.00,9.00,0.02,9,275.00,0.21,2236,299.00,17.20,273.00,0.30,9,275.00,0.90,1707,245.00,16.70,269.00,0.30,9,275.00,0.70,1974,244.00,18.00,274.00
"2025-04-01 23:00:00",0.40,261.00,9.00,-0.02,9,274.00,0.20,2178,309.00,16.80,269.00,0.30,9,274.00,0.80,1573,237.00,16.30,271.00,0.30,9,274.00,0.70,1921,262.00,17.30,269.00
"2025-04-01 23:15:00",0.40,267.00,9.00,-0.03,9,276.00,0.22,1916,278.00,15.90,254.00,0.20,9,276.00,0.80,1446,219.00,15.60,252.00,0.30,9,276.00,0.70,1874,211.00,17.90,257.00
"2025-04-01 23:30:00",0.50,243.00,9.00,-0.03,9,273.00,0.18,2211,327.00,16.60,271.00,0.50,9,273.00,1.10,1503,245.00,15.70,267.00,0.20,9,273.00,0.60,2151,258.00,18.40,272.00
"2025-04-01 23:45:00",0.50,263.00,9.00,-0.05,9,274.00,0.20,2119,267.00,17.70,271.00,0.40,9,274.00,0.80,1487,210.00,16.80,270.00,0.40,9,274.00,0.60,1878,218.00,18.50,270.00
"2025-04-02 00:00:00",0.10,235.00,9.00,0.02,9,274.00,0.17,2233,306.00,17.30,274.00,0.10,9,274.00,0.70,1489,217.00,16.60,270.00,0.00,9,274.00,0.60,1813,245.00,17.40,273.00
"2025-04-02 00:15:00",0.40,278.00,9.00,-0.02,9,277.00,0.17,2057,261.00,16.90,257.00,0.20,9,277.00,0.80,1389,207.00,15.60,254.00,0.30,9,277.00,0.60,1786,219.00,17.10,255.00
"2025-04-02 00:30:00",0.40,269.00,9.00,-0.02,9,274.00,0.18,2137,268.00,17.70,273.00,0.20,9,274.00,0.70,1530,201.00,17.30,273.00,0.30,9,274.00,0.70,1813,215.00,18.30,273.00
"2025-04-02 00:45:00",0.40,247.00,9.00,-0.03,9,274.00,0.18,2138,300.00,17.10,273.00,0.40,9,274.00,0.70,1487,216.00,16.50,270.00,0.20,9,274.00,0.60,1851,239.00,17.80,274.00
"2025-04-02 01:00:00",0.40,257.00,9.00,-0.02,9,275.00,0.19,2121,272.00,17.60,274.00,0.30,9,275.00,0.70,1474,207.00,16.80,273.00,0.20,9,275.00,0.60,1921,222.00,18.60,273.00
"2025-04-02 01:15:00",0.30,313.00,9.00,-0.04,9,276.00,0.17,2304,506.00,13.50,229.00,0.00,9,276.00,3.00,1655,476.00,11.40,193.00,0.30,9,276.00,0.70,1917,540.00,11.80,202.00
"2025-04-02 01:30:00",0.40,284.00,9.00,-0.01,9,274.00,0.20,2713,444.00,15.80,271.00,0.20,9,274.00,0.90,1945,414.00,13.80,255.00,0.30,9,274.00,1.10,2161,459.00,14.00,261.00
"2025-04-02 01:45:00",0.80,255.00,9.00,-0.05,9,274.00,0.22,2417,506.00,13.70,255.00,0.60,9,274.00,1.50,1961,499.00,12.10,232.00,0.50,9,274.00,0.90,2324,510.00,13.60,248.00
"2025-04-02 02:00:00",0.70,233.00,9.00,-0.01,9,274.00,0.21,2456,346.00,17.00,271.00,0.60,9,274.00,1.20,1788,291.00,15.80,271.00,0.20,9,274.00,0.60,2530,319.00,18.20,271.00
"2025-04-02 02:15:00",0.90,240.00,9.00,0.00,9,277.00,0.22,2423,323.00,16.50,255.00,0.80,9,277.00,1.40,1710,291.00,14.60,252.00,0.30,9,277.00,0.90,2314,302.00,16.90,252.00
"2025-04-02 02:30:00",0.80,233.00,9.00,0.02,9,274.00,0.22,2723,352.00,17.60,273.00,0.80,9,274.00,1.60,1948,328.00,15.70,269.00,0.20,9,274.00,0.80,2377,325.00,17.40,270.00
"2025-04-02 02:45:00",0.80,237.00,9.00,0.01,9,274.00,0.19,2883,423.00,16.80,271.00,0.80,9,274.00,1.30,2065,420.00,14.20,260.00,0.30,9,274.00,0.70,2487,424.00,16.00,253.00
"2025-04-02 03:00:00",1.20,256.00,9.00,-0.07,9,275.00,0.28,2858,583.00,13.80,270.00,1.00,9,275.00,1.20,2251,568.00,11.80,247.00,0.80,9,275.00,1.00,2539,625.00,12.20,254.00
"2025-04-02 03:15:00",1.20,256.00,9.00,-0.06,9,277.00,0.23,2858,442.00,15.80,253.00,1.00,9,277.00,1.00,2236,411.00,14.40,249.00,0.80,9,277.00,0.80,2587,435.00,15.30,251.00
"2025-04-02 03:30:00",1.10,260.00,9.00,-0.05,9,274.00,0.18,3037,386.00,17.70,271.00,0.80,9,274.00,1.10,2524,385.00,16.40,269.00,0.70,9,274.00,0.80,2842,369.00,18.00,270.00
"2025-04-02 03:45:00",1.10,235.00,9.00,-0.03,9,275.00,0.17,3320,374.00,18.70,271.00,1.00,9,275.00,1.10,2505,322.00,17.80,270.00,0.30,9,275.00,0.70,2719,311.00,18.70,270.00
"2025-04-02 04:00:00",1.40,243.00,9.00,-0.04,9,274.00,0.20,3466,407.00,18.40,270.00,1.20,9,274.00,1.10,2750,335.00,18.00,273.00,0.60,9,274.00,0.70,3269,323.00,20.10,271.00
"2025-04-02 04:15:00",1.00,252.00,9.00,-0.03,9,276.00,0.20,3230,343.00,18.20,256.00,0.90,9,276.00,1.10,2457,345.00,16.10,257.00,0.60,9,276.00,0.80,2611,297.00,17.80,257.00
"2025-04-02 04:30:00",0.70,261.00,9.00,-0.02,9,274.00,0.20,3267,382.00,18.50,273.00,0.50,9,274.00,0.90,2776,343.00,18.10,274.00,0.50,9,274.00,0.90,2603,317.00,18.20,270.00
"2025-04-02 04:45:00",0.20,1.00,9.00,0.03,9,274.00,0.15,3274,348.00,19.20,271.00,-0.20,9,274.00,0.70,2237,288.00,17.60,272.00,0.10,9,274.00,0.60,2188,240.00,19.10,272.00
"2025-04-02 05:00:00",0.30,330.00,9.00,0.04,9,273.00,0.18,2861,352.00,18.00,271.00,-0.10,9,273.00,0.80,2337,293.00,17.80,273.00,0.30,9,273.00,0.70,2363,248.00,19.40,273.00
"2025-04-02 05:15:00",0.40,344.00,9.00,0.05,9,276.00,0.17,3125,331.00,18.30,256.00,-0.20,9,276.00,0.90,2198,281.00,16.80,253.00,0.30,9,276.00,0.60,2319,241.00,18.30,256.00
"2025-04-02 05:30:00",0.40,54.00,9.00,0.17,9,273.00,0.14,3559,339.00,20.00,272.00,-0.40,9,273.00,0.70,2125,267.00,17.80,273.00,-0.10,9,273.00,0.70,2087,246.00,18.20,273.00
"2025-04-02 05:45:00",0.10,18.00,9.00,0.06,9,274.00,0.13,3676,348.00,20.30,274.00,-0.10,9,274.00,0.70,2250,264.00,18.30,274.00,0.00,9,274.00,0.70,1868,246.00,17.20,274.00
"2025-04-02 06:00:00",0.30,333.00,9.00,0.07,9,273.00,0.17,3529,386.00,19.20,273.00,-0.10,9,273.00,0.70,2366,285.00,18.10,273.00,0.20,9,273.00,0.70,2028,259.00,17.60,272.00
"2025-04-02 06:15:00",0.60,345.00,9.00,0.06,9,276.00,0.20,3181,338.00,18.30,254.00,-0.30,9,276.00,0.70,2539,293.00,17.60,256.00,0.50,9,276.00,0.80,2257,259.00,17.60,254.00
"2025-04-02 06:30:00",0.40,23.00,9.00,0.03,9,273.00,0.14,3610,318.00,20.70,272.00,-0.40,9,273.00,0.70,2341,278.00,18.20,273.00,0.10,9,273.00,0.60,2421,242.00,19.80,273.00
"2025-04-02 06:45:00",0.40,310.00,9.00,-0.03,9,273.00,0.14,3650,334.00,20.50,271.00,0.00,9,273.00,0.80,2223,268.00,18.10,273.00,0.40,9,273.00,0.60,2375,240.00,19.60,273.00
"2025-04-02 07:00:00",0.20,311.00,9.00,-0.06,9,274.00,0.15,3475,335.00,19.90,274.00,0.00,9,274.00,1.00,1901,267.00,16.90,274.00,0.20,9,274.00,0.50,2445,274.00,18.80,273.00
"2025-04-02 07:15:00",0.40,295.00,9.00,-0.01,9,275.00,0.16,2996,308.00,18.50,256.00,0.10,9,275.00,0.70,2099,265.00,16.80,256.00,0.40,9,275.00,0.80,2419,274.00,17.90,254.00
"2025-04-02 07:30:00",0.70,284.00,9.00,-0.12,9,274.00,0.16,3091,455.00,16.60,271.00,0.30,9,274.00,0.90,1919,400.00,13.50,264.00,0.60,9,274.00,0.70,2750,439.00,16.10,272.00
"2025-04-02 07:45:00",0.80,264.00,9.00,-0.10,9,275.00,0.18,3294,323.00,19.80,275.00,0.50,9,275.00,0.70,2079,248.00,18.00,271.00,0.60,9,275.00,0.50,2564,280.00,19.00,275.00
"2025-04-02 08:00:00",0.90,250.00,9.00,-0.18,9,274.00,0.11,2857,335.00,18.50,274.00,0.70,9,274.00,0.50,1533,224.00,16.30,267.00,0.50,9,274.00,0.50,2319,251.00,19.20,273.00
"2025-04-02 08:15:00",0.50,267.00,9.00,-0.16,9,275.00,0.14,2735,281.00,18.80,255.00,0.30,9,275.00,0.60,1454,216.00,15.50,255.00,0.40,9,275.00,0.50,2199,215.00,19.00,256.00
"2025-04-02 08:30:00",0.30,150.00,9.00,-0.01,9,275.00,0.19,2798,314.00,18.80,275.00,0.10,9,275.00,0.90,1866,241.00,17.40,275.00,-0.30,9,275.00,0.60,2253,250.00,18.90,271.00
"2025-04-02 08:45:00",0.10,107.00,9.00,-0.05,9,274.00,0.18,2446,347.00,17.40,266.00,-0.10,9,274.00,0.70,1663,241.00,16.90,265.00,-0.10,9,274.00,0.70,2064,269.00,17.90,268.00
"2025-04-02 09:00:00",0.40,103.00,9.00,-0.04,9,274.00,0.19,2346,300.00,17.70,271.00,-0.20,9,274.00,0.80,1870,244.00,17.70,265.00,-0.30,9,274.00,0.80,2004,261.00,17.60,272.00
"2025-04-02 09:15:00",0.20,320.00,9.00,-0.06,9,276.00,0.20,2120,390.00,14.30,249.00,0.00,9,276.00,1.00,1692,346.00,13.60,231.00,0.20,9,276.00,0.80,1830,361.00,14.00,240.00
"2025-04-02 09:30:00",0.70,237.00,9.00,-0.08,9,274.00,0.20,2478,516.00,13.60,260.00,0.60,9,274.00,1.10,1751,520.00,10.70,218.00,0.20,9,274.00,0.60,2138,564.00,11.80,235.00
"2025-04-02 09:45:00",0.80,236.00,9.00,-0.02,9,274.00,0.22,2540,380.00,16.40,271.00,0.80,9,274.00,1.30,1907,367.00,14.50,268.00,0.20,9,274.00,0.80,2212,330.00,16.70,268.00
"2025-04-02 10:00:00",0.30,220.00,9.00,0.00,2,274.00,0.20,2499,334.00,17.40,271.00,0.30,2,274.00,0.90,1700,256.00,16.40,272.00,0.00,2,274.00,0.70,2100,273.00,17.70,270.00
"2025-04-02 10:15:00",0.20,201.00,9.00,0.00,9,276.00,0.17,2423,302.00,17.40,252.00,0.20,9,276.00,0.70,1592,228.00,16.30,252.00,-0.10,9,276.00,0.70,1922,236.00,17.60,256.00
"2025-04-02 10:30:00",0.20,202.00,9.00,-0.04,9,274.00,0.18,2272,284.00,17.80,273.00,0.20,9,274.00,0.60,1626,201.00,17.80,272.00,0.00,9,274.00,0.60,1949,224.00,18.50,274.00
"2025-04-02 10:45:00",0.10,185.00,9.00,-0.04,9,275.00,0.16,2491,291.00,18.30,274.00,0.10,9,275.00,0.60,1613,207.00,17.50,271.00,-0.10,9,275.00,0.60,2001,220.00,18.90,274.00
"2025-04-02 11:00:00",0.20,227.00,9.00,0.03,9,274.00,0.19,2522,312.00,18.10,268.00,0.20,9,274.00,0.90,1773,251.00,16.90,268.00,0.00,9,274.00,0.90,1888,254.00,17.50,269.00
"2025-04-02 11:15:00",0.30,13.00,9.00,0.00,9,276.00,0.25,2294,332.00,15.90,252.00,-0.20,9,276.00,1.30,1928,289.00,15.50,254.00,0.10,9,276.00,1.10,1870,272.00,16.00,250.00
"2025-04-02 11:30:00",0.40,207.00,9.00,0.11,9,274.00,0.29,2457,369.00,16.40,269.00,0.30,9,274.00,1.70,1928,324.00,15.60,273.00,-0.10,9,274.00,0.80,1983,289.00,16.80,269.00
"2025-04-02 11:45:00",0.10,69.00,9.00,0.04,9,275.00,0.21,2498,299.00,18.20,272.00,-0.10,9,275.00,1.10,1918,273.00,16.80,270.00,-0.10,9,275.00,0.70,1923,247.00,17.70,272.00
"2025-04-02 12:00:00",0.90,246.00,9.00,0.11,2,275.00,0.32,2754,394.00,16.90,271.00,0.80,2,275.00,2.00,2239,362.00,15.90,270.00,0.40,2,275.00,1.50,2310,356.00,16.40,270.00
"2025-04-02 12:15:00",0.50,334.00,9.00,0.06,9,278.00,0.25,2348,321.00,16.50,253.00,-0.20,9,278.00,1.50,1937,284.00,16.00,253.00,0.50,9,278.00,1.40,1904,288.00,15.90,253.00
"2025-04-02 12:30:00",0.30,346.00,9.00,0.04,9,276.00,0.25,2336,334.00,17.00,276.00,-0.20,9,276.00,1.20,1821,301.00,15.90,267.00,0.20,9,276.00,1.10,1974,322.00,16.40,267.00
"2025-04-02 12:45:00",0.10,295.00,9.00,0.08,9,276.00,0.21,2376,353.00,16.70,272.00,0.00,9,276.00,1.10,1784,270.00,16.50,271.00,0.10,9,276.00,0.90,2133,287.00,17.70,271.00
"2025-04-02 13:00:00",0.70,309.00,9.00,-0.07,2,274.00,0.26,2358,372.00,16.10,269.00,0.00,2,274.00,1.60,1895,336.00,15.00,264.00,0.70,2,274.00,1.10,1945,352.00,15.10,266.00
"2025-04-02 13:15:00",0.60,326.00,9.00,0.07,9,276.00,0.26,2302,311.00,16.50,252.00,-0.20,9,276.00,1.10,1790,253.00,16.00,250.00,0.60,9,276.00,1.30,1855,285.00,15.80,251.00
"2025-04-02 13:30:00",0.50,257.00,9.00,0.07,9,276.00,0.24,2283,357.00,16.10,269.00,0.40,9,276.00,1.40,1795,341.00,14.60,267.00,0.30,9,276.00,1.10,1843,346.00,14.80,266.00
"2025-04-02 13:45:00",0.50,243.00,9.00,-0.01,9,276.00,0.22,2224,349.00,16.10,272.00,0.50,9,276.00,0.90,1944,322.00,16.00,262.00,0.20,9,276.00,0.80,2100,345.00,16.00,265.00
"2025-04-02 14:00:00",0.40,212.00,9.00,0.09,9,274.00,0.27,2720,349.00,17.70,270.00,0.40,9,274.00,1.10,2042,274.00,17.40,270.00,0.00,9,274.00,0.90,2148,266.00,18.10,271.00
"2025-04-02 14:15:00",0.60,334.00,9.00,0.06,9,276.00,0.26,2471,344.00,16.70,254.00,-0.20,9,276.00,1.10,1911,276.00,16.20,253.00,0.50,9,276.00,1.20,1959,309.00,15.80,252.00
"2025-04-02 14:30:00",0.50,310.00,9.00,0.00,9,276.00,0.20,2436,297.00,18.10,276.00,0.00,9,276.00,1.00,1805,251.00,17.00,271.00,0.50,9,276.00,1.10,1914,262.00,17.50,271.00
"2025-04-02 14:45:00",0.30,248.00,9.00,0.03,9,276.00,0.23,2377,337.00,17.00,271.00,0.20,9,276.00,1.20,1764,277.00,16.20,271.00,0.10,9,276.00,1.10,1858,287.00,16.60,271.00
"2025-04-02 15:00:00",0.70,311.00,9.00,0.02,9,275.00,0.30,2462,365.00,16.40,270.00,0.00,9,275.00,1.60,1913,319.00,15.50,270.00,0.70,9,275.00,1.70,1984,325.00,16.00,270.00
"2025-04-02 15:15:00",0.80,251.00,9.00,-0.01,2,278.00,0.29,2081,347.00,14.90,252.00,0.60,2,278.00,2.10,1542,291.00,14.00,252.00,0.40,2,278.00,1.30,1638,275.00,15.00,251.00
"2025-04-02 15:30:00",0.60,265.00,9.00,0.00,2,276.00,0.22,2222,343.00,16.20,269.00,0.40,2,276.00,1.80,1605,290.00,14.90,269.00,0.40,2,276.00,1.30,1858,298.00,16.00,269.00
"2025-04-02 15:45:00",0.40,255.00,9.00,-0.01,2,276.00,0.20,2274,300.00,17.60,271.00,0.30,2,276.00,1.50,1550,261.00,15.70,269.00,0.20,2,276.00,0.90,1796,261.00,16.70,268.00
"2025-04-02 16:00:00",1.00,224.00,9.00,0.07,2,275.00,0.31,2265,345.00,16.50,270.00,1.00,2,275.00,2.50,1664,314.00,14.80,270.00,0.10,2,275.00,1.00,1879,292.00,16.40,270.00
"2025-04-02 16:15:00",0.60,224.00,9.00,0.03,9,278.00,0.24,2015,285.00,16.20,253.00,0.60,9,278.00,1.70,1510,251.00,14.90,253.00,0.10,9,278.00,0.80,1664,230.00,16.70,254.00
"2025-04-02 16:30:00",0.20,229.00,9.00,0.08,9,276.00,0.25,2101,285.00,17.30,271.00,0.20,9,276.00,1.30,1611,250.00,16.00,272.00,0.00,9,276.00,0.90,1773,239.00,17.50,273.00
"2025-04-02 16:45:00",0.40,335.00,9.00,0.01,9,275.00,0.21,2076,288.00,17.00,273.00,-0.20,9,275.00,1.10,1523,241.00,16.00,269.00,0.40,9,275.00,1.20,1695,271.00,16.10,269.00
"2025-04-02 17:00:00",0.20,266.00,9.00,0.07,9,276.00,0.20,2184,286.00,17.60,272.00,0.10,9,276.00,1.20,1520,233.00,16.30,274.00,0.10,9,276.00,0.90,1717,247.00,17.10,271.00
"2025-04-02 17:15:00",0.20,276.00,9.00,0.05,9,278.00,0.21,1933,252.00,16.60,257.00,0.10,9,278.00,0.90,1365,192.00,16.00,254.00,0.10,9,278.00,0.70,1653,207.00,17.10,257.00
"2025-04-02 17:30:00",0.10,251.00,9.00,0.04,9,274.00,0.18,1913,244.00,17.60,270.00,0.10,9,274.00,0.80,1291,183.00,16.70,269.00,0.10,9,274.00,0.50,1651,200.00,18.10,269.00
"2025-04-02 17:45:00",0.30,264.00,9.00,0.03,9,274.00,0.18,1977,264.00,17.20,271.00,0.20,9,274.00,0.60,1420,191.00,17.10,271.00,0.20,9,274.00,0.70,1689,200.00,18.30,271.00
"2025-04-02 18:00:00",0.50,254.00,9.00,0.00,9,274.00,0.18,2012,246.00,17.90,274.00,0.40,9,274.00,0.60,1375,179.00,17.50,273.00,0.30,9,274.00,0.60,1612,188.00,18.40,274.00
"2025-04-02 18:15:00",0.30,255.00,9.00,0.03,9,276.00,0.16,1971,252.00,16.70,251.00,0.20,9,276.00,0.60,1372,185.00,16.40,255.00,0.20,9,276.00,0.70,1534,193.00,17.10,256.00
"2025-04-02 18:30:00",0.20,235.00,9.00,0.04,9,274.00,0.20,1878,261.00,16.80,274.00,0.20,9,274.00,0.60,1383,191.00,16.90,274.00,0.00,9,274.00,0.60,1721,202.00,18.30,272.00
"2025-04-02 18:45:00",0.30,257.00,9.00,0.02,9,274.00,0.18,2094,337.00,15.90,273.00,0.30,9,274.00,0.60,1515,274.00,15.10,259.00,0.20,9,274.00,0.70,1798,291.00,16.30,265.00
"2025-04-02 19:00:00",0.70,258.00,9.00,-0.01,9,274.00,0.20,2472,316.00,17.60,273.00,0.60,9,274.00,0.90,1778,244.00,17.10,271.00,0.50,9,274.00,0.90,2124,272.00,17.90,271.00
"2025-04-02 19:15:00",0.70,244.00,9.00,-0.02,9,276.00,0.17,2249,280.00,17.00,255.00,0.60,9,276.00,0.90,1394,214.00,15.40,255.00,0.30,9,276.00,0.60,1944,212.00,18.10,257.00
"2025-04-02 19:30:00",0.40,249.00,9.00,0.01,9,274.00,0.18,2398,290.00,18.00,274.00,0.30,9,274.00,0.80,1491,212.00,16.70,269.00,0.20,9,274.00,0.60,2032,214.00,19.30,271.00
"2025-04-02 19:45:00",0.90,244.00,9.00,0.01,9,274.00,0.22,2718,344.00,17.80,274.00,0.80,9,274.00,1.30,1956,305.00,16.10,272.00,0.40,9,274.00,0.70,2536,279.00,19.00,270.00
"2025-04-02 20:00:00",1.20,254.00,9.00,-0.04,9,274.00,0.21,2872,375.00,17.50,272.00,1.00,9,274.00,1.30,2109,335.00,15.90,270.00,0.70,9,274.00,0.80,2478,295.00,18.50,269.00
"2025-04-02 20:15:00",0.60,238.00,9.00,-0.03,9,276.00,0.21,2217,289.00,16.60,256.00,0.60,9,276.00,1.00,1434,246.00,14.60,252.00,0.20,9,276.00,0.70,1876,218.00,17.70,253.00
"2025-04-02 20:30:00",0.60,242.00,9.00,-0.01,9,274.00,0.20,2524,388.00,16.10,272.00,0.60,9,274.00,1.10,1682,366.00,13.40,257.00,0.30,9,274.00,0.70,2043,359.00,15.50,263.00
"2025-04-02 20:45:00",1.30,238.00,9.00,-0.03,9,273.00,0.21,2941,349.00,18.30,268.00,1.20,9,273.00,1.30,2014,335.00,15.70,268.00,0.40,9,273.00,0.80,2279,290.00,17.90,268.00
"2025-04-02 21:00:00",1.00,257.00,9.00,-0.05,9,275.00,0.21,2848,341.00,18.20,275.00,0.80,9,275.00,1.20,2002,294.00,16.50,270.00,0.60,9,275.00,0.90,2389,283.00,18.40,272.00
"2025-04-02 21:15:00",1.00,243.00,9.00,-0.05,9,276.00,0.21,2488,319.00,16.80,256.00,0.90,9,276.00,1.20,1593,265.00,14.80,254.00,0.40,9,276.00,0.80,1935,242.00,17.20,254.00
"2025-04-02 21:30:00",0.90,244.00,9.00,-0.08,9,274.00,0.19,2939,349.00,18.30,274.00,0.80,9,274.00,1.20,1878,287.00,16.20,273.00,0.40,9,274.00,0.80,2246,269.00,18.30,273.00
"2025-04-02 21:45:00",1.50,250.00,9.00,-0.12,9,274.00,0.23,3020,349.00,18.50,274.00,1.20,9,274.00,1.10,2185,301.00,17.00,273.00,0.80,9,274.00,0.80,2419,271.00,18.80,274.00
"2025-04-02 22:00:00",0.90,255.00,9.00,-0.02,9,274.00,0.19,2888,354.00,18.00,271.00,0.70,9,274.00,0.90,1965,266.00,17.20,273.00,0.50,9,274.00,0.80,2320,279.00,18.30,270.00
"2025-04-02 22:15:00",0.70,253.00,9.00,-0.02,9,276.00,0.20,2600,319.00,17.20,257.00,0.60,9,276.00,0.80,1825,236.00,16.80,257.00,0.40,9,276.00,0.70,2138,238.00,18.00,255.00
"2025-04-02 22:30:00",0.20,306.00,9.00,-0.05,9,273.00,0.16,2930,332.00,18.60,271.00,0.00,9,273.00,0.90,1734,254.00,16.50,272.00,0.20,9,273.00,0.60,2552,244.00,20.20,273.00
"2025-04-02 22:45:00",0.70,257.00,9.00,-0.02,9,274.00,0.18,2775,429.00,16.30,271.00,0.50,9,274.00,0.90,1837,379.00,14.00,259.00,0.40,9,274.00,0.70,2174,416.00,14.90,256.00
"2025-04-02 23:00:00",0.80,247.00,9.00,0.00,9,274.00,0.18,2934,569.00,14.10,266.00,0.70,9,274.00,1.00,2077,548.00,11.30,256.00,0.40,9,274.00,0.80,2303,595.00,11.70,252.00
"2025-04-02 23:15:00",0.60,244.00,9.00,0.02,9,276.00,0.19,2899,370.00,17.00,255.00,0.50,9,276.00,0.90,2227,319.00,16.30,254.00,0.30,9,276.00,0.70,2593,324.00,17.60,255.00
"2025-04-02 23:30:00",0.70,233.00,9.00,0.07,9,274.00,0.20,3290,383.00,18.50,271.00,0.60,9,274.00,1.00,3085,356.00,18.90,274.00,0.20,9,274.00,0.80,2583,307.00,18.40,273.00
"2025-04-02 23:45:00",0.20,75.00,9.00,0.05,9,274.00,0.20,2746,316.00,18.50,273.00,-0.20,9,274.00,0.60,2079,235.00,18.60,273.00,-0.10,9,274.00,0.60,2200,239.00,19.00,273.00
"2025-04-03 00:00:00",0.30,104.00,9.00,0.04,9,274.00,0.16,2826,321.00,18.50,270.00,-0.10,9,274.00,0.70,2351,260.00,18.90,271.00,-0.30,9,274.00,0.70,2474,239.00,20.10,269.00
"2025-04-03 00:15:00",0.30,84.00,9.00,0.11,9,276.00,0.16,2159,268.00,17.00,254.00,-0.20,9,276.00,0.40,1954,229.00,17.60,256.00,-0.20,9,276.00,0.40,2539,201.00,20.70,256.00
"2025-04-03 00:30:00",0.10,58.00,9.00,0.10,9,275.00,0.16,2473,315.00,18.10,275.00,-0.10,9,275.00,0.50,1888,256.00,17.30,270.00,0.00,9,275.00,0.30,3179,254.00,22.30,275.00
"2025-04-03 00:45:00",0.90,80.00,9.00,0.22,9,274.00,0.18,2264,291.00,17.60,273.00,-0.70,9,274.00,0.40,2315,242.00,19.50,274.00,-0.60,9,274.00,0.30,3011,221.00,22.70,273.00
"2025-04-03 01:00:00",0.80,82.00,9.00,0.22,9,274.00,0.16,2268,286.00,18.00,274.00,-0.60,9,274.00,0.40,2053,238.00,18.60,274.00,-0.60,9,274.00,0.30,3314,215.00,23.80,274.00
"2025-04-03 01:15:00",1.30,74.00,9.00,0.30,9,277.00,0.15,1947,282.00,15.90,256.00,-1.00,9,277.00,0.30,1999,249.00,17.10,255.00,-0.70,9,277.00,0.20,3197,207.00,22.50,257.00
"2025-04-03 01:30:00",0.60,63.00,9.00,0.14,9,274.00,0.19,2235,310.00,16.90,274.00,-0.60,9,274.00,0.50,2233,274.00,18.10,272.00,-0.30,9,274.00,0.30,3047,233.00,22.40,272.00
"2025-04-03 01:45:00",0.30,22.00,9.00,0.00,9,274.00,0.18,2433,325.00,17.20,274.00,-0.30,9,274.00,0.60,1802,229.00,17.60,273.00,0.10,9,274.00,0.60,2051,221.00,19.20,274.00
"2025-04-03 02:00:00",0.80,66.00,9.00,0.18,9,275.00,0.15,2647,340.00,17.80,273.00,-0.70,9,275.00,0.50,2600,277.00,19.40,275.00,-0.40,9,275.00,0.50,2525,262.00,19.60,270.00
"2025-04-03 02:15:00",0.50,75.00,9.00,0.14,9,276.00,0.20,2256,279.00,17.10,257.00,-0.40,9,276.00,0.40,2239,258.00,17.80,255.00,-0.30,9,276.00,0.40,2531,219.00,20.30,254.00
"2025-04-03 02:30:00",1.30,84.00,9.00,0.26,9,274.00,0.17,2457,289.00,18.50,274.00,-0.90,9,274.00,0.20,2799,252.00,20.80,274.00,-0.90,9,274.00,0.30,2907,200.00,23.20,274.00
"2025-04-03 02:45:00",0.80,243.00,9.00,-0.09,9,274.00,0.20,2634,330.00,18.20,273.00,0.70,9,274.00,0.30,2566,234.00,20.70,274.00,0.30,9,274.00,0.40,2209,223.00,19.90,273.00
"2025-04-03 03:00:00",1.20,241.00,9.00,-0.18,9,275.00,0.13,2553,309.00,18.20,274.00,1.10,9,275.00,0.30,2799,211.00,22.40,275.00,0.50,9,275.00,0.40,2081,190.00,20.40,275.00
"2025-04-03 03:15:00",0.90,258.00,9.00,-0.09,9,276.00,0.13,2283,283.00,17.10,257.00,0.70,9,276.00,0.40,2232,233.00,18.60,256.00,0.60,9,276.00,0.40,2494,198.00,20.80,257.00
"2025-04-03 03:30:00",0.70,273.00,9.00,-0.06,9,274.00,0.15,2371,306.00,17.40,274.00,0.40,9,274.00,0.30,2538,228.00,21.00,274.00,0.60,9,274.00,0.40,2682,195.00,22.60,274.00
"2025-04-03 03:45:00",0.10,58.00,9.00,0.10,9,275.00,0.15,1969,344.00,14.90,270.00,-0.10,9,275.00,0.40,2437,244.00,19.90,275.00,0.00,9,275.00,0.40,2759,209.00,22.40,275.00
"2025-04-03 04:00:00",0.70,275.00,9.00,-0.07,9,274.00,0.12,2362,312.00,17.40,273.00,0.40,9,274.00,0.30,2449,250.00,19.70,274.00,0.60,9,274.00,0.30,2979,195.00,23.70,274.00
"2025-04-03 04:15:00",1.00,245.00,9.00,-0.13,9,277.00,0.14,2638,360.00,16.60,257.00,0.90,9,277.00,0.50,1937,225.00,17.80,257.00,0.40,9,277.00,0.50,2354,247.00,18.40,256.00
"2025-04-03 04:30:00",0.90,241.00,9.00,-0.17,9,274.00,0.15,3672,301.00,21.60,274.00,0.90,9,274.00,0.60,1631,216.00,17.10,273.00,0.40,9,274.00,0.50,2055,211.00,19.10,272.00
"2025-04-03 04:45:00",0.60,280.00,9.00,-0.08,9,274.00,0.14,3417,330.00,20.20,274.00,0.30,9,274.00,0.60,1767,220.00,17.70,274.00,0.50,9,274.00,0.50,2149,225.00,19.20,274.00
"2025-04-03 05:00:00",1.30,260.00,9.00,-0.07,9,273.00,0.14,2676,333.00,18.00,272.00,1.00,9,273.00,0.40,2118,196.00,20.50,272.00,0.90,9,273.00,0.40,2234,252.00,19.10,273.00
"2025-04-03 05:15:00",1.20,265.00,9.00,-0.13,9,275.00,0.07,3246,308.00,19.40,256.00,0.80,9,275.00,0.60,1464,186.00,16.90,255.00,0.90,9,275.00,0.50,1679,250.00,15.80,255.00
"2025-04-03 05:30:00",0.70,266.00,9.00,-0.07,9,274.00,0.09,3337,324.00,20.20,274.00,0.50,9,274.00,0.70,1629,236.00,16.90,268.00,0.50,9,274.00,0.70,1803,276.00,16.30,274.00
"2025-04-03 05:45:00",0.60,17.00,9.00,-0.01,9,273.00,0.11,2806,321.00,18.10,270.00,-0.50,9,273.00,0.80,1498,214.00,16.70,273.00,0.20,9,273.00,0.70,1767,247.00,17.00,272.00
"2025-04-03 06:00:00",0.20,1.00,9.00,0.06,9,273.00,0.12,2267,283.00,17.90,272.00,-0.20,9,273.00,0.30,2217,206.00,20.70,271.00,0.10,9,273.00,0.30,2464,183.00,22.50,273.00
"2025-04-03 06:15:00",1.00,261.00,9.00,-0.10,9,276.00,0.12,2353,292.00,16.90,256.00,0.70,9,276.00,0.40,1524,191.00,17.00,256.00,0.70,9,276.00,0.40,1978,207.00,18.50,252.00
"2025-04-03 06:30:00",0.60,257.00,9.00,0.00,9,273.00,0.16,2066,296.00,16.50,271.00,0.40,9,273.00,0.60,1568,231.00,16.50,273.00,0.40,9,273.00,0.50,1891,206.00,19.20,273.00
"2025-04-03 06:45:00",0.80,261.00,9.00,-0.07,9,273.00,0.15,2548,307.00,18.30,271.00,0.50,9,273.00,0.50,2033,246.00,18.30,271.00,0.50,9,273.00,0.60,2023,230.00,18.70,272.00
"2025-04-03 07:00:00",1.20,245.00,9.00,-0.15,9,274.00,0.12,2554,328.00,17.70,274.00,1.00,9,274.00,0.30,2385,248.00,19.50,271.00,0.50,9,274.00,0.50,2226,209.00,20.20,273.00
"2025-04-03 07:15:00",0.10,32.00,9.00,0.00,9,275.00,0.18,1909,306.00,15.00,256.00,-0.10,9,275.00,0.60,1662,241.00,15.60,254.00,0.00,9,275.00,0.60,1970,220.00,17.90,256.00
"2025-04-03 07:30:00",0.10,278.00,9.00,0.00,9,274.00,0.15,2676,315.00,18.40,274.00,0.00,9,274.00,0.70,1529,242.00,15.80,273.00,0.10,9,274.00,0.50,2134,236.00,18.80,274.00
"2025-04-03 07:45:00",0.20,315.00,9.00,-0.05,9,274.00,0.12,2757,288.00,19.30,272.00,0.00,9,274.00,0.70,1713,253.00,16.40,273.00,0.20,9,274.00,0.50,2138,227.00,19.30,274.00
"2025-04-03 08:00:00",0.10,89.00,9.00,-0.01,9,274.00,0.16,2332,297.00,17.60,272.00,-0.10,9,274.00,0.80,1528,243.00,15.60,273.00,-0.10,9,274.00,0.70,2130,253.00,18.20,274.00
"2025-04-03 08:15:00",0.10,341.00,9.00,0.03,9,276.00,0.17,2320,300.00,16.80,254.00,0.00,9,276.00,0.90,1499,256.00,14.40,254.00,0.10,9,276.00,0.60,2139,249.00,17.70,254.00
"2025-04-03 08:30:00",0.30,188.00,9.00,0.09,9,275.00,0.16,2586,277.00,19.10,275.00,0.30,9,275.00,1.00,1680,267.00,15.70,269.00,-0.20,9,275.00,0.60,2084,250.00,18.20,272.00
"2025-04-03 08:45:00",0.10,199.00,9.00,0.03,9,274.00,0.18,2598,294.00,18.70,272.00,0.10,9,274.00,0.80,1757,245.00,16.90,270.00,0.00,9,274.00,0.70,2019,240.00,18.20,273.00
"2025-04-03 09:00:00",0.20,202.00,9.00,0.01,9,273.00,0.14,2717,281.00,19.30,272.00,0.20,9,273.00,0.70,1538,233.00,16.10,272.00,-0.10,9,273.00,0.50,2130,226.00,19.30,272.00
"2025-04-03 09:15:00",0.20,237.00,9.00,0.01,9,276.00,0.20,2354,315.00,16.60,253.00,0.20,9,276.00,0.70,1740,239.00,16.20,254.00,0.10,9,276.00,0.60,2189,258.00,17.50,253.00
"2025-04-03 09:30:00",0.20,303.00,9.00,-0.07,9,274.00,0.18,2450,322.00,17.50,270.00,0.00,9,274.00,0.70,1855,243.00,17.60,273.00,0.20,9,274.00,0.60,2418,275.00,18.90,273.00
"2025-04-03 09:45:00",0.30,98.00,9.00,-0.02,9,274.00,0.19,2682,319.00,18.30,274.00,-0.20,9,274.00,0.80,1988,243.00,17.90,273.00,-0.30,9,274.00,0.60,2492,260.00,19.40,273.00
"2025-04-03 10:00:00",0.60,112.00,9.00,0.17,2,274.00,0.32,2981,377.00,17.90,270.00,-0.20,2,274.00,1.30,2685,312.00,18.50,274.00,-0.60,2,274.00,0.80,2538,281.00,18.90,273.00
"2025-04-03 10:15:00",0.60,80.00,9.00,0.05,2,276.00,0.22,2432,302.00,17.10,255.00,-0.50,2,276.00,0.90,1903,247.00,16.70,253.00,-0.40,2,276.00,0.70,2114,228.00,18.10,255.00
"2025-04-03 10:30:00",0.80,71.00,9.00,0.00,2,275.00,0.21,2626,309.00,18.30,272.00,-0.70,2,275.00,1.10,1992,269.00,17.10,273.00,-0.50,2,275.00,0.80,2247,254.00,18.80,274.00
"2025-04-03 10:45:00",0.50,86.00,9.00,0.01,2,275.00,0.23,2468,284.00,18.60,270.00,-0.30,2,275.00,0.90,1852,230.00,17.80,272.00,-0.40,2,275.00,0.80,2118,231.00,19.10,270.00
"2025-04-03 11:00:00",0.80,86.00,9.00,0.10,2,276.00,0.27,2490,319.00,17.90,269.00,-0.50,2,276.00,1.20,2063,271.00,17.40,275.00,-0.60,2,276.00,0.90,2019,253.00,18.10,272.00
"2025-04-03 11:15:00",0.50,109.00,9.00,0.05,2,278.00,0.23,2106,251.00,17.50,256.00,-0.20,2,278.00,1.30,1696,220.00,16.80,256.00,-0.50,2,278.00,0.80,1668,201.00,17.50,253.00
"2025-04-03 11:30:00",0.40,102.00,9.00,0.02,2,276.00,0.21,2329,266.00,18.70,271.00,-0.20,2,276.00,1.00,1770,219.00,18.00,271.00,-0.40,2,276.00,0.90,1933,226.00,18.50,275.00
"2025-04-03 11:45:00",0.50,95.00,9.00,0.00,2,276.00,0.18,2314,252.00,19.00,274.00,-0.30,2,276.00,0.90,1801,209.00,18.40,276.00,-0.40,2,276.00,0.80,1888,207.00,19.10,276.00
"2025-04-03 12:00:00",0.40,80.00,9.00,0.01,2,276.00,0.26,2581,302.00,18.50,273.00,-0.30,2,276.00,1.00,2036,244.00,18.30,274.00,-0.30,2,276.00,1.10,2027,260.00,17.90,276.00
"2025-04-03 12:15:00",0.60,68.00,9.00,0.09,2,278.00,0.29,2426,332.00,16.90,254.00,-0.50,2,278.00,1.10,1934,279.00,16.20,254.00,-0.30,2,278.00,1.00,1797,256.00,16.30,256.00
"2025-04-03 12:30:00",0.50,82.00,9.00,0.03,2,277.00,0.29,2338,274.00,18.70,272.00,-0.40,2,277.00,1.20,1923,246.00,17.80,272.00,-0.30,2,277.00,1.00,1849,222.00,18.30,273.00
"2025-04-03 12:45:00",0.70,83.00,9.00,0.06,2,276.00,0.20,2252,253.00,18.80,271.00,-0.50,2,276.00,1.10,1819,229.00,17.80,276.00,-0.50,2,276.00,0.80,2011,226.00,18.90,273.00
"2025-04-03 13:00:00",0.90,94.00,9.00,0.02,2,276.00,0.27,2454,301.00,18.20,272.00,-0.50,2,276.00,1.40,2189,283.00,17.60,276.00,-0.80,2,276.00,1.30,2086,278.00,17.50,275.00
"2025-04-03 13:15:00",0.80,92.00,9.00,0.00,2,279.00,0.25,2376,284.00,17.70,255.00,-0.50,2,279.00,1.20,1885,254.00,16.50,258.00,-0.60,2,279.00,1.10,1918,248.00,16.70,258.00
"2025-04-03 13:30:00",1.10,83.00,9.00,0.06,2,277.00,0.30,2512,334.00,17.70,272.00,-0.80,2,277.00,1.50,2364,326.00,17.00,275.00,-0.80,2,277.00,1.30,2075,294.00,17.00,274.00
"2025-04-03 13:45:00",1.00,81.00,9.00,0.02,2,276.00,0.28,2464,297.00,18.40,271.00,-0.70,2,276.00,1.20,2005,263.00,17.40,275.00,-0.70,2,276.00,1.30,2159,287.00,17.50,275.00
"2025-04-03 14:00:00",0.80,98.00,9.00,0.10,2,277.00,0.29,2409,306.00,17.90,275.00,-0.40,2,277.00,1.20,2055,251.00,18.10,277.00,-0.70,2,277.00,1.10,2016,255.00,17.90,275.00
"2025-04-03 14:15:00",0.90,83.00,9.00,-0.04,2,278.00,0.24,2222,255.00,17.70,257.00,-0.60,2,278.00,1.40,1990,260.00,16.70,257.00,-0.60,2,278.00,1.00,1797,232.00,16.60,256.00
"2025-04-03 14:30:00",0.50,96.00,9.00,0.00,2,277.00,0.18,2221,223.00,19.60,275.00,-0.30,2,277.00,0.80,1728,209.00,18.20,274.00,-0.40,2,277.00,0.80,1639,196.00,18.40,272.00
"2025-04-03 14:45:00",0.40,111.00,9.00,0.02,9,277.00,0.19,2030,217.00,19.10,275.00,-0.10,9,277.00,0.80,1534,189.00,18.00,275.00,-0.40,9,277.00,0.60,1711,180.00,19.30,276.00
"2025-04-03 15:00:00",0.70,358.00,9.00,0.16,2,276.00,0.31,2609,322.00,18.10,276.00,-0.50,2,276.00,1.30,2255,283.00,17.90,276.00,0.40,2,276.00,1.40,2192,317.00,17.00,275.00
"2025-04-03 15:15:00",0.80,21.00,9.00,-0.01,2,279.00,0.31,2269,262.00,17.70,256.00,-0.70,2,279.00,1.30,1820,263.00,16.10,255.00,0.20,2,279.00,1.20,1768,219.00,17.10,258.00
"2025-04-03 15:30:00",0.60,352.00,9.00,-0.04,9,276.00,0.28,2383,271.00,18.70,273.00,-0.40,9,276.00,1.30,1993,254.00,17.80,271.00,0.40,9,276.00,0.90,1966,234.00,18.50,270.00
"2025-04-03 15:45:00",0.90,16.00,9.00,0.00,2,277.00,0.23,2299,253.00,19.00,273.00,-0.90,2,277.00,1.40,1941,261.00,17.50,276.00,0.30,2,277.00,1.10,1992,232.00,18.70,273.00
"2025-04-03 16:00:00",0.60,9.00,9.00,0.04,9,276.00,0.21,2247,233.00,19.50,276.00,-0.50,9,276.00,1.00,1770,215.00,18.30,276.00,0.30,9,276.00,0.90,1871,224.00,18.40,275.00
"2025-04-03 16:15:00",0.70,276.00,9.00,0.04,9,279.00,0.28,2313,331.00,16.20,257.00,0.40,9,279.00,1.40,1962,298.00,15.60,256.00,0.60,9,279.00,1.50,1963,323.00,15.30,254.00
"2025-04-03 16:30:00",0.80,243.00,9.00,0.13,9,276.00,0.35,2686,383.00,17.00,271.00,0.80,9,276.00,1.90,2205,343.00,16.30,274.00,0.40,9,276.00,1.30,2332,369.00,16.30,271.00
"2025-04-03 16:45:00",0.70,233.00,9.00,0.10,9,277.00,0.21,2422,297.00,18.10,272.00,0.60,9,277.00,1.70,1851,296.00,16.20,272.00,0.20,9,277.00,0.90,2123,279.00,17.80,273.00
"2025-04-03 17:00:00",0.30,245.00,9.00,0.07,9,276.00,0.21,2351,284.00,18.20,272.00,0.20,9,276.00,1.10,1718,252.00,16.80,271.00,0.10,9,276.00,0.80,2073,261.00,17.90,270.00
"2025-04-03 17:15:00",0.20,134.00,9.00,0.13,9,279.00,0.19,2118,257.00,17.20,256.00,0.00,9,279.00,0.70,1654,216.00,16.90,257.00,-0.20,9,279.00,0.70,1905,237.00,17.30,256.00
"2025-04-03 17:30:00",0.20,138.00,9.00,0.10,9,276.00,0.17,2171,276.00,17.80,275.00,0.00,9,276.00,0.70,1564,214.00,17.10,271.00,-0.20,9,276.00,0.60,1980,233.00,18.50,274.00
"2025-04-03 17:45:00",0.10,212.00,9.00,0.08,9,276.00,0.17,2249,275.00,18.00,275.00,0.10,9,276.00,0.70,1547,216.00,16.90,275.00,0.00,9,276.00,0.60,2022,233.00,18.60,276.00
"2025-04-03 18:00:00",0.00,223.00,9.00,0.10,9,276.00,0.18,2055,265.00,17.50,275.00,0.00,9,276.00,0.60,1501,199.00,17.30,276.00,0.00,9,276.00,0.60,1985,213.00,19.10,276.00
"2025-04-03 18:15:00",0.20,237.00,9.00,0.05,9,277.00,0.20,2050,250.00,17.10,258.00,0.20,9,277.00,0.60,1500,184.00,17.10,256.00,0.10,9,277.00,0.60,1701,193.00,17.70,258.00
"2025-04-03 18:30:00",0.20,266.00,9.00,0.06,9,276.00,0.18,2163,280.00,17.50,274.00,0.20,9,276.00,0.60,1622,210.00,17.70,269.00,0.20,9,276.00,0.60,2127,220.00,19.30,275.00
"2025-04-03 18:45:00",0.40,245.00,9.00,0.07,9,276.00,0.16,2287,269.00,18.30,276.00,0.30,9,276.00,0.60,1546,198.00,17.60,274.00,0.20,9,276.00,0.50,2207,228.00,19.40,273.00
"2025-04-03 19:00:00",0.30,235.00,9.00,0.09,9,276.00,0.19,2194,305.00,17.00,273.00,0.30,9,276.00,0.90,1563,228.00,16.70,272.00,0.10,9,276.00,0.60,2142,244.00,18.80,271.00
"2025-04-03 19:15:00",0.40,268.00,9.00,0.11,9,277.00,0.21,2177,281.00,16.80,257.00,0.30,9,277.00,1.00,1658,229.00,16.30,256.00,0.30,9,277.00,0.80,2042,248.00,17.40,255.00
"2025-04-03 19:30:00",0.30,267.00,9.00,0.06,9,274.00,0.20,2156,280.00,17.40,273.00,0.20,9,274.00,0.80,1514,208.00,17.00,273.00,0.30,9,274.00,0.60,1991,221.00,18.80,272.00
"2025-04-03 19:45:00",0.30,285.00,9.00,0.03,9,274.00,0.18,2189,278.00,17.70,274.00,0.10,9,274.00,0.70,1491,212.00,16.70,269.00,0.30,9,274.00,0.60,1915,219.00,18.60,271.00
"2025-04-03 20:00:00",0.10,306.00,9.00,0.02,9,274.00,0.23,2221,331.00,16.40,269.00,0.00,9,274.00,1.10,1575,239.00,16.30,269.00,0.10,9,274.00,0.70,2182,246.00,18.90,271.00
"2025-04-03 20:15:00",0.50,254.00,9.00,0.04,9,276.00,0.21,2113,297.00,16.00,251.00,0.40,9,276.00,1.20,1451,235.00,15.00,255.00,0.30,9,276.00,0.70,1894,234.00,17.30,252.00
"2025-04-03 20:30:00",0.40,247.00,9.00,0.06,9,274.00,0.21,2203,305.00,17.00,274.00,0.30,9,274.00,1.10,1467,239.00,15.60,272.00,0.20,9,274.00,0.70,2033,243.00,18.40,270.00
"2025-04-03 20:45:00",0.50,256.00,9.00,0.06,9,274.00,0.25,2177,313.00,16.70,270.00,0.40,9,274.00,1.10,1556,251.00,15.70,269.00,0.30,9,274.00,0.80,1907,260.00,17.20,270.00
"2025-04-03 21:00:00",0.60,249.00,9.00,0.03,9,274.00,0.20,2246,313.00,17.00,269.00,0.50,9,274.00,1.10,1553,243.00,15.90,272.00,0.30,9,274.00,0.70,2006,237.00,18.40,273.00
"2025-04-03 21:15:00",0.40,246.00,9.00,0.06,9,276.00,0.22,1977,285.00,15.90,251.00,0.40,9,276.00,1.00,1421,236.00,14.80,251.00,0.20,9,276.00,0.80,1822,238.00,16.80,251.00
"2025-04-03 21:30:00",0.60,257.00,9.00,0.05,9,274.00,0.23,2101,298.00,16.80,273.00,0.40,9,274.00,1.00,1461,242.00,15.50,269.00,0.40,9,274.00,0.80,1877,246.00,17.50,273.00
"2025-04-03 21:45:00",0.50,263.00,9.00,0.04,9,274.00,0.21,2077,320.00,16.10,268.00,0.30,9,274.00,1.00,1499,262.00,15.00,267.00,0.30,9,274.00,0.70,1965,261.00,17.60,272.00
"2025-04-03 22:00:00",0.50,260.00,9.00,0.03,9,274.00,0.22,2278,329.00,16.70,270.00,0.30,9,274.00,1.30,1665,262.00,15.80,271.00,0.30,9,274.00,0.80,1872,247.00,17.50,269.00
"2025-04-03 22:15:00",0.70,264.00,9.00,-0.03,9,276.00,0.21,2091,294.00,16.10,255.00,0.50,9,276.00,1.00,1402,233.00,14.70,256.00,0.50,9,276.00,0.80,1809,228.00,17.10,255.00
"2025-04-03 22:30:00",0.50,252.00,9.00,-0.02,9,273.00,0.21,2157,298.00,16.90,272.00,0.40,9,273.00,1.10,1502,247.00,15.50,272.00,0.30,9,273.00,0.70,1948,240.00,18.00,269.00
"2025-04-03 22:45:00",0.60,257.00,9.00,-0.06,9,274.00,0.22,2306,336.00,16.50,269.00,0.50,9,274.00,1.20,1749,261.00,16.30,271.00,0.40,9,274.00,0.80,2197,252.00,18.70,273.00
"2025-04-03 23:00:00",1.00,255.00,9.00,-0.08,9,274.00,0.34,2398,366.00,16.30,268.00,0.80,9,274.00,1.60,1970,298.00,16.10,273.00,0.60,9,274.00,1.10,2265,299.00,17.70,268.00
"2025-04-03 23:15:00",1.50,264.00,9.00,-0.09,9,276.00,0.31,2430,362.00,15.60,251.00,1.00,9,276.00,1.90,2243,324.00,15.80,256.00,1.10,9,276.00,1.30,2194,302.00,16.40,253.00
"2025-04-03 23:30:00",0.50,256.00,9.00,-0.02,9,274.00,0.23,2413,334.00,17.00,269.00,0.40,9,274.00,1.00,1751,267.00,16.10,272.00,0.30,9,274.00,0.80,2049,251.00,18.10,273.00
"2025-04-03 23:45:00",0.50,250.00,9.00,-0.09,9,274.00,0.19,3029,303.00,19.90,271.00,0.40,9,274.00,1.00,1870,263.00,16.80,273.00,0.20,9,274.00,0.80,2064,254.00,18.00,274.00
"2025-04-04 00:00:00",0.40,305.00,9.00,-0.07,9,274.00,0.12,2878,295.00,19.40,273.00,0.00,9,274.00,0.60,1563,250.00,15.70,274.00,0.40,9,274.00,0.40,2170,224.00,19.40,273.00
"2025-04-04 00:15:00",0.60,277.00,9.00,-0.14,9,276.00,0.11,3188,286.00,19.60,256.00,0.30,9,276.00,0.50,1790,235.00,16.40,254.00,0.50,9,276.00,0.50,1784,224.00,17.00,256.00
"2025-04-04 00:30:00",0.60,271.00,9.00,-0.12,9,274.00,0.14,2860,276.00,20.00,274.00,0.40,9,274.00,0.60,1698,214.00,17.70,274.00,0.50,9,274.00,0.60,1656,201.00,18.00,274.00
"2025-04-04 00:45:00",0.70,282.00,9.00,-0.13,9,275.00,0.10,2745,265.00,20.10,274.00,0.30,9,275.00,0.50,1894,221.00,18.40,271.00,0.60,9,275.00,0.50,2043,216.00,19.10,272.00
"2025-04-04 01:00:00",0.40,358.00,9.00,-0.09,9,273.00,0.17,2603,280.00,19.20,271.00,-0.30,9,273.00,0.60,1742,215.00,18.10,272.00,0.30,9,273.00,0.40,2392,205.00,21.20,273.00
"2025-04-04 01:15:00",0.60,54.00,9.00,-0.05,9,276.00,0.15,2609,289.00,18.00,254.00,-0.50,9,276.00,0.90,1287,224.00,14.40,256.00,-0.20,9,276.00,0.60,1894,198.00,18.50,255.00
"2025-04-04 01:30:00",0.40,181.00,9.00,-0.04,9,274.00,0.15,3303,291.00,20.80,273.00,0.30,9,274.00,0.60,1975,239.00,18.10,274.00,-0.20,9,274.00,0.70,2246,240.00,19.20,273.00
"2025-04-04 01:45:00",0.60,275.00,9.00,-0.09,9,273.00,0.18,2684,320.00,18.50,270.00,0.30,9,273.00,0.60,1806,260.00,16.70,265.00,0.50,9,273.00,0.50,2225,267.00,18.60,267.00
"2025-04-04 02:00:00",0.10,21.00,9.00,-0.02,9,274.00,0.15,3255,295.00,20.50,274.00,-0.10,9,274.00,0.80,1995,255.00,17.50,273.00,0.00,9,274.00,0.80,2496,264.00,19.30,274.00
"2025-04-04 02:15:00",0.30,105.00,9.00,-0.04,9,275.00,0.18,2730,280.00,18.50,255.00,-0.10,9,275.00,0.60,1919,230.00,17.40,255.00,-0.20,9,275.00,0.80,2155,259.00,17.40,251.00
"2025-04-04 02:30:00",0.70,121.00,9.00,-0.04,9,274.00,0.16,3085,335.00,19.00,270.00,-0.10,9,274.00,0.80,2323,276.00,18.30,274.00,-0.60,9,274.00,1.00,2571,315.00,18.30,272.00
"2025-04-04 02:45:00",0.40,238.00,9.00,-0.10,9,273.00,0.17,3052,299.00,20.00,273.00,0.30,9,273.00,0.70,1748,231.00,17.20,270.00,0.10,9,273.00,0.60,2453,233.00,20.20,273.00
"2025-04-04 03:00:00",0.30,278.00,9.00,-0.07,9,274.00,0.16,3649,327.00,20.70,274.00,0.20,9,274.00,0.70,1541,253.00,15.60,270.00,0.30,9,274.00,0.50,2481,255.00,19.90,274.00
"2025-04-04 03:15:00",0.40,279.00,9.00,-0.07,9,275.00,0.17,3183,263.00,20.20,256.00,0.20,9,275.00,0.50,1674,193.00,17.60,256.00,0.40,9,275.00,0.30,2611,188.00,21.50,256.00
"2025-04-04 03:30:00",0.40,333.00,9.00,-0.06,9,274.00,0.22,2951,302.00,19.40,274.00,-0.20,9,274.00,0.70,1830,233.00,17.60,274.00,0.40,9,274.00,0.50,2446,215.00,20.80,274.00
"2025-04-04 03:45:00",0.70,0.00,9.00,-0.01,9,273.00,0.15,3315,302.00,20.50,273.00,-0.50,9,273.00,0.60,2215,271.00,18.00,273.00,0.40,9,273.00,0.50,2939,223.00,22.20,273.00
"2025-04-04 04:00:00",0.40,349.00,9.00,-0.06,9,274.00,0.14,3352,280.00,21.00,272.00,-0.20,9,274.00,0.60,1868,235.00,17.80,273.00,0.30,9,274.00,0.50,2409,203.00,21.30,274.00
"2025-04-04 04:15:00",0.60,274.00,9.00,-0.12,9,275.00,0.13,2900,299.00,18.70,255.00,0.30,9,275.00,0.60,1518,229.00,15.60,250.00,0.50,9,275.00,0.40,2066,204.00,19.10,256.00
"2025-04-04 04:30:00",0.60,331.00,9.00,-0.11,9,274.00,0.15,3286,270.00,21.40,274.00,-0.20,9,274.00,0.50,1559,230.00,16.40,274.00,0.60,9,274.00,0.40,2268,197.00,21.10,274.00
"2025-04-04 04:45:00",0.50,6.00,9.00,-0.01,9,273.00,0.16,2855,272.00,20.10,271.00,-0.40,9,273.00,0.30,2313,227.00,20.10,273.00,0.20,9,273.00,0.50,2306,186.00,21.60,273.00
"2025-04-04 05:00:00",1.00,321.00,9.00,-0.10,9,273.00,0.15,3307,272.00,21.30,268.00,-0.20,9,273.00,0.30,2634,232.00,20.90,271.00,1.00,9,273.00,0.40,2133,193.00,20.60,272.00
"2025-04-04 05:15:00",0.50,293.00,9.00,-0.13,9,276.00,0.15,2979,300.00,18.90,254.00,0.10,9,276.00,0.50,2459,228.00,19.40,256.00,0.50,9,276.00,1.10,2243,257.00,18.10,251.00
"2025-04-04 05:30:00",0.90,149.00,9.00,-0.07,9,273.00,0.19,3322,325.00,20.00,273.00,0.30,9,273.00,0.70,2950,286.00,20.10,272.00,-0.80,9,273.00,1.60,2486,380.00,16.40,273.00
"2025-04-04 05:45:00",0.70,148.00,9.00,-0.03,9,274.00,0.17,3478,348.00,20.00,273.00,0.20,9,274.00,0.70,2928,329.00,19.00,269.00,-0.70,9,274.00,1.40,2081,383.00,14.90,267.00
"2025-04-04 06:00:00",2.10,132.00,9.00,0.04,9,273.00,0.26,3657,427.00,18.80,271.00,0.10,9,273.00,1.10,3142,420.00,17.60,272.00,-2.10,9,273.00,2.40,2868,502.00,15.20,273.00
"2025-04-04 06:15:00",1.90,139.00,9.00,0.01,9,275.00,0.20,3086,343.00,18.10,251.00,0.40,9,275.00,1.00,2769,345.00,17.20,253.00,-1.90,9,275.00,2.50,2233,429.00,13.90,254.00
"2025-04-04 06:30:00",0.60,143.00,9.00,-0.01,9,274.00,0.18,3157,316.00,19.80,273.00,0.10,9,274.00,0.80,2191,270.00,17.80,272.00,-0.60,9,274.00,1.40,2026,323.00,16.10,269.00
"2025-04-04 06:45:00",0.40,140.00,9.00,-0.05,9,273.00,0.21,2863,313.00,19.00,272.00,0.10,9,273.00,0.80,1889,267.00,16.90,268.00,-0.40,9,273.00,1.50,2009,339.00,15.80,268.00
"2025-04-04 07:00:00",1.60,124.00,9.00,-0.01,9,274.00,0.20,3083,342.00,19.00,274.00,-0.10,9,274.00,0.90,2160,302.00,17.00,272.00,-1.60,9,274.00,2.40,2270,443.00,14.40,274.00
"2025-04-04 07:15:00",0.70,128.00,9.00,0.01,9,275.00,0.19,2743,296.00,18.30,253.00,0.00,9,275.00,0.90,1825,242.00,16.50,252.00,-0.70,9,275.00,1.40,1977,305.00,15.70,251.00
"2025-04-04 07:30:00",0.50,139.00,9.00,-0.05,9,273.00,0.20,2966,311.00,19.30,272.00,0.10,9,273.00,1.00,2003,264.00,17.30,270.00,-0.50,9,273.00,1.30,2194,328.00,16.70,268.00
"2025-04-04 07:45:00",0.70,163.00,9.00,-0.04,9,274.00,0.21,2777,308.00,18.80,273.00,0.40,9,274.00,1.10,2083,268.00,17.40,273.00,-0.60,9,274.00,1.10,2296,299.00,17.80,270.00
"2025-04-04 08:00:00",1.10,141.00,9.00,-0.01,9,273.00,0.25,3083,365.00,18.30,272.00,0.20,9,273.00,1.00,2675,322.00,18.00,271.00,-1.00,9,273.00,1.50,2744,358.00,17.70,273.00
"2025-04-04 08:15:00",0.30,156.00,9.00,0.01,9,277.00,0.23,2335,323.00,16.30,255.00,0.10,9,277.00,1.10,1712,246.00,15.90,256.00,-0.30,9,277.00,0.90,1994,278.00,16.50,252.00
"2025-04-04 08:30:00",0.60,168.00,9.00,0.04,9,274.00,0.26,2570,356.00,17.20,268.00,0.40,9,274.00,1.40,1947,281.00,16.60,270.00,-0.50,9,274.00,1.00,2213,308.00,17.00,273.00
"2025-04-04 08:45:00",0.80,157.00,9.00,0.02,9,274.00,0.41,2747,397.00,16.70,270.00,0.40,9,274.00,1.70,2251,326.00,16.60,271.00,-0.70,9,274.00,1.30,2432,369.00,16.30,269.00
"2025-04-04 09:00:00",0.90,162.00,9.00,0.02,9,274.00,0.36,2488,367.00,16.50,270.00,0.50,9,274.00,1.90,1955,320.00,15.70,274.00,-0.70,9,274.00,1.40,2275,356.00,16.30,272.00
"2025-04-04 09:15:00",0.80,136.00,9.00,0.05,9,276.00,0.28,2378,343.00,16.00,252.00,0.10,9,276.00,1.40,1815,282.00,15.40,253.00,-0.80,9,276.00,1.20,2099,334.00,15.20,249.00
"2025-04-04 09:30:00",0.80,157.00,9.00,0.04,9,274.00,0.28,2419,357.00,16.60,270.00,0.40,9,274.00,1.60,1959,300.00,16.20,270.00,-0.70,9,274.00,1.20,2155,345.00,15.90,269.00
"2025-04-04 09:45:00",0.80,153.00,9.00,0.11,9,274.00,0.31,2645,394.00,16.60,271.00,0.30,9,274.00,1.70,2080,319.00,16.30,271.00,-0.70,9,274.00,1.30,2476,361.00,16.70,274.00
"2025-04-04 10:00:00",0.80,150.00,9.00,0.27,2,276.00,0.43,2952,409.00,17.20,276.00,0.30,2,276.00,1.60,2444,325.00,17.30,273.00,-0.70,2,276.00,1.40,2659,346.00,17.70,276.00
"2025-04-04 10:15:00",0.90,131.00,9.00,0.06,2,278.00,0.29,2667,334.00,17.10,253.00,0.00,2,278.00,1.60,2014,282.00,16.20,257.00,-0.90,2,278.00,1.60,2105,324.00,15.40,253.00
"2025-04-04 10:30:00",0.80,119.00,9.00,0.07,2,276.00,0.28,2712,349.00,17.80,272.00,-0.10,2,276.00,1.00,2027,264.00,17.60,274.00,-0.80,2,276.00,1.10,2265,304.00,17.40,271.00
"2025-04-04 10:45:00",1.00,117.00,9.00,0.17,2,276.00,0.37,2897,416.00,17.10,271.00,-0.20,2,276.00,1.40,2282,305.00,17.50,275.00,-1.00,2,276.00,1.30,2378,357.00,16.40,272.00
"2025-04-04 11:00:00",0.90,104.00,9.00,0.09,2,277.00,0.28,2590,329.00,17.90,272.00,-0.40,2,277.00,1.00,1989,244.00,18.10,275.00,-0.80,2,277.00,1.10,2227,299.00,17.30,272.00
"2025-04-04 11:15:00",1.00,143.00,9.00,0.16,2,279.00,0.40,2676,401.00,15.90,257.00,0.30,2,279.00,1.60,2221,310.00,16.30,257.00,-0.90,2,279.00,1.70,2258,355.00,15.40,255.00
"2025-04-04 11:30:00",0.80,101.00,9.00,0.15,2,276.00,0.35,2613,346.00,17.80,271.00,-0.40,2,276.00,1.20,2076,270.00,17.80,274.00,-0.70,2,276.00,1.40,2215,293.00,17.70,271.00
