"2025-04-01 00:00:00",0.40,120.00,9.00,0.04,9,274.00,0.14,1466,161.00,18.90,273.00,-0.10,9,274.00,1.00,670,130.00,13.90,274.00,-0.40,9,274.00,0.80,887,129.00,16.50,270.00
"2025-04-01 00:15:00",0.50,169.00,9.00,0.01,9,277.00,0.14,1380,183.00,16.80,250.00,0.30,9,277.00,1.10,651,143.00,12.50,253.00,-0.40,9,277.00,0.90,857,146.00,14.80,250.00
"2025-04-01 00:30:00",0.30,104.00,9.00,0.00,9,274.00,0.11,1601,154.00,20.00,274.00,-0.10,9,274.00,1.00,646,132.00,13.50,274.00,-0.30,9,274.00,0.70,827,120.00,16.70,271.00
"2025-04-01 00:45:00",0.30,184.00,9.00,0.01,9,274.00,0.13,1384,168.00,18.10,274.00,0.30,9,274.00,0.90,648,132.00,13.50,273.00,-0.20,9,274.00,0.80,877,119.00,17.20,272.00
"2025-04-01 01:00:00",0.50,199.00,9.00,0.01,9,275.00,0.15,1270,168.00,17.30,275.00,0.40,9,275.00,0.80,628,139.00,12.80,273.00,-0.10,9,275.00,0.70,753,122.00,15.60,273.00
"2025-04-01 01:15:00",0.20,209.00,9.00,0.03,9,276.00,0.18,1087,171.00,15.20,255.00,0.20,9,276.00,0.90,550,152.00,10.60,248.00,0.00,9,276.00,0.60,735,131.00,14.20,253.00
"2025-04-01 01:30:00",0.30,160.00,9.00,0.02,9,274.00,0.16,1115,183.00,15.60,271.00,0.20,9,274.00,0.90,600,156.00,11.50,260.00,-0.20,9,274.00,0.80,826,147.00,15.00,267.00
"2025-04-01 01:45:00",0.40,192.00,9.00,0.01,9,275.00,0.16,1133,167.00,16.20,274.00,0.30,9,275.00,0.80,626,145.00,12.40,270.00,-0.20,9,275.00,0.70,771,129.00,15.30,274.00
"2025-04-01 02:00:00",0.20,186.00,9.00,0.02,9,274.00,0.15,1118,166.00,16.30,273.00,0.20,9,274.00,0.90,500,145.00,10.50,257.00,-0.10,9,274.00,0.60,757,125.00,15.40,274.00
"2025-04-01 02:15:00",0.50,201.00,9.00,-0.02,9,277.00,0.10,1175,168.00,16.10,253.00,0.50,9,277.00,0.80,510,144.00,10.50,253.00,-0.10,9,277.00,0.60,762,123.00,15.20,256.00
"2025-04-01 02:30:00",0.50,188.00,9.00,-0.06,9,274.00,0.12,1275,180.00,16.90,274.00,0.40,9,274.00,0.70,531,153.00,10.60,269.00,-0.20,9,274.00,0.50,834,130.00,15.70,274.00
"2025-04-01 02:45:00",0.20,152.00,9.00,0.01,9,274.00,0.16,1166,184.00,15.80,272.00,0.10,9,274.00,0.60,595,155.00,11.70,266.00,-0.20,9,274.00,0.50,877,130.00,16.40,274.00
"2025-04-01 03:00:00",0.30,232.00,9.00,0.05,9,275.00,0.15,1278,169.00,17.70,271.00,0.30,9,275.00,0.70,550,128.00,12.80,267.00,0.10,9,275.00,0.60,792,122.00,16.70,267.00
"2025-04-01 03:15:00",0.30,269.00,9.00,0.00,9,276.00,0.20,1086,149.00,16.30,257.00,0.20,9,276.00,0.70,507,110.00,12.60,253.00,0.20,9,276.00,0.50,800,99.00,17.10,256.00
"2025-04-01 03:30:00",0.20,191.00,9.00,0.04,9,274.00,0.14,1338,145.00,19.00,274.00,0.20,9,274.00,0.70,559,110.00,13.80,272.00,-0.10,9,274.00,0.70,716,98.00,17.00,273.00
"2025-04-01 03:45:00",0.30,156.00,9.00,-0.01,9,275.00,0.14,1257,146.00,18.30,275.00,0.20,9,275.00,0.70,600,110.00,14.30,274.00,-0.30,9,275.00,0.50,826,101.00,18.00,275.00
"2025-04-01 04:00:00",0.20,224.00,9.00,-0.07,9,274.00,0.09,1475,158.00,19.10,271.00,0.20,9,274.00,0.40,609,125.00,13.50,270.00,0.00,9,274.00,0.50,931,96.00,19.50,274.00
"2025-04-01 04:15:00",0.10,90.00,9.00,0.08,9,277.00,0.11,1266,162.00,17.30,255.00,-0.10,9,277.00,0.40,729,126.00,14.80,250.00,-0.10,9,277.00,0.60,775,108.00,16.60,256.00
"2025-04-01 04:30:00",0.60,201.00,9.00,-0.01,9,273.00,0.14,1270,166.00,17.20,271.00,0.50,9,273.00,0.70,780,135.00,14.70,272.00,-0.20,9,273.00,0.80,959,114.00,18.30,273.00
"2025-04-01 04:45:00",0.70,169.00,9.00,0.03,9,273.00,0.15,1328,175.00,17.50,273.00,0.40,9,273.00,0.70,687,125.00,14.50,271.00,-0.50,9,273.00,1.00,971,116.00,18.00,273.00
"2025-04-01 05:00:00",0.40,104.00,9.00,0.09,9,274.00,0.11,1369,145.00,19.30,274.00,-0.20,9,274.00,0.60,631,107.00,15.20,273.00,-0.40,9,274.00,0.50,913,105.00,18.70,273.00
"2025-04-01 05:15:00",0.20,202.00,9.00,-0.02,9,275.00,0.14,1161,136.00,17.70,253.00,0.20,9,275.00,0.60,620,116.00,13.90,250.00,0.00,9,275.00,0.50,796,103.00,16.90,255.00
"2025-04-01 05:30:00",0.40,63.00,9.00,0.03,9,274.00,0.15,1191,157.00,17.70,274.00,-0.30,9,274.00,0.50,663,116.00,15.30,264.00,-0.20,9,274.00,0.40,799,123.00,16.60,266.00
"2025-04-01 05:45:00",0.20,186.00,9.00,-0.01,9,273.00,0.14,1460,155.00,19.40,272.00,0.10,9,273.00,0.60,681,117.00,15.30,269.00,-0.10,9,273.00,0.30,940,113.00,18.40,270.00
"2025-04-01 06:00:00",0.50,77.00,9.00,0.11,9,274.00,0.14,1227,142.00,18.50,274.00,-0.40,9,274.00,0.60,621,108.00,15.00,272.00,-0.30,9,274.00,0.30,901,106.00,18.50,272.00
"2025-04-01 06:15:00",0.30,53.00,9.00,0.06,9,275.00,0.16,1242,142.00,17.70,256.00,-0.30,9,275.00,0.80,685,112.00,14.90,256.00,-0.10,9,275.00,0.60,789,104.00,16.70,256.00
"2025-04-01 06:30:00",0.40,28.00,9.00,0.06,9,273.00,0.12,1541,138.00,20.70,273.00,-0.40,9,273.00,0.50,638,104.00,15.60,272.00,0.10,9,273.00,0.60,756,98.00,17.50,271.00
"2025-04-01 06:45:00",0.10,9.00,9.00,0.03,9,274.00,0.12,1482,170.00,19.10,272.00,-0.10,9,274.00,0.50,707,116.00,15.70,264.00,0.10,9,274.00,0.50,814,119.00,17.30,269.00
"2025-04-01 07:00:00",0.20,321.00,9.00,0.04,9,273.00,0.17,1345,199.00,17.20,268.00,0.00,9,273.00,0.80,723,147.00,13.90,263.00,0.20,9,273.00,0.60,857,134.00,16.90,260.00
"2025-04-01 07:15:00",0.40,222.00,9.00,0.00,9,276.00,0.14,1255,146.00,17.50,254.00,0.40,9,276.00,1.00,828,136.00,14.50,255.00,0.00,9,276.00,0.50,844,101.00,17.40,256.00
"2025-04-01 07:30:00",0.40,218.00,9.00,0.05,9,274.00,0.18,1199,164.00,17.10,270.00,0.40,9,274.00,1.20,895,151.00,15.00,274.00,0.00,9,274.00,0.80,932,114.00,17.90,273.00
"2025-04-01 07:45:00",0.30,306.00,9.00,0.05,9,274.00,0.20,1152,160.00,16.80,274.00,0.00,9,274.00,1.00,770,149.00,13.60,268.00,0.30,9,274.00,0.90,961,122.00,17.80,269.00
"2025-04-01 08:00:00",0.10,288.00,9.00,0.03,9,274.00,0.23,1279,171.00,17.10,274.00,0.00,9,274.00,1.00,853,149.00,14.60,269.00,0.10,9,274.00,0.80,992,121.00,18.10,271.00
"2025-04-01 08:15:00",0.60,266.00,9.00,0.01,9,277.00,0.19,1250,228.00,14.90,239.00,0.40,9,277.00,1.20,877,185.00,13.00,248.00,0.40,9,277.00,0.90,1016,168.00,15.40,246.00
"2025-04-01 08:30:00",0.40,180.00,9.00,-0.05,9,274.00,0.20,1308,179.00,17.00,272.00,0.30,9,274.00,1.40,893,156.00,14.60,272.00,-0.30,9,274.00,1.00,1071,125.00,18.40,273.00
"2025-04-01 08:45:00",0.70,321.00,9.00,0.15,9,274.00,0.32,1312,205.00,16.00,270.00,-0.20,9,274.00,1.70,1094,176.00,15.40,272.00,0.60,9,274.00,1.70,1065,170.00,16.00,270.00
"2025-04-01 09:00:00",0.50,16.00,9.00,0.01,9,274.00,0.18,1210,170.00,16.80,269.00,-0.40,9,274.00,0.90,770,142.00,14.40,272.00,0.20,9,274.00,0.70,902,117.00,17.60,269.00
"2025-04-01 09:15:00",0.30,21.00,9.00,-0.06,9,277.00,0.19,1108,164.00,15.60,255.00,-0.30,9,277.00,1.00,713,140.00,13.20,250.00,0.10,9,277.00,0.70,848,115.00,16.40,257.00
"2025-04-01 09:30:00",0.90,352.00,9.00,-0.03,9,273.00,0.21,1322,221.00,15.80,267.00,-0.60,9,273.00,1.10,1000,183.00,14.80,265.00,0.60,9,273.00,1.20,1069,179.00,16.10,268.00
"2025-04-01 09:45:00",0.80,355.00,9.00,-0.04,9,274.00,0.29,1352,194.00,16.60,269.00,-0.60,9,274.00,1.50,1008,161.00,15.60,273.00,0.50,9,274.00,1.10,988,143.00,16.80,268.00
"2025-04-01 10:00:00",1.10,13.00,9.00,-0.02,2,274.00,0.28,1343,193.00,16.50,274.00,-1.00,2,274.00,1.60,970,167.00,14.90,273.00,0.40,2,274.00,1.10,1008,143.00,16.80,269.00
"2025-04-01 10:15:00",1.00,309.00,9.00,0.09,2,276.00,0.29,1176,194.00,14.90,252.00,0.00,2,276.00,1.70,838,164.00,13.40,250.00,1.00,2,276.00,2.10,856,162.00,14.00,251.00
"2025-04-01 10:30:00",0.70,292.00,9.00,0.01,9,275.00,0.27,1105,185.00,15.40,270.00,0.20,9,275.00,2.20,826,155.00,14.40,269.00,0.70,9,275.00,1.40,839,147.00,15.40,269.00
"2025-04-01 10:45:00",0.50,271.00,9.00,0.07,9,276.00,0.30,1188,218.00,15.20,259.00,0.30,9,276.00,2.50,837,181.00,13.60,256.00,0.40,9,276.00,1.30,883,167.00,14.90,266.00
"2025-04-01 11:00:00",1.00,266.00,9.00,0.03,2,275.00,0.33,1150,212.00,14.80,267.00,0.70,2,275.00,2.60,940,186.00,14.10,261.00,0.80,2,275.00,1.70,855,165.00,14.70,265.00
"2025-04-01 11:15:00",1.10,279.00,9.00,0.06,2,278.00,0.35,1153,203.00,14.40,252.00,0.60,2,278.00,2.10,886,166.00,13.70,251.00,1.00,2,278.00,1.80,839,169.00,13.50,248.00
"2025-04-01 11:30:00",1.40,293.00,9.00,-0.05,2,276.00,0.45,1280,211.00,15.70,273.00,0.30,2,276.00,2.20,1013,171.00,15.20,274.00,1.30,2,276.00,2.20,1013,170.00,15.60,275.00
"2025-04-01 11:45:00",1.70,326.00,9.00,0.09,2,276.00,0.50,1358,234.00,15.20,271.00,-0.50,2,276.00,2.70,949,172.00,14.60,274.00,1.60,2,276.00,2.90,1007,190.00,14.80,273.00
"2025-04-01 12:00:00",1.00,292.00,9.00,0.14,9,276.00,0.44,1238,213.00,15.40,271.00,0.30,9,276.00,2.40,998,177.00,14.70,270.00,1.00,9,276.00,2.40,882,183.00,14.00,270.00
"2025-04-01 12:15:00",0.90,274.00,9.00,-0.01,2,278.00,0.29,1092,214.00,13.70,247.00,0.50,2,278.00,2.10,780,175.00,12.60,240.00,0.70,2,278.00,1.60,779,179.00,12.70,246.00
"2025-04-01 12:30:00",0.70,297.00,9.00,0.03,2,275.00,0.31,1086,184.00,15.50,269.00,0.10,2,275.00,1.90,774,149.00,14.20,268.00,0.70,2,275.00,1.60,761,137.00,15.00,270.00
"2025-04-01 12:45:00",0.70,263.00,9.00,0.00,2,276.00,0.25,1080,198.00,14.80,268.00,0.50,2,276.00,1.80,715,156.00,13.30,265.00,0.50,2,276.00,1.20,817,162.00,14.30,268.00
"2025-04-01 13:00:00",0.50,230.00,9.00,0.04,2,276.00,0.21,1067,172.00,15.70,271.00,0.50,2,276.00,1.60,677,137.00,14.00,263.00,0.10,2,276.00,0.90,786,131.00,15.70,269.00
"2025-04-01 13:15:00",0.70,286.00,9.00,0.03,2,278.00,0.25,1039,177.00,14.60,250.00,0.20,2,278.00,1.70,675,140.00,13.30,249.00,0.60,2,278.00,1.90,760,140.00,14.30,250.00
"2025-04-01 13:30:00",0.80,309.00,9.00,0.03,2,276.00,0.32,1185,227.00,14.70,265.00,0.00,2,276.00,2.30,823,177.00,13.50,264.00,0.80,2,276.00,2.00,847,187.00,13.60,263.00
"2025-04-01 13:45:00",0.30,285.00,9.00,0.02,9,275.00,0.20,1024,170.00,15.50,273.00,0.10,9,275.00,1.40,652,128.00,14.10,269.00,0.30,9,275.00,0.90,754,130.00,15.30,270.00
"2025-04-01 14:00:00",0.40,278.00,9.00,0.03,9,276.00,0.26,1124,176.00,16.10,271.00,0.20,9,276.00,1.60,750,144.00,14.20,272.00,0.40,9,276.00,1.10,879,143.00,15.90,271.00
"2025-04-01 14:15:00",0.40,315.00,9.00,0.02,9,278.00,0.26,1003,173.00,14.60,252.00,-0.10,9,278.00,1.80,721,142.00,13.50,251.00,0.40,9,278.00,1.30,777,135.00,14.90,251.00
"2025-04-01 14:30:00",0.70,296.00,9.00,0.05,9,276.00,0.29,1094,192.00,15.10,268.00,0.10,9,276.00,2.20,726,151.00,13.60,270.00,0.70,9,276.00,1.50,790,144.00,14.90,269.00
"2025-04-01 14:45:00",0.70,293.00,9.00,0.00,9,276.00,0.33,989,197.00,14.30,266.00,0.20,9,276.00,2.70,691,156.00,12.90,262.00,0.70,9,276.00,1.80,716,156.00,13.80,258.00
"2025-04-01 15:00:00",2.00,289.00,9.00,-0.04,2,276.00,0.51,1131,221.00,14.10,268.00,0.70,2,276.00,3.30,873,193.00,13.20,272.00,1.90,2,276.00,3.30,858,197.00,12.90,268.00
"2025-04-01 15:15:00",1.10,272.00,9.00,0.05,2,279.00,0.34,993,182.00,14.20,253.00,0.70,2,279.00,2.10,671,144.00,12.90,251.00,0.90,2,279.00,2.50,736,155.00,13.20,253.00
"2025-04-01 15:30:00",1.40,283.00,9.00,-0.05,2,276.00,0.51,1068,198.00,14.60,271.00,0.60,2,276.00,2.80,769,163.00,13.40,269.00,1.30,2,276.00,2.70,801,164.00,13.80,271.00
"2025-04-01 15:45:00",0.80,269.00,9.00,0.00,2,277.00,0.26,1015,171.00,15.50,270.00,0.50,2,277.00,1.70,639,135.00,13.30,271.00,0.60,2,277.00,2.40,773,154.00,14.30,269.00
"2025-04-01 16:00:00",0.70,231.00,9.00,0.02,2,276.00,0.22,986,163.00,15.40,272.00,0.60,2,276.00,1.90,604,132.00,13.10,268.00,0.20,2,276.00,1.10,729,136.00,14.60,268.00
"2025-04-01 16:15:00",0.20,232.00,9.00,0.04,2,277.00,0.20,928,173.00,14.20,244.00,0.20,2,277.00,1.40,569,139.00,12.10,237.00,0.10,2,277.00,0.90,682,142.00,13.50,242.00
"2025-04-01 16:30:00",0.30,241.00,9.00,0.03,9,276.00,0.20,943,158.00,15.50,271.00,0.20,9,276.00,1.60,562,122.00,13.30,267.00,0.10,9,276.00,0.80,732,132.00,14.90,269.00
"2025-04-01 16:45:00",0.20,245.00,9.00,0.03,9,276.00,0.19,969,151.00,16.00,272.00,0.10,9,276.00,1.30,563,122.00,13.30,266.00,0.10,9,276.00,0.70,702,123.00,15.10,271.00
"2025-04-01 17:00:00",0.10,225.00,9.00,0.05,9,276.00,0.18,924,146.00,15.80,272.00,0.10,9,276.00,1.10,567,125.00,13.50,262.00,0.00,9,276.00,0.70,697,112.00,15.80,271.00
"2025-04-01 17:15:00",0.20,218.00,9.00,0.06,9,277.00,0.22,860,149.00,14.60,252.00,0.20,9,277.00,1.20,536,129.00,12.20,246.00,0.00,9,277.00,0.70,672,125.00,14.10,251.00
"2025-04-01 17:30:00",0.10,246.00,9.00,0.06,9,276.00,0.19,942,146.00,16.00,272.00,0.10,9,276.00,1.00,537,114.00,13.40,270.00,0.10,9,276.00,0.70,704,113.00,15.80,273.00
"2025-04-01 17:45:00",0.20,268.00,9.00,0.06,9,276.00,0.19,941,158.00,15.70,270.00,0.10,9,276.00,0.90,564,123.00,13.40,258.00,0.10,9,276.00,0.60,713,121.00,15.70,267.00
"2025-04-01 18:00:00",0.20,225.00,9.00,0.06,9,276.00,0.17,959,145.00,16.20,272.00,0.20,9,276.00,0.80,552,107.00,14.10,269.00,0.00,9,276.00,0.70,699,107.00,16.10,272.00
"2025-04-01 18:15:00",0.10,237.00,9.00,0.08,9,277.00,0.18,915,134.00,15.70,256.00,0.10,9,277.00,0.80,541,105.00,13.60,250.00,0.00,9,277.00,0.60,691,97.00,16.20,256.00
"2025-04-01 18:30:00",0.30,227.00,9.00,0.07,9,274.00,0.19,1014,173.00,15.80,263.00,0.30,9,274.00,0.90,557,131.00,12.90,256.00,0.00,9,274.00,0.60,768,131.00,16.00,262.00
"2025-04-01 18:45:00",0.30,252.00,9.00,0.05,9,274.00,0.19,952,139.00,16.30,273.00,0.20,9,274.00,0.80,535,107.00,13.70,270.00,0.20,9,274.00,0.60,719,102.00,16.70,272.00
"2025-04-01 19:00:00",0.30,245.00,9.00,0.08,9,274.00,0.18,953,142.00,16.20,272.00,0.20,9,274.00,0.90,541,112.00,13.40,268.00,0.10,9,274.00,0.60,753,103.00,17.00,274.00
"2025-04-01 19:15:00",0.20,232.00,9.00,0.04,9,276.00,0.19,965,160.00,15.00,252.00,0.20,9,276.00,1.00,530,127.00,12.00,250.00,0.10,9,276.00,0.70,711,119.00,15.00,250.00
"2025-04-01 19:30:00",0.40,255.00,9.00,0.00,9,274.00,0.18,996,152.00,16.00,269.00,0.30,9,274.00,1.00,569,123.00,13.10,272.00,0.30,9,274.00,0.60,774,106.00,17.00,272.00
"2025-04-01 19:45:00",0.40,264.00,9.00,0.01,9,274.00,0.18,967,141.00,16.40,274.00,0.20,9,274.00,0.90,565,121.00,13.10,268.00,0.30,9,274.00,0.70,742,100.00,17.10,273.00
"2025-04-01 20:00:00",0.40,254.00,9.00,0.00,9,274.00,0.16,1001,141.00,16.60,272.00,0.30,9,274.00,0.80,571,119.00,13.40,269.00,0.20,9,274.00,0.70,771,101.00,17.40,271.00
"2025-04-01 20:15:00",0.20,263.00,9.00,0.01,9,276.00,0.18,985,139.00,16.00,256.00,0.20,9,276.00,0.90,480,112.00,12.10,252.00,0.20,9,276.00,0.50,741,94.00,16.90,256.00
"2025-04-01 20:30:00",0.10,252.00,9.00,0.01,9,274.00,0.19,999,146.00,16.40,274.00,0.10,9,274.00,0.90,548,111.00,13.60,267.00,0.00,9,274.00,0.70,780,104.00,17.20,271.00
"2025-04-01 20:45:00",0.30,260.00,9.00,0.03,9,274.00,0.20,1064,200.00,15.50,252.00,0.20,9,274.00,1.00,593,149.00,12.80,253.00,0.20,9,274.00,0.60,832,154.00,16.10,253.00
"2025-04-01 21:00:00",0.30,262.00,9.00,0.02,9,273.00,0.17,1044,158.00,16.20,269.00,0.20,9,273.00,1.20,586,130.00,13.10,265.00,0.20,9,273.00,0.70,752,128.00,15.40,265.00
"2025-04-01 21:15:00",0.40,266.00,9.00,0.02,9,277.00,0.19,950,153.00,14.90,257.00,0.30,9,277.00,1.30,563,131.00,12.00,251.00,0.30,9,277.00,0.80,755,136.00,14.20,253.00
"2025-04-01 21:30:00",0.90,265.00,9.00,0.02,9,274.00,0.28,1088,193.00,15.10,269.00,0.60,9,274.00,1.30,724,162.00,13.10,261.00,0.70,9,274.00,1.10,884,186.00,13.80,262.00
"2025-04-01 21:45:00",1.10,271.00,9.00,0.03,9,274.00,0.26,1102,176.00,15.90,269.00,0.70,9,274.00,1.70,738,142.00,14.20,270.00,0.90,9,274.00,1.60,880,157.00,15.00,269.00
"2025-04-01 22:00:00",0.60,270.00,9.00,0.05,9,273.00,0.21,1121,189.00,15.70,261.00,0.40,9,273.00,1.30,739,145.00,14.30,262.00,0.50,9,273.00,1.00,894,160.00,15.40,266.00
"2025-04-01 22:15:00",0.90,265.00,9.00,0.00,9,277.00,0.22,1036,199.00,14.30,248.00,0.60,9,277.00,1.70,684,152.00,12.80,249.00,0.70,9,277.00,1.00,814,157.00,14.30,249.00
"2025-04-01 22:30:00",0.50,264.00,9.00,0.04,9,273.00,0.20,1078,158.00,16.40,271.00,0.30,9,273.00,1.00,634,121.00,14.20,267.00,0.30,9,273.00,0.80,809,117.00,16.60,268.00
"2025-04-01 22:45:00",0.60,250.00,9.00,0.06,9,275.00,0.24,1117,165.00,16.40,275.00,0.50,9,275.00,1.60,710,135.00,14.30,270.00,0.30,9,275.00,0.80,857,122.00,16.90,270.00
"2025-04-01 23:00:00",0.50,261.00,9.00,0.00,9,274.00,0.24,1059,171.00,15.60,272.00,0.40,9,274.00,1.30,690,134.00,13.90,268.00,0.40,9,274.00,1.00,792,133.00,15.60,269.00
"2025-04-01 23:15:00",0.50,258.00,9.00,-0.02,9,276.00,0.21,997,153.00,15.40,254.00,0.40,9,276.00,1.20,594,122.00,13.00,251.00,0.30,9,276.00,0.80,748,109.00,15.90,252.00
"2025-04-01 23:30:00",0.60,263.00,9.00,0.03,9,273.00,0.23,1107,214.00,14.70,253.00,0.40,9,273.00,1.50,687,152.00,13.10,257.00,0.40,9,273.00,1.00,837,162.00,15.00,258.00
"2025-04-01 23:45:00",0.30,264.00,9.00,0.03,9,274.00,0.22,1008,148.00,16.40,272.00,0.20,9,274.00,1.10,585,116.00,13.70,269.00,0.20,9,274.00,0.80,770,110.00,16.80,269.00
"2025-04-02 00:00:00",0.30,282.00,9.00,0.02,9,274.00,0.18,1060,197.00,15.30,250.00,0.10,9,274.00,1.10,566,133.00,12.80,258.00,0.30,9,274.00,0.70,802,140.00,15.90,264.00
"2025-04-02 00:15:00",0.30,266.00,9.00,0.00,9,277.00,0.18,984,152.00,15.30,255.00,0.20,9,277.00,1.30,540,118.00,12.60,252.00,0.30,9,277.00,0.70,704,109.00,15.40,255.00
"2025-04-02 00:30:00",0.30,248.00,9.00,0.01,9,274.00,0.20,990,146.00,16.30,273.00,0.30,9,274.00,1.00,566,110.00,13.90,267.00,0.20,9,274.00,0.60,767,106.00,17.00,268.00
"2025-04-02 00:45:00",0.40,247.00,9.00,0.02,9,274.00,0.21,1055,188.00,15.20,263.00,0.40,9,274.00,1.00,581,134.00,12.90,262.00,0.20,9,274.00,0.80,771,139.00,15.50,264.00
"2025-04-02 01:00:00",0.20,264.00,9.00,0.01,9,275.00,0.19,1011,144.00,16.60,272.00,0.10,9,275.00,0.90,568,106.00,14.20,273.00,0.20,9,275.00,0.60,783,109.00,16.90,274.00
"2025-04-02 01:15:00",0.50,281.00,9.00,-0.01,9,276.00,0.19,1152,384.00,10.90,187.00,0.20,9,276.00,1.00,819,352.00,8.60,150.00,0.40,9,276.00,0.80,995,414.00,9.60,156.00
"2025-04-02 01:30:00",0.50,291.00,9.00,0.00,9,274.00,0.20,1182,298.00,12.60,244.00,0.20,9,274.00,1.00,763,280.00,9.60,204.00,0.50,9,274.00,1.20,955,303.00,11.30,212.00
"2025-04-02 01:45:00",1.10,267.00,9.00,-0.03,9,274.00,0.24,1245,340.00,11.90,227.00,0.70,9,274.00,1.90,914,318.00,9.90,187.00,0.80,9,274.00,1.60,1029,355.00,10.40,203.00
"2025-04-02 02:00:00",0.80,243.00,9.00,0.00,9,274.00,0.21,1192,192.00,16.10,267.00,0.80,9,274.00,1.40,716,156.00,13.50,259.00,0.30,9,274.00,0.90,861,153.00,15.30,262.00
"2025-04-02 02:15:00",1.70,232.00,9.00,0.01,9,277.00,0.20,1225,175.00,16.10,252.00,1.70,9,277.00,2.10,730,152.00,12.90,254.00,0.40,9,277.00,1.00,836,133.00,15.30,252.00
"2025-04-02 02:30:00",1.50,255.00,9.00,-0.04,9,274.00,0.27,1324,196.00,16.70,271.00,1.20,9,274.00,1.70,832,168.00,13.80,263.00,0.90,9,274.00,1.20,972,177.00,15.20,267.00
"2025-04-02 02:45:00",1.60,242.00,9.00,-0.01,9,274.00,0.22,1311,274.00,14.50,251.00,1.50,9,274.00,1.70,948,262.00,12.10,221.00,0.60,9,274.00,1.00,1010,270.00,13.30,217.00
"2025-04-02 03:00:00",2.10,255.00,9.00,-0.03,9,275.00,0.29,1408,413.00,10.90,240.00,1.70,9,275.00,2.30,1025,390.00,8.60,185.00,1.30,9,275.00,1.50,1110,451.00,8.30,169.00
"2025-04-02 03:15:00",1.70,258.00,9.00,-0.05,9,277.00,0.24,1367,292.00,13.70,246.00,1.30,9,277.00,1.60,970,268.00,11.40,227.00,1.10,9,277.00,1.30,1093,303.00,11.80,232.00
"2025-04-02 03:30:00",1.60,261.00,9.00,-0.05,9,274.00,0.21,1403,226.00,15.80,266.00,1.20,9,274.00,1.30,992,206.00,13.80,262.00,1.10,9,274.00,1.10,1073,217.00,14.40,264.00
"2025-04-02 03:45:00",1.00,231.00,9.00,0.00,9,275.00,0.16,1577,177.00,18.80,274.00,1.00,9,275.00,1.10,932,149.00,15.60,272.00,0.20,9,275.00,0.70,1198,146.00,18.10,272.00
"2025-04-02 04:00:00",1.40,242.00,9.00,0.00,9,274.00,0.19,1664,188.00,18.60,272.00,1.30,9,274.00,1.30,1070,164.00,15.90,274.00,0.60,9,274.00,1.00,1188,160.00,17.30,270.00
"2025-04-02 04:15:00",1.50,244.00,9.00,-0.02,9,276.00,0.18,1452,174.00,17.30,256.00,1.40,9,276.00,1.30,882,151.00,14.40,255.00,0.70,9,276.00,0.90,1023,129.00,16.90,256.00
"2025-04-02 04:30:00",1.80,242.00,9.00,0.05,9,274.00,0.20,1810,202.00,18.70,273.00,1.60,9,274.00,1.50,1191,186.00,15.90,273.00,0.70,9,274.00,1.00,1282,166.00,17.50,273.00
"2025-04-02 04:45:00",0.70,241.00,9.00,-0.01,9,274.00,0.19,1643,203.00,18.00,272.00,0.60,9,274.00,0.90,909,169.00,14.20,269.00,0.30,9,274.00,0.70,969,137.00,17.00,271.00
"2025-04-02 05:00:00",0.50,239.00,9.00,0.02,9,273.00,0.19,1655,189.00,18.50,273.00,0.50,9,273.00,1.00,943,165.00,14.70,271.00,0.20,9,273.00,0.60,1136,132.00,18.40,272.00
"2025-04-02 05:15:00",0.70,272.00,9.00,0.06,9,276.00,0.18,1566,192.00,17.20,252.00,0.40,9,276.00,1.00,995,162.00,14.70,255.00,0.50,9,276.00,0.90,1072,136.00,17.00,256.00
"2025-04-02 05:30:00",0.20,354.00,9.00,0.04,9,273.00,0.15,1712,185.00,19.10,271.00,-0.10,9,273.00,0.70,791,149.00,14.10,271.00,0.10,9,273.00,0.60,1040,127.00,18.10,270.00
"2025-04-02 05:45:00",0.20,12.00,9.00,0.03,9,274.00,0.15,1520,181.00,18.20,273.00,-0.20,9,274.00,0.80,701,155.00,12.70,262.00,0.10,9,274.00,0.50,952,130.00,17.20,272.00
"2025-04-02 06:00:00",0.50,249.00,9.00,0.06,9,273.00,0.16,1679,200.00,18.40,273.00,0.40,9,273.00,1.00,862,171.00,13.50,267.00,0.30,9,273.00,0.60,1173,144.00,18.10,271.00
"2025-04-02 06:15:00",0.60,266.00,9.00,0.03,9,276.00,0.20,1534,192.00,17.10,254.00,0.40,9,276.00,0.90,995,169.00,14.30,255.00,0.40,9,276.00,0.70,1108,149.00,16.30,253.00
"2025-04-02 06:30:00",0.30,325.00,9.00,0.05,9,273.00,0.18,1696,193.00,18.50,271.00,-0.10,9,273.00,0.90,1013,166.00,15.10,270.00,0.30,9,273.00,0.70,1118,138.00,18.00,273.00
"2025-04-02 06:45:00",0.30,333.00,9.00,0.00,9,273.00,0.14,1670,182.00,19.00,273.00,-0.10,9,273.00,0.90,888,156.00,14.50,271.00,0.30,9,273.00,0.50,1119,127.00,18.60,273.00
"2025-04-02 07:00:00",0.20,338.00,9.00,0.01,9,274.00,0.13,1844,193.00,19.20,274.00,-0.10,9,274.00,0.80,896,161.00,14.50,270.00,0.20,9,274.00,0.70,1037,151.00,16.70,271.00
"2025-04-02 07:15:00",0.60,9.00,9.00,0.10,9,275.00,0.19,1475,180.00,17.20,255.00,-0.50,9,275.00,1.10,1068,154.00,15.40,255.00,0.30,9,275.00,0.90,1102,149.00,16.50,253.00
"2025-04-02 07:30:00",0.30,303.00,9.00,-0.01,9,274.00,0.16,1517,308.00,13.90,257.00,0.00,9,274.00,0.90,1092,294.00,11.40,218.00,0.30,9,274.00,0.90,1062,299.00,11.90,231.00
"2025-04-02 07:45:00",0.30,268.00,9.00,0.01,9,275.00,0.18,1305,169.00,17.40,275.00,0.20,9,275.00,0.70,841,136.00,15.50,272.00,0.20,9,275.00,0.70,962,131.00,17.10,271.00
"2025-04-02 08:00:00",0.10,73.00,9.00,0.04,9,274.00,0.13,1283,168.00,17.40,273.00,-0.10,9,274.00,0.80,667,128.00,14.20,269.00,-0.10,9,274.00,0.50,931,124.00,17.50,272.00
"2025-04-02 08:15:00",0.30,222.00,9.00,-0.06,9,275.00,0.15,1440,161.00,18.10,256.00,0.30,9,275.00,0.70,788,138.00,14.40,255.00,0.00,9,275.00,0.70,949,125.00,16.80,252.00
"2025-04-02 08:30:00",0.10,185.00,9.00,0.00,9,275.00,0.16,1341,161.00,18.20,273.00,0.10,9,275.00,0.70,771,125.00,15.40,273.00,-0.10,9,275.00,0.70,987,119.00,18.10,275.00
"2025-04-02 08:45:00",0.10,174.00,9.00,-0.04,9,274.00,0.19,1197,232.00,15.60,253.00,0.10,9,274.00,0.70,689,154.00,13.60,247.00,-0.10,9,274.00,0.80,899,159.00,16.20,258.00
"2025-04-02 09:00:00",0.30,87.00,9.00,-0.04,9,274.00,0.18,1142,186.00,15.90,262.00,-0.20,9,274.00,0.90,788,143.00,14.90,265.00,-0.20,9,274.00,0.80,899,136.00,16.80,265.00
"2025-04-02 09:15:00",0.20,335.00,9.00,-0.07,9,276.00,0.24,1126,266.00,12.80,227.00,-0.10,9,276.00,1.50,733,237.00,10.40,195.00,0.10,9,276.00,0.90,875,248.00,11.90,202.00
"2025-04-02 09:30:00",0.80,224.00,9.00,-0.03,9,274.00,0.22,1197,393.00,10.00,211.00,0.80,9,274.00,1.60,811,389.00,6.70,110.00,0.10,9,274.00,0.70,993,447.00,7.40,133.00
"2025-04-02 09:45:00",1.20,238.00,9.00,-0.02,9,274.00,0.25,1205,211.00,15.30,266.00,1.20,9,274.00,1.70,759,193.00,12.10,249.00,0.40,9,274.00,0.80,915,188.00,14.50,249.00
"2025-04-02 10:00:00",0.60,235.00,9.00,0.01,2,274.00,0.20,1104,195.00,15.50,254.00,0.60,2,274.00,1.10,710,156.00,13.50,255.00,0.20,2,274.00,0.80,831,149.00,15.60,259.00
"2025-04-02 10:15:00",0.30,223.00,9.00,0.00,2,276.00,0.18,1123,176.00,15.80,256.00,0.30,2,276.00,0.70,640,133.00,13.60,250.00,0.00,2,276.00,0.60,815,122.00,16.30,252.00
"2025-04-02 10:30:00",0.20,222.00,9.00,0.00,9,274.00,0.18,1079,150.00,16.90,271.00,0.20,9,274.00,0.70,603,110.00,14.60,272.00,0.00,9,274.00,0.70,771,105.00,17.20,271.00
"2025-04-02 10:45:00",0.10,158.00,9.00,0.00,9,275.00,0.19,1048,152.00,16.50,273.00,0.00,9,275.00,0.90,611,113.00,14.40,269.00,-0.10,9,275.00,0.70,827,105.00,17.70,271.00
"2025-04-02 11:00:00",0.50,236.00,9.00,0.01,9,274.00,0.21,1133,167.00,16.60,270.00,0.50,9,274.00,1.50,713,143.00,14.00,261.00,0.20,9,274.00,0.80,844,125.00,16.70,268.00
"2025-04-02 11:15:00",0.40,284.00,9.00,0.00,9,276.00,0.34,1128,192.00,14.60,251.00,0.20,9,276.00,2.20,836,182.00,12.40,250.00,0.40,9,276.00,1.20,829,150.00,14.20,251.00
"2025-04-02 11:30:00",0.20,228.00,9.00,0.08,9,274.00,0.26,1139,221.00,14.40,262.00,0.20,9,274.00,1.50,741,190.00,11.70,254.00,0.00,9,274.00,0.80,840,174.00,14.30,252.00
"2025-04-02 11:45:00",0.40,233.00,9.00,0.07,9,275.00,0.22,1203,181.00,16.30,270.00,0.40,9,275.00,1.40,827,159.00,13.90,271.00,0.10,9,275.00,0.80,864,134.00,16.20,271.00
"2025-04-02 12:00:00",1.60,254.00,9.00,0.22,2,275.00,0.46,1335,221.00,15.60,271.00,1.30,2,275.00,3.00,1083,211.00,14.00,275.00,1.00,2,275.00,2.30,993,176.00,14.80,272.00
"2025-04-02 12:15:00",0.70,312.00,9.00,0.08,9,278.00,0.29,1115,171.00,15.60,252.00,-0.10,9,278.00,1.60,774,138.00,14.30,252.00,0.70,9,278.00,2.00,781,140.00,14.70,253.00
"2025-04-02 12:30:00",0.40,303.00,9.00,0.04,9,276.00,0.20,1116,200.00,15.40,256.00,0.00,9,276.00,1.20,742,165.00,13.50,243.00,0.40,9,276.00,1.10,830,178.00,14.70,254.00
"2025-04-02 12:45:00",0.40,264.00,9.00,0.08,9,276.00,0.27,1152,223.00,15.10,264.00,0.30,9,276.00,1.30,773,162.00,14.10,260.00,0.30,9,276.00,1.20,875,170.00,15.10,266.00
"2025-04-02 13:00:00",1.30,311.00,9.00,-0.04,2,274.00,0.28,1209,223.00,14.80,264.00,-0.10,2,274.00,1.70,866,191.00,13.20,258.00,1.30,2,274.00,1.60,895,215.00,12.90,255.00
"2025-04-02 13:15:00",0.80,301.00,9.00,0.06,2,276.00,0.28,1083,174.00,15.30,252.00,0.10,2,276.00,1.10,714,121.00,14.50,252.00,0.80,2,276.00,1.60,818,142.00,14.90,249.00
"2025-04-02 13:30:00",1.00,253.00,9.00,0.07,2,276.00,0.30,1127,216.00,14.60,263.00,0.80,2,276.00,2.30,762,190.00,12.50,248.00,0.60,2,276.00,1.60,794,208.00,12.30,249.00
"2025-04-02 13:45:00",0.90,239.00,9.00,-0.02,2,276.00,0.23,1145,213.00,15.00,262.00,0.90,2,276.00,1.10,810,190.00,13.60,245.00,0.30,2,276.00,0.80,917,196.00,14.80,240.00
"2025-04-02 14:00:00",0.60,225.00,9.00,0.05,9,274.00,0.23,1255,187.00,16.60,264.00,0.60,9,274.00,1.20,899,141.00,16.10,268.00,0.10,9,274.00,0.80,994,137.00,17.60,267.00
"2025-04-02 14:15:00",0.50,321.00,9.00,0.06,9,276.00,0.25,1140,206.00,14.90,245.00,-0.10,9,276.00,1.10,775,145.00,14.10,247.00,0.50,9,276.00,1.10,860,162.00,14.80,247.00
"2025-04-02 14:30:00",0.50,351.00,9.00,0.03,9,276.00,0.25,1145,178.00,16.00,270.00,-0.30,9,276.00,1.30,687,128.00,14.50,268.00,0.30,9,276.00,1.20,826,130.00,16.20,271.00
"2025-04-02 14:45:00",0.70,264.00,9.00,0.02,2,276.00,0.24,1045,198.00,14.30,269.00,0.50,2,276.00,1.90,689,147.00,13.30,266.00,0.50,2,276.00,1.50,779,156.00,14.20,268.00
"2025-04-02 15:00:00",0.90,293.00,9.00,0.02,9,275.00,0.30,1123,220.00,13.90,264.00,0.20,9,275.00,1.60,796,165.00,13.50,263.00,0.90,9,275.00,2.20,797,156.00,14.20,267.00
"2025-04-02 15:15:00",1.30,259.00,9.00,-0.03,2,278.00,0.33,937,208.00,12.60,243.00,1.00,2,278.00,3.40,628,161.00,11.50,252.00,0.80,2,278.00,1.90,723,152.00,13.00,251.00
"2025-04-02 15:30:00",0.50,302.00,9.00,0.04,9,276.00,0.28,1028,204.00,14.20,264.00,0.10,9,276.00,2.40,706,162.00,12.80,264.00,0.50,9,276.00,1.60,741,166.00,13.30,259.00
"2025-04-02 15:45:00",0.50,308.00,9.00,0.03,9,276.00,0.27,985,160.00,15.70,270.00,0.00,9,276.00,2.20,601,135.00,13.20,265.00,0.50,9,276.00,1.50,740,133.00,15.10,270.00
"2025-04-02 16:00:00",1.60,236.00,9.00,0.02,2,275.00,0.43,1059,193.00,14.90,267.00,1.50,2,275.00,3.40,706,158.00,13.00,269.00,0.50,2,275.00,1.50,788,142.00,15.10,269.00
"2025-04-02 16:15:00",0.60,238.00,9.00,0.03,9,278.00,0.24,934,148.00,15.30,252.00,0.60,9,278.00,1.60,583,115.00,13.60,253.00,0.20,9,278.00,0.90,685,105.00,15.70,253.00
"2025-04-02 16:30:00",0.70,241.00,9.00,0.05,2,276.00,0.26,974,161.00,15.60,271.00,0.60,2,276.00,1.70,653,130.00,13.90,271.00,0.30,2,276.00,1.30,765,120.00,16.10,270.00
"2025-04-02 16:45:00",0.50,356.00,9.00,0.03,9,275.00,0.21,971,152.00,16.10,269.00,-0.30,9,275.00,1.50,554,119.00,13.40,265.00,0.30,9,275.00,1.10,698,127.00,15.10,265.00
"2025-04-02 17:00:00",0.30,309.00,9.00,0.09,9,276.00,0.28,1002,157.00,16.00,271.00,0.00,9,276.00,1.70,605,117.00,14.10,271.00,0.30,9,276.00,1.40,741,123.00,15.70,271.00
"2025-04-02 17:15:00",0.30,321.00,9.00,0.04,9,278.00,0.20,903,133.00,15.70,257.00,-0.10,9,278.00,1.20,538,104.00,13.50,253.00,0.30,9,278.00,0.80,690,104.00,15.80,255.00
"2025-04-02 17:30:00",0.10,12.00,9.00,0.07,9,274.00,0.20,897,136.00,16.20,269.00,0.00,9,274.00,0.90,497,99.00,13.80,268.00,0.00,9,274.00,0.60,664,97.00,16.70,270.00
"2025-04-02 17:45:00",0.30,278.00,9.00,0.02,9,274.00,0.19,852,130.00,16.10,270.00,0.20,9,274.00,0.70,498,92.00,14.40,267.00,0.30,9,274.00,0.70,656,92.00,16.90,273.00
"2025-04-02 18:00:00",0.30,260.00,9.00,0.02,9,274.00,0.18,880,127.00,16.60,272.00,0.20,9,274.00,1.00,467,100.00,13.20,269.00,0.20,9,274.00,0.70,690,88.00,17.60,274.00
"2025-04-02 18:15:00",0.10,300.00,9.00,0.05,9,276.00,0.19,830,145.00,14.70,248.00,0.00,9,276.00,0.80,472,116.00,11.90,244.00,0.10,9,276.00,0.60,633,103.00,15.70,248.00
"2025-04-02 18:30:00",0.40,264.00,9.00,0.01,9,274.00,0.17,929,135.00,16.40,273.00,0.30,9,274.00,0.80,490,112.00,12.50,264.00,0.30,9,274.00,0.70,681,93.00,17.00,273.00
"2025-04-02 18:45:00",0.30,244.00,9.00,0.03,9,274.00,0.17,928,198.00,13.90,250.00,0.30,9,274.00,0.80,587,177.00,11.30,226.00,0.10,9,274.00,0.70,780,183.00,14.00,241.00
"2025-04-02 19:00:00",1.00,253.00,9.00,0.01,9,274.00,0.21,1065,151.00,16.60,274.00,0.80,9,274.00,1.20,681,126.00,14.30,271.00,0.60,9,274.00,0.90,852,118.00,17.10,271.00
"2025-04-02 19:15:00",0.70,243.00,9.00,0.02,9,276.00,0.18,1029,142.00,16.20,255.00,0.70,9,276.00,1.00,578,110.00,13.70,256.00,0.30,9,276.00,0.70,739,103.00,16.20,252.00
"2025-04-02 19:30:00",0.60,249.00,9.00,0.02,9,274.00,0.19,1065,144.00,17.10,274.00,0.50,9,274.00,0.90,610,102.00,15.20,273.00,0.30,9,274.00,0.70,776,103.00,17.30,272.00
"2025-04-02 19:45:00",1.40,250.00,9.00,0.03,9,274.00,0.22,1356,202.00,16.50,267.00,1.20,9,274.00,1.40,842,157.00,14.50,265.00,0.70,9,274.00,1.00,914,147.00,16.10,265.00
"2025-04-02 20:00:00",1.40,242.00,9.00,0.02,9,274.00,0.22,1361,187.00,16.90,272.00,1.30,9,274.00,1.50,822,154.00,14.40,268.00,0.60,9,274.00,0.90,891,137.00,16.10,270.00
"2025-04-02 20:15:00",1.00,246.00,9.00,-0.01,9,276.00,0.20,1074,144.00,16.40,256.00,0.90,9,276.00,1.20,568,114.00,13.30,251.00,0.50,9,276.00,0.80,724,101.00,16.20,255.00
"2025-04-02 20:30:00",1.10,235.00,9.00,0.00,9,274.00,0.19,1151,246.00,14.00,249.00,1.00,9,274.00,1.40,712,234.00,10.60,208.00,0.30,9,274.00,0.70,809,251.00,11.60,208.00
"2025-04-02 20:45:00",1.80,244.00,9.00,-0.04,9,273.00,0.20,1286,163.00,17.60,270.00,1.60,9,273.00,1.90,781,146.00,14.30,269.00,0.80,9,273.00,0.90,884,122.00,17.00,272.00
"2025-04-02 21:00:00",1.60,249.00,9.00,-0.01,9,275.00,0.22,1229,166.00,17.10,274.00,1.40,9,275.00,1.50,789,140.00,14.70,274.00,0.80,9,275.00,1.00,878,127.00,16.80,274.00
"2025-04-02 21:15:00",1.40,244.00,9.00,-0.02,9,276.00,0.22,1082,163.00,15.70,254.00,1.30,9,276.00,1.40,714,136.00,13.60,253.00,0.60,9,276.00,0.90,813,124.00,15.70,252.00
"2025-04-02 21:30:00",1.20,234.00,9.00,0.01,9,274.00,0.22,1236,200.00,15.80,268.00,1.20,9,274.00,1.20,769,157.00,13.60,269.00,0.30,9,274.00,0.80,940,141.00,16.40,272.00
"2025-04-02 21:45:00",1.60,241.00,9.00,0.01,9,274.00,0.21,1298,179.00,16.90,273.00,1.50,9,274.00,1.30,843,152.00,14.50,274.00,0.60,9,274.00,1.00,941,128.00,17.20,273.00
"2025-04-02 22:00:00",1.60,249.00,9.00,0.02,9,274.00,0.21,1370,174.00,17.70,273.00,1.40,9,274.00,1.20,1008,160.00,15.50,274.00,0.80,9,274.00,1.00,1004,137.00,17.10,270.00
"2025-04-02 22:15:00",1.20,259.00,9.00,0.04,9,276.00,0.18,1382,166.00,17.30,255.00,0.90,9,276.00,1.20,786,127.00,14.90,256.00,0.80,9,276.00,1.00,878,129.00,15.90,254.00
"2025-04-02 22:30:00",0.70,281.00,9.00,-0.01,9,273.00,0.16,1378,165.00,18.20,273.00,0.30,9,273.00,0.80,720,125.00,14.80,272.00,0.60,9,273.00,0.70,841,121.00,16.60,273.00
"2025-04-02 22:45:00",1.00,275.00,9.00,-0.01,9,274.00,0.19,1316,277.00,14.20,255.00,0.50,9,274.00,1.10,836,254.00,11.10,228.00,0.80,9,274.00,1.00,939,286.00,11.40,219.00
"2025-04-02 23:00:00",1.30,262.00,9.00,-0.02,9,274.00,0.21,1384,423.00,10.40,240.00,1.00,9,274.00,1.40,894,393.00,7.10,155.00,0.90,9,274.00,1.10,1032,460.00,7.10,141.00
"2025-04-02 23:15:00",1.50,252.00,9.00,-0.04,9,276.00,0.17,1483,214.00,16.40,252.00,1.30,9,276.00,1.40,911,189.00,13.60,247.00,0.90,9,276.00,1.00,1042,192.00,14.90,251.00
"2025-04-02 23:30:00",1.70,250.00,9.00,-0.01,9,274.00,0.19,1553,183.00,18.40,272.00,1.40,9,274.00,1.30,1015,168.00,15.50,273.00,0.90,9,274.00,0.90,1019,140.00,17.10,271.00
"2025-04-02 23:45:00",0.10,316.00,9.00,0.05,9,274.00,0.20,1457,182.00,17.70,269.00,0.00,9,274.00,0.90,868,144.00,15.10,271.00,0.10,9,274.00,0.90,920,128.00,16.90,274.00
"2025-04-03 00:00:00",0.20,290.00,9.00,-0.03,9,274.00,0.16,1742,185.00,19.20,273.00,0.10,9,274.00,1.20,1117,156.00,16.70,274.00,0.20,9,274.00,0.70,1176,137.00,18.40,270.00
"2025-04-03 00:15:00",0.20,97.00,9.00,-0.03,9,276.00,0.12,1592,179.00,17.80,253.00,-0.10,9,276.00,0.80,682,132.00,13.40,252.00,-0.20,9,276.00,0.70,901,118.00,16.80,256.00
"2025-04-03 00:30:00",0.70,85.00,9.00,0.08,9,275.00,0.12,1604,225.00,17.50,266.00,-0.50,9,275.00,0.80,742,161.00,13.40,265.00,-0.50,9,275.00,0.60,887,152.00,15.90,272.00
"2025-04-03 00:45:00",0.70,56.00,9.00,-0.01,9,274.00,0.10,1466,164.00,18.70,272.00,-0.60,9,274.00,0.60,685,121.00,14.90,273.00,-0.20,9,274.00,0.40,787,105.00,17.20,273.00
"2025-04-03 01:00:00",0.90,42.00,9.00,0.00,9,274.00,0.09,1590,156.00,20.00,274.00,-0.90,9,274.00,0.80,559,122.00,13.10,274.00,-0.10,9,274.00,0.40,814,99.00,18.10,273.00
"2025-04-03 01:15:00",1.50,46.00,9.00,0.04,9,277.00,0.13,1146,167.00,15.90,255.00,-1.50,9,277.00,0.60,611,132.00,12.70,257.00,-0.20,9,277.00,0.30,722,101.00,16.40,256.00
"2025-04-03 01:30:00",0.60,16.00,9.00,0.03,9,274.00,0.16,1483,184.00,17.90,272.00,-0.60,9,274.00,0.70,834,139.00,15.00,274.00,0.20,9,274.00,0.60,888,126.00,17.00,272.00
"2025-04-03 01:45:00",0.30,355.00,9.00,-0.02,9,274.00,0.14,1410,166.00,18.10,272.00,-0.20,9,274.00,0.60,833,129.00,15.70,269.00,0.20,9,274.00,0.60,905,114.00,17.70,274.00
"2025-04-03 02:00:00",0.30,1.00,9.00,0.05,9,275.00,0.15,1489,227.00,16.70,268.00,-0.20,9,275.00,0.70,852,155.00,14.80,271.00,0.20,9,275.00,0.80,948,163.00,15.60,270.00
"2025-04-03 02:15:00",0.40,63.00,9.00,0.04,9,276.00,0.14,1535,174.00,17.90,255.00,-0.40,9,276.00,0.70,730,130.00,14.10,256.00,-0.20,9,276.00,0.70,765,126.00,15.10,255.00
"2025-04-03 02:30:00",0.50,69.00,9.00,0.03,9,274.00,0.08,1638,163.00,19.90,272.00,-0.40,9,274.00,0.50,605,116.00,14.20,273.00,-0.20,9,274.00,0.60,810,108.00,17.40,274.00
"2025-04-03 02:45:00",0.40,280.00,9.00,-0.03,9,274.00,0.10,1512,201.00,18.30,263.00,0.20,9,274.00,0.40,874,150.00,15.70,267.00,0.40,9,274.00,0.60,820,144.00,15.90,260.00
"2025-04-03 03:00:00",0.40,283.00,9.00,0.00,9,275.00,0.06,1660,162.00,20.00,274.00,0.20,9,275.00,0.60,712,124.00,14.90,275.00,0.40,9,275.00,0.30,1032,110.00,19.40,272.00
"2025-04-03 03:15:00",0.30,102.00,9.00,0.05,9,276.00,0.12,1366,149.00,18.20,256.00,-0.10,9,276.00,0.50,739,122.00,14.90,255.00,-0.30,9,276.00,0.60,740,102.00,16.40,257.00
"2025-04-03 03:30:00",0.50,55.00,9.00,0.06,9,274.00,0.08,1745,154.00,20.90,274.00,-0.40,9,274.00,0.70,644,116.00,14.70,273.00,-0.10,9,274.00,0.40,905,101.00,18.90,273.00
"2025-04-03 03:45:00",0.60,109.00,9.00,0.05,9,275.00,0.11,1582,153.00,20.00,275.00,-0.20,9,275.00,0.50,856,118.00,17.10,275.00,-0.60,9,275.00,0.30,909,103.00,18.60,274.00
"2025-04-03 04:00:00",1.30,70.00,9.00,0.14,9,274.00,0.12,1760,145.00,21.50,274.00,-1.10,9,274.00,0.70,621,109.00,14.90,274.00,-0.70,9,274.00,0.30,891,93.00,19.60,274.00
"2025-04-03 04:15:00",0.70,264.00,9.00,0.00,9,277.00,0.14,1362,206.00,16.30,241.00,0.50,9,277.00,0.60,629,145.00,12.30,249.00,0.50,9,277.00,0.50,724,132.00,14.60,253.00
"2025-04-03 04:30:00",0.40,63.00,9.00,0.13,9,274.00,0.12,1594,162.00,19.40,273.00,-0.30,9,274.00,0.70,560,124.00,12.70,271.00,-0.10,9,274.00,0.40,894,108.00,18.10,274.00
"2025-04-03 04:45:00",0.10,168.00,9.00,0.10,9,274.00,0.12,1700,171.00,19.60,274.00,0.10,9,274.00,0.70,923,127.00,17.00,274.00,-0.10,9,274.00,0.50,839,108.00,17.40,274.00
"2025-04-03 05:00:00",0.20,90.00,9.00,0.12,9,273.00,0.11,1631,167.00,19.90,270.00,-0.10,9,273.00,0.40,901,130.00,16.70,269.00,-0.10,9,273.00,0.50,747,129.00,15.30,272.00
"2025-04-03 05:15:00",0.40,142.00,9.00,0.16,9,275.00,0.10,1516,147.00,19.30,256.00,0.10,9,275.00,0.30,817,122.00,16.10,255.00,-0.40,9,275.00,0.70,583,117.00,13.60,251.00
"2025-04-03 05:30:00",0.40,147.00,9.00,0.12,9,274.00,0.14,1538,188.00,19.10,265.00,0.10,9,274.00,0.70,663,140.00,13.90,260.00,-0.30,9,274.00,0.80,540,130.00,12.70,255.00
"2025-04-03 05:45:00",0.30,117.00,9.00,0.09,9,273.00,0.14,1194,161.00,17.30,273.00,-0.10,9,273.00,1.00,656,129.00,14.00,270.00,-0.30,9,273.00,0.80,636,118.00,14.40,270.00
"2025-04-03 06:00:00",0.70,15.00,9.00,0.01,9,273.00,0.13,1464,153.00,19.60,272.00,-0.60,9,273.00,0.50,722,112.00,15.90,272.00,0.30,9,273.00,0.40,764,108.00,16.80,271.00
"2025-04-03 06:15:00",0.20,35.00,9.00,0.12,9,276.00,0.17,1259,150.00,17.60,256.00,-0.20,9,276.00,0.70,659,113.00,14.50,255.00,0.00,9,276.00,0.50,723,112.00,15.40,255.00
"2025-04-03 06:30:00",0.30,299.00,9.00,0.06,9,273.00,0.20,1037,156.00,16.20,273.00,0.10,9,273.00,0.50,940,130.00,17.30,271.00,0.30,9,273.00,0.60,746,121.00,15.70,273.00
"2025-04-03 06:45:00",0.00,102.00,9.00,0.08,9,273.00,0.16,1297,179.00,17.10,267.00,0.00,9,273.00,0.60,706,131.00,14.80,260.00,0.00,9,273.00,0.50,878,121.00,17.50,269.00
"2025-04-03 07:00:00",0.20,263.00,9.00,0.00,9,274.00,0.16,1172,169.00,16.60,272.00,0.20,9,274.00,0.50,828,123.00,16.40,272.00,0.20,9,274.00,0.40,998,112.00,19.00,272.00
"2025-04-03 07:15:00",0.50,83.00,9.00,0.16,9,275.00,0.11,1306,158.00,17.40,253.00,-0.40,9,275.00,0.60,571,120.00,13.00,254.00,-0.40,9,275.00,0.30,999,100.00,19.00,255.00
"2025-04-03 07:30:00",0.30,214.00,9.00,0.02,9,274.00,0.15,1178,163.00,17.10,273.00,0.30,9,274.00,0.50,695,124.00,14.70,271.00,0.00,9,274.00,0.50,858,105.00,18.00,272.00
"2025-04-03 07:45:00",0.10,144.00,9.00,0.05,9,274.00,0.16,1159,156.00,17.00,270.00,0.00,9,274.00,0.80,606,127.00,13.30,272.00,-0.10,9,274.00,0.50,902,106.00,18.40,273.00
"2025-04-03 08:00:00",0.10,260.00,9.00,0.04,9,274.00,0.17,1360,171.00,17.80,273.00,0.10,9,274.00,0.70,712,132.00,14.40,271.00,0.10,9,274.00,0.50,912,112.00,17.90,271.00
"2025-04-03 08:15:00",0.30,230.00,9.00,0.01,9,276.00,0.17,1129,179.00,15.50,252.00,0.30,9,276.00,0.90,672,139.00,13.20,249.00,0.10,9,276.00,0.50,880,123.00,16.60,253.00
"2025-04-03 08:30:00",0.80,226.00,9.00,0.02,9,275.00,0.16,1342,167.00,17.80,273.00,0.80,9,275.00,1.00,774,142.00,14.50,273.00,0.10,9,275.00,0.60,999,118.00,18.30,274.00
"2025-04-03 08:45:00",0.40,246.00,9.00,-0.01,9,274.00,0.16,1313,170.00,17.40,271.00,0.30,9,274.00,0.90,684,128.00,14.10,273.00,0.20,9,274.00,0.60,954,114.00,18.20,274.00
"2025-04-03 09:00:00",0.10,90.00,9.00,-0.01,9,273.00,0.15,1294,166.00,17.60,272.00,-0.10,9,273.00,0.80,606,124.00,13.50,272.00,-0.10,9,273.00,0.50,958,117.00,18.00,270.00
"2025-04-03 09:15:00",0.60,236.00,9.00,-0.05,9,276.00,0.19,1281,182.00,16.20,254.00,0.60,9,276.00,1.00,695,141.00,13.20,249.00,0.20,9,276.00,0.70,887,131.00,16.00,252.00
"2025-04-03 09:30:00",0.20,40.00,9.00,-0.03,9,274.00,0.17,1320,190.00,17.00,269.00,-0.20,9,274.00,0.80,791,153.00,14.30,262.00,0.00,9,274.00,0.70,1040,145.00,17.30,269.00
"2025-04-03 09:45:00",0.30,70.00,9.00,-0.07,9,274.00,0.19,1251,177.00,16.60,273.00,-0.30,9,274.00,1.00,857,146.00,15.00,268.00,-0.20,9,274.00,0.70,992,133.00,17.30,270.00
"2025-04-03 10:00:00",0.50,112.00,9.00,0.16,2,274.00,0.34,1513,219.00,16.60,269.00,-0.10,2,274.00,1.60,1221,174.00,16.50,273.00,-0.50,2,274.00,0.80,1088,138.00,17.80,274.00
"2025-04-03 10:15:00",0.40,51.00,9.00,-0.01,2,276.00,0.19,1197,172.00,15.90,255.00,-0.40,2,276.00,1.00,755,141.00,13.70,251.00,-0.10,2,276.00,0.80,893,120.00,16.50,254.00
"2025-04-03 10:30:00",1.00,58.00,9.00,-0.03,2,275.00,0.23,1231,177.00,16.60,275.00,-0.90,2,275.00,1.10,927,147.00,15.50,275.00,-0.30,2,275.00,0.80,931,123.00,17.20,274.00
"2025-04-03 10:45:00",0.60,86.00,9.00,0.00,2,275.00,0.21,1041,155.00,16.30,269.00,-0.40,2,275.00,1.00,688,115.00,15.00,273.00,-0.40,2,275.00,0.80,851,107.00,17.70,274.00
"2025-04-03 11:00:00",0.60,73.00,9.00,0.03,2,276.00,0.30,1081,183.00,15.40,269.00,-0.50,2,276.00,1.20,765,139.00,14.30,269.00,-0.30,2,276.00,0.90,892,136.00,16.50,267.00
"2025-04-03 11:15:00",0.40,93.00,9.00,0.01,2,278.00,0.18,909,132.00,15.90,256.00,-0.30,2,278.00,1.30,629,108.00,14.40,258.00,-0.40,2,278.00,0.80,672,90.00,16.70,257.00
"2025-04-03 11:30:00",0.60,89.00,9.00,0.04,2,276.00,0.22,964,145.00,16.30,271.00,-0.40,2,276.00,1.20,657,112.00,14.90,271.00,-0.50,2,276.00,0.90,768,100.00,17.50,273.00
"2025-04-03 11:45:00",0.40,99.00,9.00,-0.02,2,276.00,0.20,950,143.00,16.10,273.00,-0.20,2,276.00,1.00,644,120.00,14.10,271.00,-0.40,2,276.00,0.80,735,94.00,17.60,275.00
"2025-04-03 12:00:00",0.50,110.00,9.00,0.01,2,276.00,0.27,1094,157.00,16.60,275.00,-0.20,2,276.00,1.00,722,124.00,14.60,275.00,-0.50,2,276.00,1.00,741,105.00,16.60,271.00
"2025-04-03 12:15:00",0.90,51.00,9.00,0.06,2,278.00,0.34,1040,203.00,14.50,243.00,-0.90,2,278.00,1.50,824,177.00,13.30,248.00,-0.20,2,278.00,1.20,788,146.00,15.00,254.00
"2025-04-03 12:30:00",0.80,83.00,9.00,0.02,2,277.00,0.26,1054,153.00,16.60,273.00,-0.60,2,277.00,1.60,740,127.00,14.80,277.00,-0.60,2,277.00,1.40,772,114.00,16.60,275.00
"2025-04-03 12:45:00",1.00,75.00,9.00,0.05,2,276.00,0.25,996,146.00,16.50,274.00,-0.80,2,276.00,1.10,713,124.00,14.80,270.00,-0.60,2,276.00,0.80,782,104.00,17.40,273.00
"2025-04-03 13:00:00",1.20,98.00,9.00,0.04,2,276.00,0.28,1116,168.00,16.30,272.00,-0.60,2,276.00,1.40,857,142.00,15.00,273.00,-1.10,2,276.00,1.30,861,130.00,16.40,274.00
"2025-04-03 13:15:00",0.80,91.00,9.00,-0.01,2,279.00,0.21,918,138.00,15.60,256.00,-0.50,2,279.00,1.00,590,117.00,13.00,253.00,-0.60,2,279.00,1.00,678,102.00,15.60,256.00
"2025-04-03 13:30:00",1.20,87.00,9.00,0.02,2,277.00,0.28,1162,191.00,16.10,264.00,-0.80,2,277.00,1.40,940,161.00,15.00,267.00,-0.90,2,277.00,1.00,879,142.00,16.10,271.00
"2025-04-03 13:45:00",0.90,88.00,9.00,0.01,2,276.00,0.24,1067,167.00,16.20,270.00,-0.60,2,276.00,1.10,731,135.00,14.40,270.00,-0.70,2,276.00,1.20,823,130.00,16.10,274.00
"2025-04-03 14:00:00",0.80,101.00,9.00,0.06,2,277.00,0.26,1121,155.00,16.90,274.00,-0.40,2,277.00,1.50,774,123.00,15.50,277.00,-0.70,2,277.00,1.20,828,117.00,16.70,271.00
"2025-04-03 14:15:00",1.00,76.00,9.00,0.02,2,278.00,0.30,1018,145.00,16.00,257.00,-0.80,2,278.00,1.50,824,133.00,14.60,258.00,-0.60,2,278.00,1.10,700,102.00,15.80,256.00
"2025-04-03 14:30:00",0.50,80.00,9.00,0.01,2,277.00,0.20,941,127.00,17.00,276.00,-0.40,2,277.00,0.90,635,115.00,14.50,274.00,-0.30,2,277.00,0.80,615,89.00,16.70,273.00
"2025-04-03 14:45:00",0.40,123.00,9.00,0.01,2,277.00,0.18,914,122.00,17.20,273.00,0.00,2,277.00,0.80,591,105.00,14.80,273.00,-0.40,2,277.00,0.70,643,83.00,17.70,272.00
"2025-04-03 15:00:00",0.90,352.00,9.00,0.20,2,276.00,0.39,1116,196.00,15.10,272.00,-0.60,2,276.00,2.00,1023,173.00,15.20,276.00,0.60,2,276.00,1.60,917,168.00,15.20,269.00
"2025-04-03 15:15:00",1.60,32.00,9.00,-0.05,2,279.00,0.32,1072,154.00,15.90,255.00,-1.60,2,279.00,2.10,830,149.00,13.90,259.00,0.20,2,279.00,1.30,784,109.00,16.20,259.00
"2025-04-03 15:30:00",1.30,11.00,9.00,-0.01,2,276.00,0.32,1100,149.00,17.10,275.00,-1.10,2,276.00,1.80,902,144.00,15.60,272.00,0.60,2,276.00,1.30,806,115.00,16.90,274.00
"2025-04-03 15:45:00",1.50,13.00,9.00,-0.06,2,277.00,0.27,1130,148.00,17.40,275.00,-1.30,2,277.00,1.80,939,149.00,15.90,274.00,0.60,2,277.00,1.10,890,120.00,17.40,271.00
"2025-04-03 16:00:00",0.80,1.00,9.00,0.03,9,276.00,0.19,1013,125.00,17.90,272.00,-0.70,9,276.00,1.30,675,107.00,15.40,275.00,0.50,9,276.00,1.00,739,105.00,17.10,272.00
"2025-04-03 16:15:00",1.00,283.00,9.00,0.11,2,279.00,0.41,1176,214.00,14.60,249.00,0.40,2,279.00,2.30,859,177.00,13.20,249.00,0.90,2,279.00,1.90,867,184.00,13.60,244.00
"2025-04-03 16:30:00",2.00,269.00,9.00,0.13,2,276.00,0.36,1271,201.00,16.10,271.00,1.20,2,276.00,2.40,929,173.00,14.40,275.00,1.50,2,276.00,2.50,967,191.00,14.30,274.00
"2025-04-03 16:45:00",1.30,250.00,9.00,0.12,2,277.00,0.24,1088,162.00,16.40,273.00,1.10,2,277.00,2.20,741,147.00,14.00,272.00,0.70,2,277.00,1.50,831,144.00,15.50,272.00
"2025-04-03 17:00:00",0.80,292.00,9.00,0.02,9,276.00,0.24,1055,160.00,16.30,271.00,0.20,9,276.00,1.40,683,129.00,14.20,268.00,0.80,9,276.00,1.20,809,132.00,15.80,271.00
"2025-04-03 17:15:00",0.50,243.00,9.00,0.08,9,279.00,0.20,970,145.00,15.60,256.00,0.50,9,279.00,1.10,601,117.00,13.50,254.00,0.20,9,279.00,0.90,717,111.00,15.60,253.00
"2025-04-03 17:30:00",0.20,225.00,9.00,0.10,9,276.00,0.19,1013,157.00,16.30,272.00,0.20,9,276.00,0.90,553,125.00,13.00,268.00,0.00,9,276.00,0.70,717,124.00,15.70,264.00
"2025-04-03 17:45:00",0.30,209.00,9.00,0.12,9,276.00,0.20,1010,170.00,15.60,270.00,0.20,9,276.00,1.00,553,130.00,12.60,261.00,0.00,9,276.00,0.70,742,130.00,15.40,265.00
"2025-04-03 18:00:00",0.30,210.00,9.00,0.09,9,276.00,0.19,988,142.00,16.50,274.00,0.30,9,276.00,0.90,543,117.00,13.30,267.00,0.00,9,276.00,0.60,742,110.00,16.50,270.00
"2025-04-03 18:15:00",0.10,273.00,9.00,0.06,9,277.00,0.17,1010,144.00,15.90,255.00,0.00,9,277.00,0.90,510,110.00,12.60,253.00,0.10,9,277.00,0.60,727,106.00,16.00,254.00
"2025-04-03 18:30:00",0.30,230.00,9.00,0.08,9,276.00,0.19,1040,158.00,16.20,274.00,0.30,9,276.00,1.10,579,117.00,13.70,269.00,0.10,9,276.00,0.80,751,119.00,15.90,272.00
"2025-04-03 18:45:00",0.40,227.00,9.00,0.08,9,276.00,0.22,1015,157.00,15.90,274.00,0.40,9,276.00,0.90,588,117.00,13.80,270.00,0.10,9,276.00,0.70,809,115.00,16.80,276.00
"2025-04-03 19:00:00",0.80,243.00,9.00,0.05,9,276.00,0.22,1050,180.00,15.40,270.00,0.70,9,276.00,1.40,637,136.00,13.40,264.00,0.30,9,276.00,0.80,845,137.00,16.10,271.00
"2025-04-03 19:15:00",1.40,242.00,9.00,0.06,9,277.00,0.25,1051,164.00,15.30,254.00,1.30,9,277.00,1.60,701,135.00,13.60,256.00,0.60,9,277.00,1.00,827,127.00,15.60,255.00
"2025-04-03 19:30:00",0.50,244.00,9.00,0.03,9,274.00,0.23,1014,162.00,15.70,271.00,0.40,9,274.00,1.40,630,123.00,13.90,270.00,0.20,9,274.00,0.80,812,121.00,16.30,269.00
"2025-04-03 19:45:00",0.30,302.00,9.00,0.00,9,274.00,0.22,1010,163.00,15.50,268.00,0.00,9,274.00,1.30,663,126.00,14.10,269.00,0.30,9,274.00,0.80,772,117.00,16.30,272.00
"2025-04-03 20:00:00",1.00,268.00,9.00,-0.17,9,274.00,0.35,1090,187.00,15.30,269.00,0.70,9,274.00,1.50,850,144.00,15.10,273.00,0.80,9,274.00,1.00,914,132.00,16.60,271.00
"2025-04-03 20:15:00",0.60,278.00,9.00,-0.01,9,276.00,0.27,955,182.00,13.90,249.00,0.30,9,276.00,1.70,716,149.00,13.10,248.00,0.50,9,276.00,1.10,787,138.00,14.70,249.00
"2025-04-03 20:30:00",1.00,253.00,9.00,0.00,9,274.00,0.27,1003,169.00,15.20,271.00,0.80,9,274.00,1.60,686,136.00,13.80,269.00,0.60,9,274.00,0.90,819,127.00,16.00,271.00
"2025-04-03 20:45:00",1.50,256.00,9.00,-0.03,9,274.00,0.23,1057,166.00,15.90,270.00,1.20,9,274.00,1.50,732,142.00,14.00,270.00,0.90,9,274.00,1.00,800,130.00,15.60,269.00
"2025-04-03 21:00:00",1.50,258.00,9.00,-0.10,9,274.00,0.34,1009,177.00,15.00,269.00,1.10,9,274.00,1.40,830,146.00,14.70,269.00,1.00,9,274.00,0.90,842,126.00,16.30,269.00
"2025-04-03 21:15:00",1.60,248.00,9.00,-0.02,9,276.00,0.29,956,160.00,14.80,251.00,1.40,9,276.00,1.80,633,134.00,12.80,252.00,0.80,9,276.00,1.00,755,125.00,14.90,251.00
"2025-04-03 21:30:00",1.60,250.00,9.00,0.02,9,274.00,0.24,978,165.00,15.30,269.00,1.30,9,274.00,1.80,652,144.00,12.90,268.00,0.80,9,274.00,1.00,759,131.00,15.20,269.00
"2025-04-03 21:45:00",1.40,253.00,9.00,-0.03,9,274.00,0.26,1043,194.00,14.60,265.00,1.10,9,274.00,1.70,732,176.00,12.20,259.00,0.80,9,274.00,0.90,825,151.00,15.00,266.00
"2025-04-03 22:00:00",1.30,262.00,9.00,-0.11,9,274.00,0.35,1112,194.00,15.00,269.00,1.00,9,274.00,1.70,905,173.00,13.70,270.00,0.90,9,274.00,0.90,873,139.00,15.80,269.00
"2025-04-03 22:15:00",1.30,251.00,9.00,-0.05,9,276.00,0.24,976,165.00,14.70,253.00,1.10,9,276.00,1.60,660,147.00,12.30,252.00,0.70,9,276.00,1.00,760,127.00,14.80,252.00
"2025-04-03 22:30:00",1.20,257.00,9.00,-0.04,9,273.00,0.26,1007,168.00,15.30,268.00,0.90,9,273.00,1.30,739,150.00,13.40,267.00,0.70,9,273.00,0.90,821,120.00,16.50,271.00
"2025-04-03 22:45:00",1.50,257.00,9.00,-0.17,9,274.00,0.40,1119,198.00,14.90,269.00,1.20,9,274.00,1.70,912,167.00,14.30,270.00,1.00,9,274.00,1.20,961,142.00,16.60,272.00
"2025-04-03 23:00:00",1.90,260.00,9.00,-0.12,9,274.00,0.43,1302,228.00,15.10,267.00,1.40,9,274.00,2.30,1061,186.00,14.60,273.00,1.30,9,274.00,1.80,1109,181.00,16.00,272.00
"2025-04-03 23:15:00",2.30,274.00,9.00,-0.17,9,276.00,0.37,1243,203.00,14.90,255.00,1.30,9,276.00,2.20,1175,188.00,14.80,256.00,1.90,9,276.00,1.60,1053,166.00,15.20,253.00
"2025-04-03 23:30:00",1.10,251.00,9.00,-0.01,9,274.00,0.25,1202,187.00,15.80,270.00,0.90,9,274.00,1.50,890,164.00,14.00,271.00,0.60,9,274.00,1.00,1004,139.00,17.10,269.00
"2025-04-03 23:45:00",0.50,122.00,9.00,0.06,9,274.00,0.21,1313,184.00,16.70,272.00,0.00,9,274.00,1.20,1102,168.00,15.60,274.00,-0.50,9,274.00,1.10,1101,144.00,17.20,273.00
"2025-04-04 00:00:00",0.50,60.00,9.00,0.09,9,274.00,0.16,1363,167.00,17.90,274.00,-0.50,9,274.00,0.70,762,141.00,14.00,269.00,-0.20,9,274.00,0.60,812,111.00,17.00,274.00
"2025-04-04 00:15:00",0.30,266.00,9.00,-0.01,9,276.00,0.14,1345,173.00,16.90,256.00,0.20,9,276.00,0.90,657,134.00,13.10,247.00,0.30,9,276.00,0.60,893,133.00,16.10,256.00
"2025-04-04 00:30:00",0.10,126.00,9.00,0.04,9,274.00,0.14,1288,161.00,17.80,274.00,0.00,9,274.00,0.70,811,129.00,15.80,274.00,-0.10,9,274.00,0.50,933,114.00,18.00,274.00
"2025-04-04 00:45:00",0.40,291.00,9.00,-0.06,9,275.00,0.17,1295,152.00,18.20,275.00,0.10,9,275.00,0.70,623,116.00,14.00,271.00,0.40,9,275.00,0.80,767,110.00,16.50,275.00
"2025-04-04 01:00:00",0.20,330.00,9.00,0.01,9,273.00,0.18,1309,152.00,18.40,273.00,-0.10,9,273.00,0.60,659,116.00,14.80,273.00,0.20,9,273.00,0.60,704,103.00,16.30,272.00
"2025-04-04 01:15:00",0.50,353.00,9.00,0.01,9,276.00,0.15,1115,152.00,16.40,256.00,-0.30,9,276.00,0.70,601,113.00,13.50,253.00,0.30,9,276.00,0.50,818,107.00,16.70,256.00
"2025-04-04 01:30:00",0.20,173.00,9.00,0.00,9,274.00,0.15,1532,161.00,19.10,274.00,0.10,9,274.00,0.60,725,123.00,14.90,271.00,-0.10,9,274.00,0.80,796,118.00,16.20,272.00
"2025-04-04 01:45:00",1.10,137.00,9.00,0.05,9,273.00,0.14,1714,210.00,18.80,265.00,0.20,9,273.00,0.80,1095,181.00,15.60,261.00,-1.10,9,273.00,0.80,1116,191.00,15.70,257.00
"2025-04-04 02:00:00",0.60,138.00,9.00,-0.02,9,274.00,0.18,1508,174.00,18.30,274.00,0.10,9,274.00,1.00,1156,158.00,16.70,274.00,-0.60,9,274.00,1.10,1103,147.00,17.20,272.00
"2025-04-04 02:15:00",1.80,126.00,9.00,-0.01,9,275.00,0.14,1531,167.00,18.10,256.00,-0.10,9,275.00,0.80,1011,142.00,15.90,256.00,-1.80,9,275.00,1.60,948,172.00,14.10,256.00
"2025-04-04 02:30:00",1.70,122.00,9.00,-0.02,9,274.00,0.17,1515,173.00,18.40,273.00,-0.20,9,274.00,0.80,1058,146.00,16.60,272.00,-1.70,9,274.00,1.60,1175,192.00,15.60,274.00
"2025-04-04 02:45:00",1.10,125.00,9.00,0.03,9,273.00,0.18,1298,160.00,17.80,273.00,-0.10,9,273.00,0.80,879,132.00,15.90,273.00,-1.10,9,273.00,0.90,1029,139.00,17.30,272.00
"2025-04-04 03:00:00",0.90,120.00,9.00,0.04,9,274.00,0.17,1457,215.00,16.90,268.00,-0.10,9,274.00,0.70,927,170.00,14.60,268.00,-0.90,9,274.00,0.90,949,176.00,15.00,261.00
"2025-04-04 03:15:00",0.30,146.00,9.00,0.01,9,275.00,0.12,1503,146.00,19.10,255.00,0.10,9,275.00,0.60,793,112.00,16.20,255.00,-0.20,9,275.00,0.70,792,102.00,16.90,256.00
"2025-04-04 03:30:00",0.40,35.00,9.00,0.04,9,274.00,0.15,1430,159.00,18.80,274.00,-0.40,9,274.00,0.60,822,129.00,15.50,273.00,0.00,9,274.00,0.60,880,115.00,17.20,274.00
"2025-04-04 03:45:00",0.30,9.00,9.00,0.06,9,273.00,0.14,1550,156.00,19.50,271.00,-0.30,9,273.00,0.60,890,132.00,16.20,272.00,0.10,9,273.00,0.70,892,116.00,17.30,273.00
"2025-04-04 04:00:00",0.30,73.00,9.00,0.08,9,274.00,0.08,1875,156.00,21.40,274.00,-0.30,9,274.00,0.50,919,139.00,15.80,271.00,-0.20,9,274.00,0.60,893,117.00,17.10,268.00
"2025-04-04 04:15:00",0.50,73.00,9.00,0.12,9,275.00,0.12,1396,187.00,17.10,254.00,-0.40,9,275.00,0.30,855,130.00,15.90,244.00,-0.30,9,275.00,0.70,542,126.00,12.90,244.00
"2025-04-04 04:30:00",0.50,52.00,9.00,0.08,9,274.00,0.12,1157,141.00,17.70,273.00,-0.50,9,274.00,0.60,766,129.00,15.10,274.00,-0.10,9,274.00,0.50,798,107.00,17.20,274.00
"2025-04-04 04:45:00",0.40,70.00,9.00,0.08,9,273.00,0.13,1261,144.00,18.40,273.00,-0.40,9,273.00,0.60,705,128.00,14.50,271.00,-0.20,9,273.00,0.70,656,109.00,15.30,273.00
"2025-04-04 05:00:00",0.20,94.00,9.00,0.07,9,273.00,0.15,1245,145.00,18.40,273.00,-0.10,9,273.00,0.40,822,120.00,16.30,271.00,-0.10,9,273.00,0.60,708,106.00,16.20,272.00
"2025-04-04 05:15:00",0.80,100.00,9.00,0.07,9,276.00,0.15,1251,148.00,17.50,255.00,-0.40,9,276.00,0.60,734,119.00,14.90,255.00,-0.70,9,276.00,0.90,777,118.00,15.60,255.00
"2025-04-04 05:30:00",3.20,131.00,9.00,0.07,9,273.00,0.25,1776,221.00,17.80,272.00,0.10,9,273.00,1.10,1356,195.00,16.10,273.00,-3.20,2,273.00,2.20,1442,255.00,14.70,273.00
"2025-04-04 05:45:00",3.90,134.00,9.00,0.12,9,274.00,0.25,1752,252.00,16.90,270.00,0.40,9,274.00,1.40,1531,239.00,15.80,271.00,-3.90,2,274.00,2.10,1445,282.00,14.10,268.00
"2025-04-04 06:00:00",4.20,133.00,9.00,0.18,9,273.00,0.36,1878,281.00,16.30,272.00,0.40,9,273.00,1.70,1809,270.00,15.90,271.00,-4.20,2,273.00,2.70,1730,305.00,14.70,273.00
"2025-04-04 06:15:00",4.60,131.00,9.00,0.09,9,275.00,0.30,1690,246.00,15.90,254.00,0.30,9,275.00,1.40,1715,241.00,15.90,253.00,-4.60,2,275.00,2.60,1509,306.00,12.90,254.00
"2025-04-04 06:30:00",3.50,134.00,9.00,0.10,9,274.00,0.25,1507,199.00,17.30,273.00,0.40,9,274.00,1.10,1206,192.00,15.60,272.00,-3.50,2,274.00,2.50,1219,249.00,13.70,274.00
"2025-04-04 06:45:00",4.00,126.00,9.00,0.10,9,273.00,0.30,1446,204.00,16.80,271.00,-0.20,9,273.00,1.40,1187,199.00,15.20,270.00,-4.00,2,273.00,3.20,1195,264.00,13.00,273.00
"2025-04-04 07:00:00",3.80,128.00,9.00,0.11,9,274.00,0.30,1407,233.00,15.50,268.00,0.00,9,274.00,1.40,1197,204.00,15.00,268.00,-3.80,2,274.00,2.60,1218,261.00,13.30,268.00
"2025-04-04 07:15:00",2.90,124.00,9.00,0.10,9,275.00,0.24,1304,187.00,15.90,255.00,-0.20,9,275.00,1.10,1068,161.00,15.30,256.00,-2.90,2,275.00,2.10,1112,209.00,13.90,256.00
"2025-04-04 07:30:00",3.20,130.00,9.00,-0.02,9,273.00,0.30,1589,206.00,17.40,272.00,0.10,9,273.00,1.40,1469,193.00,17.10,273.00,-3.20,2,273.00,2.30,1416,252.00,14.80,273.00
"2025-04-04 07:45:00",2.30,138.00,9.00,-0.04,9,274.00,0.26,1944,228.00,18.10,274.00,0.40,9,274.00,1.30,2037,235.00,18.00,274.00,-2.30,9,274.00,1.80,1662,246.00,16.20,274.00
"2025-04-04 08:00:00",2.50,138.00,9.00,-0.02,9,273.00,0.23,1787,240.00,17.10,273.00,0.40,9,273.00,1.10,1786,233.00,17.00,272.00,-2.40,2,273.00,1.50,1604,243.00,16.10,273.00
"2025-04-04 08:15:00",0.90,149.00,9.00,-0.01,9,277.00,0.26,1137,198.00,14.60,248.00,0.30,9,277.00,1.50,949,173.00,14.10,248.00,-0.90,9,277.00,1.70,946,176.00,14.40,245.00
"2025-04-04 08:30:00",0.90,171.00,9.00,0.03,9,274.00,0.28,1222,202.00,15.50,268.00,0.60,9,274.00,1.70,852,168.00,13.60,268.00,-0.70,9,274.00,1.40,933,166.00,14.90,266.00
"2025-04-04 08:45:00",1.40,134.00,9.00,0.09,9,274.00,0.43,1354,227.00,15.40,272.00,0.10,9,274.00,1.90,1093,205.00,14.00,272.00,-1.40,9,274.00,2.00,1097,191.00,15.30,270.00
"2025-04-04 09:00:00",1.30,165.00,9.00,0.02,9,274.00,0.38,1222,214.00,15.00,266.00,0.80,9,274.00,2.20,978,188.00,13.90,267.00,-1.10,9,274.00,1.80,1040,193.00,14.60,268.00
"2025-04-04 09:15:00",0.80,148.00,9.00,0.03,9,276.00,0.26,1098,185.00,14.70,250.00,0.30,9,276.00,1.80,684,150.00,12.60,247.00,-0.70,9,276.00,1.10,851,168.00,13.70,247.00
"2025-04-04 09:30:00",0.70,161.00,9.00,-0.03,9,274.00,0.26,1126,186.00,15.50,270.00,0.40,9,274.00,1.60,774,149.00,13.90,269.00,-0.60,9,274.00,1.40,908,175.00,14.50,269.00
"2025-04-04 09:45:00",1.30,159.00,9.00,0.14,9,274.00,0.42,1259,224.00,14.90,267.00,0.60,9,274.00,2.00,893,171.00,14.10,272.00,-1.10,9,274.00,1.50,1063,189.00,15.10,262.00
"2025-04-04 10:00:00",1.00,142.00,9.00,0.35,2,276.00,0.51,1471,249.00,15.40,274.00,0.20,2,276.00,2.00,1167,181.00,15.90,276.00,-1.00,2,276.00,1.80,1241,193.00,16.10,272.00
"2025-04-04 10:15:00",1.00,150.00,9.00,-0.03,2,278.00,0.30,1190,181.00,15.40,255.00,0.40,2,278.00,1.80,893,149.00,14.70,255.00,-0.90,2,278.00,1.80,867,158.00,14.30,252.00
"2025-04-04 10:30:00",0.80,123.00,9.00,0.13,2,276.00,0.35,1150,192.00,15.50,270.00,-0.10,2,276.00,1.20,778,133.00,14.90,272.00,-0.80,2,276.00,1.30,882,141.00,15.80,269.00
"2025-04-04 10:45:00",1.20,128.00,9.00,0.30,2,276.00,0.46,1384,235.00,15.50,273.00,0.00,2,276.00,2.00,980,168.00,15.30,275.00,-1.20,2,276.00,1.80,1024,165.00,15.60,272.00
"2025-04-04 11:00:00",1.50,98.00,9.00,0.28,2,277.00,0.46,1273,218.00,15.30,273.00,-0.70,2,277.00,1.50,839,142.00,15.10,276.00,-1.30,2,277.00,1.50,1004,165.00,15.50,272.00
"2025-04-04 11:15:00",1.10,159.00,9.00,0.24,2,279.00,0.49,1251,226.00,14.30,253.00,0.50,2,279.00,2.00,908,171.00,13.70,257.00,-0.90,2,279.00,2.20,935,170.00,14.10,255.00
"2025-04-04 11:30:00",1.30,101.00,9.00,0.24,2,276.00,0.51,1307,212.00,15.80,271.00,-0.60,2,276.00,1.40,901,149.00,15.20,271.00,-1.20,2,276.00,1.60,925,148.00,15.70,271.00
