"2025-04-01 00:00:00",0.70,217.00,9.00,-0.13,9,274.00,0.09,7102,528.00,22.90,271.00,0.70,9,274.00,0.60,5748,701.00,18.30,273.00,0.00,9,274.00,0.50,5657,595.00,19.60,274.00
"2025-04-01 00:15:00",0.40,229.00,9.00,-0.08,9,277.00,0.08,6765,411.00,23.20,257.00,0.40,9,277.00,0.60,5464,635.00,17.80,256.00,0.10,9,277.00,0.50,5508,559.00,18.90,253.00
"2025-04-01 00:30:00",0.10,290.00,9.00,-0.07,9,274.00,0.08,7302,400.00,25.40,274.00,0.00,9,274.00,0.50,5693,675.00,18.60,274.00,0.10,9,274.00,0.30,6084,549.00,21.00,272.00
"2025-04-01 00:45:00",0.20,267.00,9.00,-0.09,9,274.00,0.08,7283,418.00,24.90,274.00,0.20,9,274.00,0.50,5636,666.00,18.60,273.00,0.20,9,274.00,0.30,6193,528.00,21.50,274.00
"2025-04-01 01:00:00",0.30,267.00,9.00,-0.09,9,275.00,0.12,7152,511.00,23.20,275.00,0.20,9,275.00,0.60,5517,719.00,17.80,272.00,0.20,9,275.00,0.30,6041,531.00,21.30,272.00
"2025-04-01 01:15:00",0.30,224.00,9.00,-0.03,9,276.00,0.16,6365,606.00,19.60,257.00,0.30,9,276.00,0.60,4989,632.00,17.00,257.00,0.00,9,276.00,0.30,5049,519.00,18.70,252.00
"2025-04-01 01:30:00",0.50,155.00,9.00,0.05,9,274.00,0.13,6819,581.00,21.60,274.00,0.20,9,274.00,0.50,5244,686.00,17.60,274.00,-0.40,9,274.00,0.30,5629,529.00,20.60,274.00
"2025-04-01 01:45:00",0.40,201.00,9.00,0.00,9,275.00,0.14,6848,609.00,21.20,275.00,0.40,9,275.00,0.60,5195,678.00,17.70,275.00,-0.10,9,275.00,0.30,5604,549.00,20.20,274.00
"2025-04-01 02:00:00",0.50,228.00,9.00,-0.04,9,274.00,0.12,6830,675.00,20.20,274.00,0.50,9,274.00,0.50,5078,694.00,17.30,274.00,0.10,9,274.00,0.20,5816,540.00,20.70,272.00
"2025-04-01 02:15:00",0.70,236.00,9.00,-0.08,9,277.00,0.11,6440,622.00,19.30,257.00,0.60,9,277.00,0.50,4539,651.00,16.00,257.00,0.20,9,277.00,0.10,5668,479.00,20.30,254.00
"2025-04-01 02:30:00",0.40,209.00,9.00,-0.01,9,274.00,0.09,6880,657.00,20.50,274.00,0.40,9,274.00,0.50,5137,724.00,17.00,274.00,-0.10,9,274.00,0.10,6128,515.00,21.60,273.00
"2025-04-01 02:45:00",0.40,187.00,9.00,-0.01,9,274.00,0.08,6894,654.00,20.50,270.00,0.30,9,274.00,0.40,5382,708.00,17.60,274.00,-0.20,9,274.00,0.20,5885,529.00,21.00,273.00
"2025-04-01 03:00:00",0.70,197.00,9.00,-0.03,9,275.00,0.10,6982,647.00,20.80,274.00,0.60,9,275.00,0.60,5166,674.00,17.60,273.00,-0.20,9,275.00,0.20,5829,536.00,20.80,274.00
"2025-04-01 03:15:00",0.60,226.00,9.00,-0.11,9,276.00,0.16,6433,582.00,20.10,257.00,0.60,9,276.00,0.60,5181,665.00,16.90,257.00,0.10,9,276.00,0.30,5595,494.00,20.00,255.00
"2025-04-01 03:30:00",0.30,199.00,9.00,-0.07,9,274.00,0.09,7134,495.00,23.40,274.00,0.30,9,274.00,0.60,5986,669.00,19.10,272.00,-0.10,9,274.00,0.50,5564,615.00,19.20,273.00
"2025-04-01 03:45:00",0.70,243.00,9.00,-0.15,9,275.00,0.11,6855,597.00,21.50,270.00,0.70,9,275.00,0.60,5416,616.00,18.90,275.00,0.30,9,275.00,0.90,4991,728.00,16.70,275.00
"2025-04-01 04:00:00",0.70,252.00,9.00,-0.01,9,274.00,0.12,6522,730.00,19.20,272.00,0.60,9,274.00,0.60,4955,710.00,16.80,274.00,0.40,9,274.00,0.60,5420,753.00,17.20,274.00
"2025-04-01 04:15:00",1.00,114.00,9.00,0.09,9,277.00,0.05,6607,466.00,22.00,255.00,-0.20,9,277.00,0.50,5585,620.00,18.10,254.00,-1.00,9,277.00,0.40,5503,549.00,19.10,257.00
"2025-04-01 04:30:00",1.00,94.00,9.00,0.14,9,273.00,0.07,6961,640.00,20.90,271.00,-0.60,9,273.00,0.40,6235,612.00,20.40,269.00,-0.90,9,273.00,0.40,5897,597.00,20.20,271.00
"2025-04-01 04:45:00",1.50,96.00,9.00,0.20,9,273.00,0.08,6958,591.00,21.70,268.00,-0.80,9,273.00,0.40,5999,516.00,21.40,273.00,-1.30,9,273.00,0.40,5966,624.00,19.80,273.00
"2025-04-01 05:00:00",1.20,91.00,9.00,0.21,9,274.00,0.10,6763,796.00,18.70,274.00,-0.70,9,274.00,0.30,6468,466.00,23.10,274.00,-0.90,9,274.00,0.30,6266,571.00,21.20,273.00
"2025-04-01 05:15:00",1.40,88.00,9.00,0.32,9,275.00,0.09,6445,638.00,19.30,253.00,-0.90,9,275.00,0.50,6145,462.00,21.40,255.00,-1.10,9,275.00,0.40,5984,463.00,21.20,253.00
"2025-04-01 05:30:00",1.00,89.00,9.00,0.29,9,274.00,0.10,6882,704.00,20.00,271.00,-0.60,9,274.00,0.40,6758,518.00,22.60,273.00,-0.80,9,274.00,0.40,6489,531.00,22.00,272.00
"2025-04-01 05:45:00",0.80,94.00,9.00,0.27,9,273.00,0.12,6716,807.00,18.50,272.00,-0.50,9,273.00,0.30,6671,518.00,22.30,273.00,-0.70,9,273.00,0.30,6499,485.00,22.70,270.00
"2025-04-01 06:00:00",0.60,117.00,9.00,0.22,9,274.00,0.14,6632,836.00,18.00,274.00,-0.10,9,274.00,0.40,6608,499.00,22.60,274.00,-0.60,9,274.00,0.30,6497,495.00,22.50,273.00
"2025-04-01 06:15:00",1.00,94.00,9.00,0.27,9,275.00,0.15,6170,758.00,17.40,256.00,-0.60,9,275.00,0.40,5993,451.00,21.40,256.00,-0.80,9,275.00,0.30,5902,492.00,20.60,255.00
"2025-04-01 06:30:00",1.50,100.00,9.00,0.37,9,273.00,0.04,7123,498.00,23.30,269.00,-0.70,9,273.00,0.20,6719,433.00,23.90,272.00,-1.30,9,273.00,0.30,6431,362.00,25.10,273.00
"2025-04-01 06:45:00",1.60,104.00,9.00,0.26,9,274.00,0.09,7192,449.00,24.20,274.00,-0.60,9,274.00,0.30,6674,417.00,24.20,273.00,-1.40,9,274.00,0.20,6056,357.00,24.70,273.00
"2025-04-01 07:00:00",0.90,87.00,9.00,0.07,9,273.00,0.10,7091,465.00,24.00,273.00,-0.60,9,273.00,0.30,6339,506.00,22.10,273.00,-0.70,9,273.00,0.50,5311,520.00,20.30,273.00
"2025-04-01 07:15:00",0.60,291.00,9.00,-0.10,9,276.00,0.09,6595,514.00,21.30,252.00,0.20,9,276.00,0.60,5442,558.00,18.80,256.00,0.60,9,276.00,0.50,5287,435.00,20.50,256.00
"2025-04-01 07:30:00",0.10,301.00,9.00,-0.03,9,274.00,0.18,6976,607.00,21.60,274.00,0.00,9,274.00,0.70,5702,591.00,19.80,274.00,0.10,9,274.00,0.60,5283,504.00,20.40,274.00
"2025-04-01 07:45:00",0.80,309.00,9.00,0.02,9,274.00,0.17,6998,628.00,21.40,271.00,0.00,9,274.00,1.10,6254,773.00,18.50,274.00,0.80,9,274.00,1.30,5735,725.00,18.20,274.00
"2025-04-01 08:00:00",0.30,348.00,9.00,-0.06,9,274.00,0.15,7057,552.00,22.70,274.00,-0.20,9,274.00,0.90,6131,676.00,19.50,269.00,0.30,9,274.00,0.90,5294,608.00,18.80,274.00
"2025-04-01 08:15:00",0.40,299.00,9.00,-0.03,9,277.00,0.19,6512,563.00,20.50,257.00,0.10,9,277.00,1.20,5477,694.00,17.20,252.00,0.30,9,277.00,0.90,5320,607.00,18.00,254.00
"2025-04-01 08:30:00",0.20,263.00,9.00,-0.09,9,274.00,0.18,6994,550.00,22.60,273.00,0.10,9,274.00,0.70,5391,671.00,18.20,268.00,0.10,9,274.00,0.70,5077,568.00,19.10,272.00
"2025-04-01 08:45:00",0.20,16.00,9.00,-0.02,9,274.00,0.19,7006,619.00,21.60,274.00,-0.20,9,274.00,1.30,5915,793.00,17.80,273.00,0.10,9,274.00,0.90,5780,720.00,18.30,269.00
"2025-04-01 09:00:00",0.80,332.00,9.00,0.02,9,274.00,0.18,6924,659.00,21.10,269.00,-0.30,9,274.00,1.20,6084,807.00,17.80,274.00,0.70,9,274.00,1.30,5871,737.00,18.40,274.00
"2025-04-01 09:15:00",0.50,6.00,9.00,-0.02,9,277.00,0.19,6471,594.00,20.10,256.00,-0.40,9,277.00,1.10,5472,746.00,16.50,257.00,0.30,9,277.00,0.90,5383,640.00,17.80,256.00
"2025-04-01 09:30:00",0.70,309.00,9.00,0.03,9,273.00,0.21,6929,734.00,20.00,270.00,0.00,9,273.00,1.40,6186,857.00,17.40,273.00,0.70,9,273.00,1.30,6032,812.00,17.70,273.00
"2025-04-01 09:45:00",0.70,299.00,9.00,-0.07,9,274.00,0.18,6956,675.00,20.80,271.00,0.10,9,274.00,1.20,6069,741.00,18.60,273.00,0.70,9,274.00,1.30,5725,747.00,17.90,274.00
"2025-04-01 10:00:00",0.70,316.00,9.00,-0.04,9,274.00,0.17,6996,638.00,21.30,274.00,-0.10,9,274.00,1.20,5993,761.00,18.20,274.00,0.70,9,274.00,1.30,5693,753.00,17.80,273.00
"2025-04-01 10:15:00",0.60,296.00,9.00,-0.04,9,276.00,0.18,6437,630.00,19.60,255.00,0.10,9,276.00,1.40,5568,759.00,16.80,254.00,0.60,9,276.00,1.30,5140,735.00,16.30,251.00
"2025-04-01 10:30:00",0.70,282.00,9.00,-0.06,9,275.00,0.18,6715,713.00,19.90,271.00,0.30,9,275.00,1.20,5818,769.00,18.00,272.00,0.60,9,275.00,1.00,5447,774.00,17.30,270.00
"2025-04-01 10:45:00",0.80,262.00,9.00,-0.08,9,276.00,0.17,6822,627.00,21.20,273.00,0.60,9,276.00,0.80,5774,646.00,19.30,271.00,0.50,9,276.00,1.00,5385,715.00,17.90,274.00
"2025-04-01 11:00:00",0.90,264.00,9.00,-0.07,9,275.00,0.18,6763,685.00,20.30,272.00,0.60,9,275.00,1.00,5900,706.00,18.80,274.00,0.60,9,275.00,1.00,5303,726.00,17.50,270.00
"2025-04-01 11:15:00",0.70,275.00,9.00,-0.07,9,278.00,0.19,6237,683.00,18.70,254.00,0.40,9,278.00,1.10,5512,701.00,17.40,253.00,0.60,9,278.00,1.20,5076,760.00,15.80,253.00
"2025-04-01 11:30:00",1.00,292.00,9.00,-0.14,9,276.00,0.27,6409,844.00,18.00,271.00,0.30,9,276.00,1.40,5919,823.00,17.50,273.00,1.00,9,276.00,1.20,5914,799.00,17.70,271.00
"2025-04-01 11:45:00",0.80,311.00,9.00,-0.04,9,276.00,0.27,6525,794.00,18.80,273.00,0.00,9,276.00,1.60,5853,867.00,17.00,271.00,0.80,9,276.00,1.00,6116,833.00,17.80,271.00
"2025-04-01 12:00:00",1.00,276.00,9.00,-0.06,9,276.00,0.22,6644,741.00,19.60,273.00,0.50,9,276.00,1.30,5749,749.00,18.20,271.00,0.90,9,276.00,1.00,5825,762.00,18.00,272.00
"2025-04-01 12:15:00",0.50,266.00,9.00,-0.02,9,278.00,0.20,6192,679.00,18.50,258.00,0.30,9,278.00,0.90,5489,667.00,17.90,254.00,0.40,9,278.00,0.90,5051,702.00,16.50,257.00
"2025-04-01 12:30:00",0.60,268.00,9.00,-0.05,9,275.00,0.18,6691,680.00,20.30,274.00,0.40,9,275.00,0.80,5683,697.00,18.70,269.00,0.40,9,275.00,0.90,5323,713.00,17.70,271.00
"2025-04-01 12:45:00",0.60,273.00,9.00,-0.05,9,276.00,0.19,6674,666.00,20.40,275.00,0.30,9,276.00,0.70,5632,650.00,19.00,274.00,0.50,9,276.00,1.00,5254,730.00,17.40,271.00
"2025-04-01 13:00:00",0.60,258.00,9.00,-0.04,9,276.00,0.17,6835,620.00,21.30,274.00,0.40,9,276.00,0.70,5868,594.00,20.30,271.00,0.40,9,276.00,0.80,5320,676.00,18.20,272.00
"2025-04-01 13:15:00",0.50,276.00,9.00,-0.03,9,278.00,0.16,6162,612.00,19.30,258.00,0.30,9,278.00,0.70,5382,620.00,18.10,254.00,0.40,9,278.00,0.90,4806,703.00,16.00,253.00
"2025-04-01 13:30:00",0.60,274.00,9.00,-0.01,9,276.00,0.20,6615,721.00,19.70,273.00,0.30,9,276.00,0.70,5910,677.00,19.30,272.00,0.50,9,276.00,0.90,5459,766.00,17.50,271.00
"2025-04-01 13:45:00",0.40,253.00,9.00,-0.02,9,275.00,0.16,6664,623.00,20.90,275.00,0.30,9,275.00,0.70,5770,629.00,19.60,271.00,0.20,9,275.00,0.80,5146,675.00,17.80,270.00
"2025-04-01 14:00:00",0.50,271.00,9.00,-0.01,9,276.00,0.18,6678,655.00,20.60,274.00,0.30,9,276.00,0.70,5873,595.00,20.30,272.00,0.40,9,276.00,0.80,5451,688.00,18.20,271.00
"2025-04-01 14:15:00",0.50,286.00,9.00,-0.01,9,278.00,0.17,6242,594.00,19.70,257.00,0.20,9,278.00,0.90,5270,647.00,17.50,252.00,0.40,9,278.00,0.90,4999,682.00,16.80,253.00
"2025-04-01 14:30:00",1.00,288.00,9.00,-0.03,9,276.00,0.23,6331,806.00,18.40,271.00,0.30,9,276.00,1.00,5630,777.00,17.60,271.00,0.90,9,276.00,1.20,5697,825.00,17.20,271.00
"2025-04-01 14:45:00",1.00,282.00,9.00,-0.08,9,276.00,0.21,6297,791.00,18.40,271.00,0.40,9,276.00,1.30,5595,827.00,17.10,271.00,0.90,9,276.00,0.90,5757,787.00,17.80,271.00
"2025-04-01 15:00:00",0.80,281.00,9.00,-0.08,9,276.00,0.29,6008,929.00,16.60,271.00,0.40,9,276.00,1.70,5751,917.00,16.40,271.00,0.70,9,276.00,0.90,6045,850.00,17.60,271.00
"2025-04-01 15:15:00",0.80,271.00,9.00,-0.06,9,279.00,0.24,5822,756.00,17.20,253.00,0.50,9,279.00,1.20,5259,746.00,16.50,254.00,0.60,9,279.00,0.80,5542,748.00,16.90,254.00
"2025-04-01 15:30:00",0.80,293.00,9.00,-0.10,9,276.00,0.24,6108,884.00,17.20,271.00,0.20,9,276.00,1.60,5519,865.00,16.60,271.00,0.80,9,276.00,1.00,5851,812.00,17.70,271.00
"2025-04-01 15:45:00",0.70,284.00,9.00,-0.09,9,277.00,0.19,6315,756.00,18.90,272.00,0.30,9,277.00,0.80,5648,705.00,18.60,272.00,0.60,9,277.00,0.70,5532,717.00,18.10,275.00
"2025-04-01 16:00:00",0.50,282.00,9.00,-0.07,9,276.00,0.18,6478,675.00,20.00,273.00,0.20,9,276.00,0.70,5781,645.00,19.40,274.00,0.40,9,276.00,0.70,5290,694.00,17.80,274.00
"2025-04-01 16:15:00",0.30,282.00,9.00,-0.05,9,277.00,0.17,5885,619.00,18.80,255.00,0.10,9,277.00,0.60,5254,580.00,18.40,253.00,0.30,9,277.00,0.80,4718,627.00,16.80,255.00
"2025-04-01 16:30:00",0.30,254.00,9.00,-0.05,9,276.00,0.16,6423,639.00,20.40,275.00,0.30,9,276.00,0.60,5617,624.00,19.40,275.00,0.20,9,276.00,0.70,5155,658.00,18.00,273.00
"2025-04-01 16:45:00",0.20,282.00,9.00,-0.02,9,276.00,0.17,6485,616.00,20.80,276.00,0.10,9,276.00,0.50,5888,555.00,20.90,273.00,0.20,9,276.00,0.70,5067,628.00,18.20,272.00
"2025-04-01 17:00:00",0.20,286.00,9.00,0.00,9,276.00,0.17,6458,636.00,20.40,276.00,0.10,9,276.00,0.60,5584,587.00,19.80,274.00,0.20,9,276.00,0.60,5213,603.00,18.90,272.00
"2025-04-01 17:15:00",0.40,261.00,9.00,-0.04,9,277.00,0.18,6030,578.00,19.60,258.00,0.30,9,277.00,0.60,5232,529.00,19.00,258.00,0.30,9,277.00,0.60,4957,548.00,18.30,256.00
"2025-04-01 17:30:00",0.40,266.00,9.00,-0.03,9,276.00,0.19,6543,618.00,20.80,276.00,0.30,9,276.00,0.40,5857,506.00,21.50,273.00,0.30,9,276.00,0.60,5563,561.00,20.10,273.00
"2025-04-01 17:45:00",0.50,268.00,9.00,-0.04,9,276.00,0.20,6687,578.00,21.50,276.00,0.30,9,276.00,0.30,6114,455.00,22.80,273.00,0.40,9,276.00,0.50,5502,543.00,20.40,272.00
"2025-04-01 18:00:00",0.60,273.00,9.00,-0.04,9,276.00,0.17,6687,522.00,22.40,276.00,0.40,9,276.00,0.40,6149,464.00,22.70,274.00,0.50,9,276.00,0.50,5373,551.00,19.90,272.00
"2025-04-01 18:15:00",0.90,272.00,9.00,-0.07,9,277.00,0.16,6288,518.00,20.80,258.00,0.50,9,277.00,0.30,5624,452.00,20.90,257.00,0.70,9,277.00,0.40,5349,509.00,19.50,253.00
"2025-04-01 18:30:00",1.30,266.00,9.00,-0.13,9,274.00,0.15,6616,538.00,22.10,273.00,0.80,9,274.00,0.30,6142,449.00,22.90,270.00,1.00,9,274.00,0.40,5577,577.00,19.80,273.00
"2025-04-01 18:45:00",1.30,270.00,9.00,-0.11,9,274.00,0.14,6751,481.00,23.30,273.00,0.80,9,274.00,0.30,6205,439.00,23.10,269.00,1.00,9,274.00,0.70,5173,654.00,18.00,269.00
"2025-04-01 19:00:00",1.20,267.00,9.00,-0.05,9,274.00,0.10,6767,474.00,23.30,272.00,0.80,9,274.00,0.40,5918,510.00,21.40,272.00,0.90,9,274.00,0.50,5521,634.00,18.80,272.00
"2025-04-01 19:15:00",1.10,265.00,9.00,-0.06,9,276.00,0.11,6282,464.00,21.70,254.00,0.80,9,276.00,0.40,5260,508.00,19.30,257.00,0.80,9,276.00,0.40,5275,574.00,18.30,256.00
"2025-04-01 19:30:00",1.20,259.00,9.00,-0.08,9,274.00,0.15,6618,518.00,22.40,273.00,0.90,9,274.00,0.50,5531,599.00,19.50,272.00,0.80,9,274.00,0.50,5180,696.00,17.50,269.00
"2025-04-01 19:45:00",1.10,262.00,9.00,-0.06,9,274.00,0.16,6707,517.00,22.40,274.00,0.80,9,274.00,0.40,5740,535.00,20.70,272.00,0.80,9,274.00,0.50,5265,695.00,17.60,272.00
"2025-04-01 20:00:00",1.40,272.00,9.00,-0.09,9,274.00,0.12,6827,476.00,23.40,274.00,0.80,9,274.00,0.30,5864,508.00,21.40,274.00,1.10,9,274.00,0.50,5168,694.00,17.40,272.00
"2025-04-01 20:15:00",1.10,269.00,9.00,-0.05,9,276.00,0.12,6340,460.00,21.80,256.00,0.70,9,276.00,0.40,5603,468.00,20.50,257.00,0.90,9,276.00,0.40,4904,680.00,16.20,253.00
"2025-04-01 20:30:00",1.10,269.00,9.00,-0.05,9,274.00,0.12,6794,494.00,23.00,274.00,0.70,9,274.00,0.40,5876,517.00,21.20,272.00,0.90,9,274.00,0.50,5399,687.00,17.80,269.00
"2025-04-01 20:45:00",1.00,267.00,9.00,-0.02,9,274.00,0.13,6762,475.00,23.40,274.00,0.70,9,274.00,0.30,5991,509.00,21.50,273.00,0.80,9,274.00,0.50,5281,710.00,17.40,269.00
"2025-04-01 21:00:00",0.90,253.00,9.00,-0.01,9,273.00,0.15,6674,498.00,22.90,273.00,0.70,9,273.00,0.50,5404,586.00,19.40,272.00,0.50,9,273.00,0.70,4905,686.00,17.10,273.00
"2025-04-01 21:15:00",0.60,238.00,9.00,0.06,9,277.00,0.13,6203,517.00,20.70,256.00,0.50,9,277.00,0.60,4774,623.00,16.70,252.00,0.20,9,277.00,0.70,4493,710.00,15.10,252.00
"2025-04-01 21:30:00",0.60,262.00,9.00,0.05,9,274.00,0.12,6818,562.00,22.10,274.00,0.40,9,274.00,0.80,5177,753.00,16.80,270.00,0.40,9,274.00,0.90,5045,803.00,16.00,273.00
"2025-04-01 21:45:00",0.60,236.00,9.00,0.05,9,274.00,0.16,6635,618.00,21.10,272.00,0.60,9,274.00,1.10,5266,743.00,17.20,270.00,0.20,9,274.00,1.00,4929,824.00,15.50,272.00
"2025-04-01 22:00:00",0.20,250.00,9.00,0.05,9,273.00,0.13,6732,554.00,22.20,271.00,0.10,9,273.00,0.80,5426,686.00,18.10,271.00,0.10,9,273.00,1.00,4825,790.00,15.80,268.00
"2025-04-01 22:15:00",0.60,246.00,9.00,0.05,9,277.00,0.15,6176,566.00,20.20,256.00,0.50,9,277.00,0.70,5012,632.00,17.30,253.00,0.30,9,277.00,0.90,4451,753.00,14.90,256.00
"2025-04-01 22:30:00",0.70,239.00,9.00,0.03,9,273.00,0.17,6430,593.00,21.10,270.00,0.70,9,273.00,0.90,5070,657.00,17.80,270.00,0.20,9,273.00,1.00,4791,776.00,15.80,271.00
"2025-04-01 22:45:00",0.40,160.00,9.00,0.09,9,275.00,0.17,6419,661.00,20.10,274.00,0.20,9,275.00,0.70,5332,673.00,18.00,271.00,-0.30,9,275.00,0.90,4882,784.00,15.90,269.00
"2025-04-01 23:00:00",0.30,203.00,9.00,0.04,9,274.00,0.18,6399,661.00,20.10,273.00,0.30,9,274.00,0.80,5053,657.00,17.70,269.00,-0.10,9,274.00,1.00,4869,785.00,15.90,268.00
"2025-04-01 23:15:00",0.30,160.00,9.00,0.03,9,276.00,0.17,5919,621.00,18.90,256.00,0.20,9,276.00,0.70,4810,615.00,16.90,257.00,-0.30,9,276.00,0.90,4436,726.00,14.90,254.00
"2025-04-01 23:30:00",0.30,156.00,9.00,0.05,9,273.00,0.20,6036,677.00,19.20,270.00,0.20,9,273.00,0.60,5400,628.00,18.80,269.00,-0.30,9,273.00,0.90,4762,766.00,15.80,271.00
"2025-04-01 23:45:00",0.30,150.00,9.00,0.06,9,274.00,0.16,6482,594.00,21.10,272.00,0.10,9,274.00,0.70,5136,629.00,18.20,271.00,-0.30,9,274.00,0.90,4654,750.00,15.80,274.00
"2025-04-02 00:00:00",0.20,211.00,9.00,0.06,9,274.00,0.14,6493,542.00,21.80,274.00,0.20,9,274.00,0.50,5114,608.00,18.40,273.00,0.00,9,274.00,0.70,4782,717.00,16.40,271.00
"2025-04-02 00:15:00",0.20,183.00,9.00,0.08,9,277.00,0.13,6157,518.00,20.60,257.00,0.20,9,277.00,0.70,4680,602.00,16.90,254.00,-0.10,9,277.00,0.80,4423,696.00,15.20,256.00
"2025-04-02 00:30:00",0.30,241.00,9.00,0.04,9,274.00,0.15,6305,589.00,20.90,273.00,0.30,9,274.00,0.60,4896,596.00,18.30,272.00,0.10,9,274.00,0.70,4783,723.00,16.30,271.00
"2025-04-02 00:45:00",0.20,242.00,9.00,0.05,9,274.00,0.13,6399,592.00,21.00,273.00,0.20,9,274.00,0.60,4655,636.00,17.30,272.00,0.10,9,274.00,0.80,4560,776.00,15.30,271.00
"2025-04-02 01:00:00",0.30,232.00,9.00,0.05,9,275.00,0.12,6459,633.00,20.50,274.00,0.30,9,275.00,0.70,4500,630.00,17.00,273.00,0.10,9,275.00,0.80,4684,772.00,15.60,274.00
"2025-04-02 01:15:00",1.20,37.00,9.00,0.02,9,276.00,0.14,5770,738.00,17.50,254.00,-1.20,9,276.00,5.50,4329,925.00,13.10,221.00,0.00,9,276.00,2.90,4084,1049.00,11.50,229.00
"2025-04-02 01:30:00",0.50,265.00,9.00,0.01,9,274.00,0.18,6488,760.00,19.00,272.00,0.30,9,274.00,1.00,5093,913.00,15.00,269.00,0.40,9,274.00,1.20,4954,997.00,14.10,272.00
"2025-04-02 01:45:00",0.70,265.00,9.00,-0.03,9,274.00,0.18,6562,776.00,19.00,274.00,0.50,9,274.00,1.50,4996,983.00,14.40,261.00,0.50,9,274.00,1.10,5037,1004.00,14.20,264.00
"2025-04-02 02:00:00",1.20,274.00,9.00,-0.09,9,274.00,0.14,6937,576.00,22.00,274.00,0.70,9,274.00,0.90,5443,743.00,17.50,273.00,1.00,9,274.00,1.20,5219,810.00,16.30,272.00
"2025-04-02 02:15:00",1.40,266.00,9.00,-0.04,9,277.00,0.16,6393,617.00,19.60,254.00,0.90,9,277.00,1.30,5116,775.00,15.80,252.00,1.00,9,277.00,1.30,4891,794.00,15.10,253.00
"2025-04-02 02:30:00",1.00,259.00,9.00,-0.01,9,274.00,0.18,6778,664.00,20.70,272.00,0.80,9,274.00,1.10,5456,826.00,16.60,273.00,0.70,9,274.00,1.40,5303,882.00,15.80,269.00
"2025-04-02 02:45:00",1.10,266.00,9.00,0.00,9,274.00,0.19,6529,784.00,18.70,271.00,0.80,9,274.00,1.20,5453,906.00,15.80,272.00,0.90,9,274.00,1.30,5284,965.00,15.00,270.00
"2025-04-02 03:00:00",1.30,269.00,9.00,-0.10,9,275.00,0.21,6466,876.00,17.70,274.00,0.80,9,275.00,1.20,5226,1098.00,13.70,268.00,1.00,9,275.00,1.40,5311,1101.00,13.80,264.00
"2025-04-02 03:15:00",0.90,280.00,9.00,0.00,9,277.00,0.16,6363,660.00,19.30,255.00,0.40,9,277.00,0.80,5533,778.00,16.60,252.00,0.80,9,277.00,1.10,5052,835.00,15.20,256.00
"2025-04-02 03:30:00",1.40,281.00,9.00,-0.07,9,274.00,0.14,7089,510.00,23.50,271.00,0.60,9,274.00,0.70,5943,730.00,18.50,270.00,1.20,9,274.00,0.90,5638,758.00,17.70,273.00
"2025-04-02 03:45:00",1.20,262.00,9.00,-0.04,9,275.00,0.12,7229,518.00,23.40,274.00,0.80,9,275.00,0.90,6077,719.00,18.80,274.00,0.80,9,275.00,1.00,5478,757.00,17.20,275.00
"2025-04-02 04:00:00",0.60,267.00,9.00,0.04,9,274.00,0.14,7028,570.00,22.20,274.00,0.40,9,274.00,0.70,6157,696.00,19.30,273.00,0.50,9,274.00,1.00,5259,774.00,16.70,272.00
"2025-04-02 04:15:00",1.20,257.00,9.00,-0.06,9,276.00,0.17,6463,580.00,20.60,252.00,0.90,9,276.00,1.00,5600,719.00,17.10,255.00,0.70,9,276.00,1.20,5383,789.00,16.00,257.00
"2025-04-02 04:30:00",0.20,164.00,9.00,0.06,9,274.00,0.17,6655,717.00,19.70,274.00,0.10,9,274.00,0.80,5501,702.00,17.90,274.00,-0.10,9,274.00,1.10,5294,807.00,16.40,274.00
"2025-04-02 04:45:00",0.80,160.00,9.00,0.01,9,274.00,0.17,6783,613.00,21.20,274.00,0.40,9,274.00,0.60,5498,641.00,18.70,274.00,-0.70,9,274.00,0.80,5595,703.00,18.20,272.00
"2025-04-02 05:00:00",1.10,157.00,9.00,0.03,9,273.00,0.11,7071,470.00,24.10,273.00,0.50,9,273.00,0.50,5028,562.00,19.00,272.00,-1.00,9,273.00,0.60,5089,641.00,18.00,272.00
"2025-04-02 05:15:00",0.60,167.00,9.00,0.01,9,276.00,0.13,6527,507.00,21.40,255.00,0.40,9,276.00,0.80,5132,576.00,18.10,256.00,-0.40,9,276.00,1.00,4702,685.00,15.90,255.00
"2025-04-02 05:30:00",1.30,140.00,9.00,0.10,9,273.00,0.12,6768,663.00,20.30,273.00,0.30,9,273.00,0.50,5400,577.00,19.40,273.00,-1.30,9,273.00,0.60,5721,608.00,19.60,272.00
"2025-04-02 05:45:00",1.50,121.00,9.00,0.20,9,274.00,0.15,6823,703.00,20.20,274.00,-0.20,9,274.00,0.60,4951,627.00,17.90,274.00,-1.50,9,274.00,0.50,5780,632.00,19.30,269.00
"2025-04-02 06:00:00",1.10,139.00,9.00,0.09,9,273.00,0.17,6394,799.00,18.20,273.00,0.20,9,273.00,0.60,4844,622.00,17.80,271.00,-1.10,9,273.00,0.30,6018,573.00,20.60,269.00
"2025-04-02 06:15:00",0.90,135.00,9.00,0.10,9,276.00,0.12,6457,579.00,20.10,255.00,0.10,9,276.00,0.70,4658,580.00,17.10,256.00,-0.90,9,276.00,0.50,5365,641.00,17.50,256.00
"2025-04-02 06:30:00",1.20,114.00,9.00,0.17,9,273.00,0.12,6872,605.00,21.50,273.00,-0.30,9,273.00,0.70,5209,650.00,18.10,273.00,-1.10,9,273.00,0.60,5708,622.00,19.40,272.00
"2025-04-02 06:45:00",1.20,134.00,9.00,0.03,9,273.00,0.14,7085,480.00,23.70,273.00,0.10,9,273.00,0.50,4895,629.00,17.80,273.00,-1.20,9,273.00,0.50,5105,593.00,18.80,272.00
"2025-04-02 07:00:00",1.00,110.00,9.00,0.05,9,274.00,0.12,6846,618.00,21.10,274.00,-0.30,9,274.00,0.50,5182,636.00,18.20,272.00,-1.00,9,274.00,0.80,4315,672.00,16.10,274.00
"2025-04-02 07:15:00",0.50,87.00,9.00,0.05,9,275.00,0.10,6722,387.00,23.80,255.00,-0.30,9,275.00,0.50,5178,590.00,18.00,255.00,-0.30,9,275.00,0.90,4104,668.00,14.90,254.00
"2025-04-02 07:30:00",0.20,318.00,9.00,0.01,9,274.00,0.09,6973,572.00,22.30,269.00,0.00,9,274.00,0.70,5428,825.00,16.60,269.00,0.20,9,274.00,1.10,4550,903.00,14.10,271.00
"2025-04-02 07:45:00",0.40,288.00,9.00,-0.02,9,275.00,0.11,7100,504.00,23.40,275.00,0.20,9,275.00,0.50,5628,612.00,19.30,275.00,0.40,9,275.00,0.60,4940,686.00,17.10,274.00
"2025-04-02 08:00:00",0.40,269.00,9.00,-0.02,9,274.00,0.12,6966,597.00,21.50,274.00,0.20,9,274.00,0.30,5260,585.00,19.00,273.00,0.30,9,274.00,0.60,4353,684.00,16.00,272.00
"2025-04-02 08:15:00",0.30,268.00,9.00,-0.08,9,275.00,0.14,6553,487.00,21.80,256.00,0.20,9,275.00,0.60,5128,522.00,18.90,256.00,0.20,9,275.00,0.50,4578,564.00,17.30,256.00
"2025-04-02 08:30:00",0.20,203.00,9.00,0.02,9,275.00,0.16,6943,536.00,22.60,275.00,0.20,9,275.00,0.70,5726,596.00,19.80,275.00,-0.10,9,275.00,0.60,5679,542.00,20.60,272.00
"2025-04-02 08:45:00",0.10,142.00,9.00,-0.04,9,274.00,0.17,6878,587.00,21.70,274.00,0.00,9,274.00,0.70,5305,618.00,18.70,274.00,-0.10,9,274.00,0.60,5921,559.00,20.70,271.00
"2025-04-02 09:00:00",0.20,87.00,9.00,-0.09,9,274.00,0.16,6805,576.00,21.80,273.00,-0.10,9,274.00,1.00,5356,724.00,17.50,273.00,-0.20,9,274.00,0.80,5619,660.00,18.90,273.00
"2025-04-02 09:15:00",0.20,148.00,9.00,-0.01,9,276.00,0.14,6288,604.00,19.80,257.00,0.10,9,276.00,0.80,4856,750.00,15.70,252.00,-0.20,9,276.00,0.60,5134,688.00,17.10,249.00
"2025-04-02 09:30:00",0.10,14.00,9.00,0.04,9,274.00,0.16,6624,754.00,19.20,274.00,-0.10,9,274.00,0.70,4986,1036.00,13.70,262.00,0.00,9,274.00,0.80,5019,1001.00,14.10,266.00
"2025-04-02 09:45:00",0.40,250.00,9.00,0.07,9,274.00,0.17,6915,636.00,21.10,274.00,0.30,9,274.00,1.00,5373,873.00,16.00,268.00,0.20,9,274.00,0.90,5538,780.00,17.30,268.00
"2025-04-02 10:00:00",0.20,251.00,9.00,0.03,9,274.00,0.14,7070,490.00,23.50,274.00,0.20,9,274.00,0.80,5416,687.00,18.10,273.00,0.10,9,274.00,0.70,5549,632.00,19.00,273.00
"2025-04-02 10:15:00",0.20,258.00,9.00,0.01,9,276.00,0.12,6589,485.00,22.00,256.00,0.20,9,276.00,0.60,5224,609.00,18.00,252.00,0.20,9,276.00,0.60,5550,477.00,20.70,253.00
"2025-04-02 10:30:00",0.40,249.00,9.00,0.03,9,274.00,0.12,7115,443.00,24.40,274.00,0.30,9,274.00,0.50,5387,608.00,19.00,272.00,0.20,9,274.00,0.50,5879,455.00,22.40,272.00
"2025-04-02 10:45:00",0.60,235.00,9.00,-0.07,9,275.00,0.14,6932,519.00,22.80,275.00,0.60,9,275.00,0.60,5704,588.00,19.90,275.00,0.20,9,275.00,0.60,5829,538.00,21.00,274.00
"2025-04-02 11:00:00",0.70,235.00,9.00,-0.10,9,274.00,0.14,6878,573.00,22.00,273.00,0.70,9,274.00,0.70,5925,616.00,20.00,272.00,0.20,9,274.00,0.60,5921,603.00,20.30,269.00
"2025-04-02 11:15:00",0.50,252.00,9.00,-0.11,9,276.00,0.18,6098,621.00,19.10,252.00,0.40,9,276.00,0.90,5483,658.00,17.80,255.00,0.30,9,276.00,0.80,5491,628.00,18.10,254.00
"2025-04-02 11:30:00",0.60,240.00,9.00,-0.05,9,274.00,0.17,6738,635.00,21.00,270.00,0.60,9,274.00,0.80,5943,613.00,20.00,269.00,0.20,9,274.00,0.70,5884,656.00,19.30,272.00
"2025-04-02 11:45:00",0.40,228.00,9.00,-0.08,9,275.00,0.17,6770,647.00,20.80,272.00,0.40,9,275.00,0.70,6097,652.00,19.90,270.00,0.10,9,275.00,0.80,5672,710.00,18.30,270.00
"2025-04-02 12:00:00",0.40,283.00,9.00,-0.02,9,275.00,0.31,6370,828.00,18.20,270.00,0.20,9,275.00,1.30,6036,806.00,17.90,270.00,0.40,9,275.00,1.10,6216,822.00,18.00,270.00
"2025-04-02 12:15:00",0.70,312.00,9.00,-0.03,9,278.00,0.25,6026,748.00,17.70,253.00,0.00,9,278.00,1.40,5648,730.00,17.30,255.00,0.70,9,278.00,1.20,5682,767.00,16.90,254.00
"2025-04-02 12:30:00",0.50,282.00,9.00,-0.06,9,276.00,0.20,6663,722.00,19.80,274.00,0.20,9,276.00,0.70,5882,693.00,19.10,271.00,0.40,9,276.00,0.90,5584,764.00,17.60,274.00
"2025-04-02 12:45:00",0.60,236.00,9.00,-0.04,9,276.00,0.23,6740,707.00,20.10,275.00,0.50,9,276.00,0.80,6020,636.00,20.00,271.00,0.20,9,276.00,0.80,5838,656.00,19.40,271.00
"2025-04-02 13:00:00",0.60,271.00,9.00,-0.09,9,274.00,0.16,6638,682.00,20.10,273.00,0.40,9,274.00,1.00,5569,817.00,17.10,270.00,0.50,9,274.00,0.90,5387,810.00,16.70,269.00
"2025-04-02 13:15:00",0.70,291.00,9.00,-0.03,9,276.00,0.21,6238,692.00,18.50,253.00,0.20,9,276.00,1.20,5519,703.00,17.20,253.00,0.70,9,276.00,1.20,5424,797.00,16.10,255.00
"2025-04-02 13:30:00",0.80,240.00,9.00,-0.06,9,276.00,0.17,6788,673.00,20.50,274.00,0.70,9,276.00,0.80,5621,775.00,17.50,273.00,0.30,9,276.00,0.90,5532,785.00,17.30,271.00
"2025-04-02 13:45:00",0.90,236.00,9.00,-0.05,9,276.00,0.13,7043,558.00,22.50,276.00,0.80,9,276.00,0.60,6014,707.00,19.00,272.00,0.30,9,276.00,0.60,5766,652.00,19.30,274.00
"2025-04-02 14:00:00",0.80,240.00,9.00,-0.06,9,274.00,0.22,6920,665.00,20.80,269.00,0.70,9,274.00,1.10,6057,687.00,19.20,272.00,0.30,9,274.00,0.90,6148,723.00,18.80,271.00
"2025-04-02 14:15:00",0.90,300.00,9.00,-0.05,9,276.00,0.21,6295,718.00,18.50,253.00,0.10,9,276.00,1.20,5587,746.00,17.00,255.00,0.90,9,276.00,1.10,5764,772.00,17.10,255.00
"2025-04-02 14:30:00",0.50,287.00,9.00,-0.08,9,276.00,0.18,6737,685.00,20.20,275.00,0.20,9,276.00,0.90,6014,697.00,19.10,274.00,0.50,9,276.00,0.90,5644,765.00,17.60,271.00
"2025-04-02 14:45:00",0.60,278.00,9.00,-0.07,9,276.00,0.17,6644,732.00,19.60,272.00,0.30,9,276.00,1.00,5848,767.00,18.20,271.00,0.60,9,276.00,0.90,5744,806.00,17.40,271.00
"2025-04-02 15:00:00",0.90,280.00,9.00,-0.07,9,275.00,0.23,6522,811.00,18.50,270.00,0.40,9,275.00,1.30,5855,802.00,17.70,270.00,0.80,9,275.00,1.10,5812,844.00,17.10,270.00
"2025-04-02 15:15:00",0.70,267.00,9.00,-0.07,9,278.00,0.18,5945,777.00,17.10,253.00,0.50,9,278.00,1.10,5281,774.00,16.30,252.00,0.60,9,278.00,1.40,5081,821.00,15.40,251.00
"2025-04-02 15:30:00",0.50,262.00,9.00,-0.08,9,276.00,0.19,6371,741.00,19.10,271.00,0.40,9,276.00,1.20,5541,765.00,17.60,270.00,0.40,9,276.00,1.00,5362,769.00,17.10,271.00
"2025-04-02 15:45:00",0.50,289.00,9.00,-0.07,9,276.00,0.19,6523,688.00,19.90,274.00,0.20,9,276.00,1.10,5664,703.00,18.60,271.00,0.50,9,276.00,1.00,5374,757.00,17.30,271.00
"2025-04-02 16:00:00",0.80,251.00,9.00,-0.01,9,275.00,0.16,6845,691.00,20.50,270.00,0.60,9,275.00,1.40,5778,765.00,18.10,270.00,0.40,9,275.00,1.40,5645,785.00,17.60,270.00
"2025-04-02 16:15:00",0.80,242.00,9.00,-0.05,9,278.00,0.19,6242,658.00,18.80,256.00,0.70,9,278.00,1.10,5246,690.00,17.20,253.00,0.30,9,278.00,1.10,5071,683.00,16.90,253.00
"2025-04-02 16:30:00",0.60,251.00,9.00,-0.06,9,276.00,0.18,6720,685.00,20.20,274.00,0.50,9,276.00,0.90,5612,677.00,18.80,271.00,0.30,9,276.00,0.90,5329,693.00,18.00,271.00
"2025-04-02 16:45:00",0.90,297.00,9.00,-0.08,9,275.00,0.20,6705,720.00,19.90,275.00,0.20,9,275.00,1.10,5635,809.00,17.30,270.00,0.80,9,275.00,1.20,5356,791.00,16.90,270.00
"2025-04-02 17:00:00",0.80,278.00,9.00,-0.04,9,276.00,0.19,6701,619.00,21.00,276.00,0.40,9,276.00,0.70,5963,592.00,20.60,273.00,0.70,9,276.00,1.10,5026,707.00,17.20,271.00
"2025-04-02 17:15:00",0.70,272.00,9.00,-0.07,9,278.00,0.16,6359,528.00,20.80,258.00,0.40,9,278.00,0.50,5635,497.00,20.30,255.00,0.60,9,278.00,0.60,4853,566.00,17.70,255.00
"2025-04-02 17:30:00",0.90,264.00,9.00,-0.05,9,274.00,0.14,6860,519.00,22.80,274.00,0.60,9,274.00,0.40,6091,479.00,22.30,273.00,0.60,9,274.00,0.70,4984,622.00,18.20,269.00
"2025-04-02 17:45:00",0.70,260.00,9.00,-0.02,9,274.00,0.14,6940,514.00,22.80,274.00,0.50,9,274.00,0.30,6312,457.00,23.00,274.00,0.50,9,274.00,0.50,5035,602.00,18.50,272.00
"2025-04-02 18:00:00",0.70,246.00,9.00,0.03,9,274.00,0.11,7059,424.00,24.70,274.00,0.60,9,274.00,0.40,6223,470.00,22.60,274.00,0.30,9,274.00,0.60,4575,660.00,16.70,274.00
"2025-04-02 18:15:00",0.70,254.00,9.00,0.06,9,276.00,0.12,6389,428.00,22.50,256.00,0.60,9,276.00,0.40,5739,430.00,21.40,257.00,0.40,9,276.00,0.70,4250,586.00,16.20,257.00
"2025-04-02 18:30:00",0.70,244.00,9.00,0.03,9,274.00,0.13,6874,451.00,24.00,274.00,0.60,9,274.00,0.40,5773,530.00,20.80,273.00,0.30,9,274.00,0.70,4764,629.00,17.60,272.00
"2025-04-02 18:45:00",0.80,247.00,9.00,0.01,9,274.00,0.12,6935,503.00,23.10,273.00,0.70,9,274.00,0.60,5282,738.00,17.40,272.00,0.40,9,274.00,0.80,4653,760.00,15.90,270.00
"2025-04-02 19:00:00",0.40,237.00,9.00,0.12,9,274.00,0.13,6957,553.00,22.40,274.00,0.40,9,274.00,0.90,5434,733.00,17.50,271.00,0.10,9,274.00,1.10,5155,713.00,17.30,273.00
"2025-04-02 19:15:00",0.40,188.00,9.00,0.09,9,276.00,0.15,6274,551.00,20.50,257.00,0.30,9,276.00,0.70,4954,609.00,17.40,256.00,-0.20,9,276.00,1.00,4685,689.00,15.90,257.00
"2025-04-02 19:30:00",0.40,152.00,9.00,0.12,9,274.00,0.18,6484,675.00,20.10,273.00,0.20,9,274.00,0.60,5576,616.00,19.20,273.00,-0.40,9,274.00,0.90,4833,697.00,16.70,272.00
"2025-04-02 19:45:00",0.70,257.00,9.00,-0.02,9,274.00,0.17,6890,667.00,20.60,274.00,0.50,9,274.00,0.70,5872,651.00,19.30,269.00,0.40,9,274.00,1.10,5243,751.00,17.00,272.00
"2025-04-02 20:00:00",0.80,235.00,9.00,0.02,9,274.00,0.21,6551,803.00,18.50,269.00,0.70,9,274.00,1.00,5789,770.00,17.70,269.00,0.20,9,274.00,1.00,5744,792.00,17.40,269.00
"2025-04-02 20:15:00",0.70,209.00,9.00,0.02,9,276.00,0.20,6087,730.00,17.80,256.00,0.70,9,276.00,1.00,4777,701.00,15.90,252.00,-0.10,9,276.00,1.20,4522,734.00,15.00,255.00
"2025-04-02 20:30:00",0.70,205.00,9.00,0.07,9,274.00,0.17,6582,777.00,18.90,273.00,0.70,9,274.00,1.00,5105,891.00,15.30,270.00,-0.20,9,274.00,0.90,5196,853.00,15.80,271.00
"2025-04-02 20:45:00",1.20,244.00,9.00,0.00,9,273.00,0.19,6979,693.00,20.40,273.00,1.00,9,273.00,1.30,5591,859.00,16.40,270.00,0.50,9,273.00,1.10,5720,804.00,17.30,272.00
"2025-04-02 21:00:00",0.80,231.00,9.00,0.01,9,275.00,0.19,6810,695.00,20.20,275.00,0.70,9,275.00,1.00,5494,767.00,17.20,271.00,0.20,9,275.00,1.10,5586,781.00,17.20,273.00
"2025-04-02 21:15:00",0.40,232.00,9.00,0.04,9,276.00,0.18,6194,634.00,19.10,256.00,0.40,9,276.00,0.90,4963,677.00,16.50,255.00,0.10,9,276.00,0.90,5021,697.00,16.40,254.00
"2025-04-02 21:30:00",0.50,210.00,9.00,0.02,9,274.00,0.20,6674,710.00,19.80,273.00,0.50,9,274.00,0.70,5530,679.00,18.30,274.00,-0.10,9,274.00,0.80,5731,692.00,18.50,272.00
"2025-04-02 21:45:00",0.50,195.00,9.00,0.03,9,274.00,0.18,6641,743.00,19.40,274.00,0.40,9,274.00,0.70,5381,693.00,17.80,272.00,-0.20,9,274.00,0.80,5446,691.00,18.00,273.00
"2025-04-02 22:00:00",0.20,200.00,9.00,0.03,9,274.00,0.19,6737,679.00,20.30,274.00,0.20,9,274.00,0.70,5377,632.00,18.60,272.00,-0.10,9,274.00,0.70,5641,650.00,18.90,269.00
"2025-04-02 22:15:00",0.50,251.00,9.00,0.01,9,276.00,0.19,6318,663.00,18.80,257.00,0.40,9,276.00,0.60,5104,635.00,17.20,256.00,0.30,9,276.00,0.60,5273,584.00,18.20,255.00
"2025-04-02 22:30:00",0.60,271.00,9.00,-0.04,9,273.00,0.15,6933,647.00,21.00,273.00,0.40,9,273.00,0.60,5257,715.00,17.30,271.00,0.50,9,273.00,0.60,5500,621.00,19.00,273.00
"2025-04-02 22:45:00",0.60,259.00,9.00,-0.03,9,274.00,0.16,6873,659.00,20.90,274.00,0.50,9,274.00,0.70,5050,872.00,15.40,262.00,0.40,9,274.00,0.80,5187,831.00,16.10,273.00
"2025-04-02 23:00:00",0.70,266.00,9.00,0.01,9,274.00,0.13,6924,706.00,20.10,273.00,0.50,9,274.00,0.80,5144,1017.00,14.10,273.00,0.50,9,274.00,0.80,5420,969.00,15.00,273.00
"2025-04-02 23:15:00",0.80,266.00,9.00,0.02,9,276.00,0.16,6473,667.00,19.10,256.00,0.50,9,276.00,0.90,5629,715.00,17.20,256.00,0.60,9,276.00,0.80,5607,675.00,17.80,253.00
"2025-04-02 23:30:00",0.50,260.00,9.00,0.01,9,274.00,0.14,7134,566.00,22.40,274.00,0.40,9,274.00,0.90,5385,701.00,17.80,272.00,0.30,9,274.00,0.70,5792,627.00,19.50,269.00
"2025-04-02 23:45:00",0.50,290.00,9.00,-0.02,9,274.00,0.16,7111,540.00,22.70,274.00,0.10,9,274.00,0.60,4422,633.00,16.70,272.00,0.50,9,274.00,0.50,5813,539.00,20.90,274.00
"2025-04-03 00:00:00",0.90,272.00,9.00,-0.09,9,274.00,0.10,7123,581.00,22.00,274.00,0.50,9,274.00,0.40,5624,613.00,19.30,270.00,0.70,9,274.00,0.50,5633,635.00,19.00,274.00
"2025-04-03 00:15:00",0.60,268.00,9.00,-0.04,9,276.00,0.10,6538,549.00,20.50,255.00,0.40,9,276.00,0.40,5005,579.00,17.70,256.00,0.40,9,276.00,0.40,5277,562.00,18.40,256.00
"2025-04-03 00:30:00",0.60,275.00,9.00,-0.04,9,275.00,0.07,7153,544.00,22.60,273.00,0.30,9,275.00,0.30,5746,578.00,20.00,270.00,0.50,9,275.00,0.40,5804,628.00,19.40,274.00
"2025-04-03 00:45:00",1.00,265.00,9.00,-0.09,9,274.00,0.09,7159,549.00,22.50,274.00,0.70,9,274.00,0.30,5292,611.00,18.80,273.00,0.70,9,274.00,0.30,5822,568.00,20.30,274.00
"2025-04-03 01:00:00",1.10,261.00,9.00,-0.09,9,274.00,0.09,7197,505.00,23.40,274.00,0.80,9,274.00,0.30,5284,629.00,18.50,271.00,0.70,9,274.00,0.30,5706,592.00,19.70,274.00
"2025-04-03 01:15:00",1.30,270.00,9.00,-0.12,9,277.00,0.08,6807,400.00,23.40,257.00,0.80,9,277.00,0.40,5035,575.00,17.80,256.00,1.00,9,277.00,0.30,5428,548.00,18.90,254.00
"2025-04-03 01:30:00",1.10,279.00,9.00,-0.10,9,274.00,0.09,7230,514.00,23.20,274.00,0.50,9,274.00,0.60,5696,667.00,18.70,270.00,0.90,9,274.00,0.40,5801,639.00,19.20,273.00
"2025-04-03 01:45:00",0.90,287.00,9.00,-0.08,9,274.00,0.10,7077,577.00,22.10,274.00,0.30,9,274.00,0.50,5679,620.00,19.30,274.00,0.80,9,274.00,0.40,5735,586.00,19.90,269.00
"2025-04-03 02:00:00",0.60,274.00,9.00,0.00,9,275.00,0.08,7086,523.00,23.00,275.00,0.40,9,275.00,0.60,5078,668.00,17.60,275.00,0.50,9,275.00,0.40,5781,604.00,19.70,273.00
"2025-04-03 02:15:00",0.50,281.00,9.00,-0.02,9,276.00,0.09,6664,523.00,21.20,252.00,0.20,9,276.00,0.30,5032,559.00,18.10,255.00,0.50,9,276.00,0.30,5319,597.00,18.00,257.00
"2025-04-03 02:30:00",0.80,261.00,9.00,-0.07,9,274.00,0.09,7214,527.00,23.00,274.00,0.60,9,274.00,0.30,5253,616.00,18.60,274.00,0.50,9,274.00,0.30,5757,566.00,20.20,274.00
"2025-04-03 02:45:00",0.50,203.00,9.00,0.01,9,274.00,0.07,7325,427.00,24.80,273.00,0.50,9,274.00,0.50,4824,642.00,17.50,274.00,-0.10,9,274.00,0.50,5116,639.00,18.10,273.00
"2025-04-03 03:00:00",0.30,172.00,9.00,0.06,9,275.00,0.05,7278,444.00,24.40,274.00,0.20,9,275.00,0.40,4976,642.00,17.80,274.00,-0.20,9,275.00,0.30,5573,593.00,19.50,273.00
"2025-04-03 03:15:00",0.40,282.00,9.00,0.05,9,276.00,0.06,6880,290.00,26.20,257.00,0.20,9,276.00,0.50,5023,600.00,17.50,256.00,0.30,9,276.00,0.40,5163,604.00,17.70,257.00
"2025-04-03 03:30:00",0.30,295.00,9.00,0.09,9,274.00,0.05,7338,358.00,26.40,274.00,0.10,9,274.00,0.50,5402,650.00,18.40,271.00,0.30,9,274.00,0.50,5541,647.00,18.70,273.00
"2025-04-03 03:45:00",0.20,305.00,9.00,0.10,9,275.00,0.05,7332,377.00,25.90,275.00,0.00,9,275.00,0.50,4859,657.00,17.30,273.00,0.20,9,275.00,0.40,5419,632.00,18.70,274.00
"2025-04-03 04:00:00",0.30,291.00,9.00,0.09,9,274.00,0.04,7237,442.00,24.40,270.00,0.10,9,274.00,0.50,5092,657.00,17.80,274.00,0.30,9,274.00,0.40,5414,638.00,18.60,271.00
"2025-04-03 04:15:00",0.10,120.00,9.00,0.08,9,277.00,0.09,6790,384.00,23.60,257.00,0.00,9,277.00,0.70,4873,650.00,16.50,256.00,-0.10,9,277.00,0.60,4976,605.00,17.30,255.00
"2025-04-03 04:30:00",0.20,122.00,9.00,0.05,9,274.00,0.09,7331,373.00,25.90,274.00,0.00,9,274.00,0.50,5310,678.00,17.90,273.00,-0.20,9,274.00,0.60,5136,624.00,18.30,273.00
"2025-04-03 04:45:00",0.70,104.00,9.00,0.10,9,274.00,0.09,7296,421.00,24.90,274.00,-0.30,9,274.00,0.60,4666,678.00,16.70,273.00,-0.70,9,274.00,0.40,5175,593.00,18.80,272.00
"2025-04-03 05:00:00",1.10,90.00,9.00,0.20,9,273.00,0.06,7218,436.00,24.40,273.00,-0.70,9,273.00,0.40,5130,606.00,18.50,273.00,-0.90,9,273.00,0.20,5924,497.00,21.60,271.00
"2025-04-03 05:15:00",0.90,87.00,9.00,0.18,9,275.00,0.06,6670,463.00,22.00,255.00,-0.60,9,275.00,0.40,5048,529.00,18.70,256.00,-0.70,9,275.00,0.40,5194,505.00,19.30,255.00
"2025-04-03 05:30:00",1.10,90.00,9.00,0.25,9,274.00,0.04,7255,376.00,25.90,269.00,-0.70,9,274.00,0.50,5634,550.00,20.30,273.00,-0.90,9,274.00,0.50,5656,571.00,20.00,273.00
"2025-04-03 05:45:00",1.20,94.00,9.00,0.25,9,273.00,0.04,7281,367.00,26.10,273.00,-0.70,9,273.00,0.40,6097,569.00,20.80,269.00,-1.00,9,273.00,0.70,5125,606.00,18.60,273.00
"2025-04-03 06:00:00",1.10,97.00,9.00,0.23,9,273.00,0.04,7299,390.00,25.60,273.00,-0.60,9,273.00,0.40,6200,545.00,21.30,273.00,-0.90,9,273.00,0.70,4860,582.00,18.40,273.00
"2025-04-03 06:15:00",1.00,86.00,9.00,0.19,9,276.00,0.04,6749,370.00,24.00,255.00,-0.70,9,276.00,0.40,5796,456.00,20.90,256.00,-0.80,9,276.00,0.70,4303,539.00,17.00,256.00
"2025-04-03 06:30:00",0.50,37.00,9.00,0.14,9,273.00,0.05,7176,429.00,24.70,268.00,-0.50,9,273.00,0.40,6207,527.00,21.60,272.00,0.00,9,273.00,0.70,4750,596.00,18.00,273.00
"2025-04-03 06:45:00",0.60,56.00,9.00,0.14,9,273.00,0.07,7153,438.00,24.50,272.00,-0.50,9,273.00,0.40,5874,548.00,20.70,270.00,-0.20,9,273.00,0.70,4602,588.00,17.80,273.00
"2025-04-03 07:00:00",0.30,40.00,9.00,0.06,9,274.00,0.11,7185,448.00,24.30,274.00,-0.30,9,274.00,0.40,5028,642.00,17.80,274.00,0.00,9,274.00,0.60,4447,555.00,18.00,273.00
"2025-04-03 07:15:00",0.80,350.00,9.00,0.06,9,275.00,0.06,6708,365.00,24.20,256.00,-0.50,9,275.00,0.30,5342,539.00,19.00,255.00,0.60,9,275.00,0.50,4375,583.00,16.50,254.00
"2025-04-03 07:30:00",0.40,19.00,9.00,0.03,9,274.00,0.07,7124,435.00,24.50,273.00,-0.40,9,274.00,0.40,5799,544.00,20.70,273.00,0.10,9,274.00,0.80,4575,610.00,17.40,274.00
"2025-04-03 07:45:00",0.50,344.00,9.00,0.05,9,274.00,0.07,7300,329.00,27.30,274.00,-0.30,9,274.00,0.50,5569,609.00,19.30,274.00,0.40,9,274.00,0.70,5287,612.00,18.70,274.00
"2025-04-03 08:00:00",0.50,338.00,9.00,0.01,9,274.00,0.07,7262,354.00,26.70,274.00,-0.20,9,274.00,0.40,5466,599.00,19.30,272.00,0.40,9,274.00,0.80,4904,634.00,17.70,274.00
"2025-04-03 08:15:00",0.40,305.00,9.00,0.00,9,276.00,0.10,6595,464.00,22.30,256.00,0.00,9,276.00,0.70,4680,587.00,17.00,254.00,0.40,9,276.00,0.80,4594,579.00,16.90,256.00
"2025-04-03 08:30:00",0.60,276.00,9.00,-0.05,9,275.00,0.14,7076,521.00,23.10,275.00,0.30,9,275.00,0.80,4765,644.00,17.30,271.00,0.50,9,275.00,0.60,5275,567.00,19.40,275.00
"2025-04-03 08:45:00",0.60,292.00,9.00,-0.04,9,274.00,0.16,7063,525.00,23.20,274.00,0.20,9,274.00,0.70,4753,642.00,17.30,271.00,0.60,9,274.00,0.60,5392,585.00,19.40,272.00
"2025-04-03 09:00:00",0.70,281.00,9.00,-0.10,9,273.00,0.13,7119,485.00,23.90,272.00,0.30,9,273.00,0.50,4885,630.00,17.70,272.00,0.60,9,273.00,0.50,5403,526.00,20.30,272.00
"2025-04-03 09:15:00",0.60,242.00,9.00,-0.02,9,276.00,0.16,6487,547.00,20.80,256.00,0.50,9,276.00,0.70,4760,614.00,16.80,255.00,0.20,9,276.00,0.60,5129,510.00,19.10,256.00
"2025-04-03 09:30:00",0.40,272.00,9.00,-0.04,9,274.00,0.16,7084,514.00,23.30,274.00,0.20,9,274.00,0.70,5224,657.00,18.10,274.00,0.30,9,274.00,0.60,5587,561.00,20.10,273.00
"2025-04-03 09:45:00",0.20,257.00,9.00,-0.10,9,274.00,0.17,6873,641.00,21.10,273.00,0.20,9,274.00,1.00,5581,675.00,18.50,274.00,0.10,9,274.00,0.70,5887,652.00,19.40,273.00
"2025-04-03 10:00:00",0.20,30.00,9.00,-0.03,9,274.00,0.22,6625,698.00,19.90,272.00,-0.20,9,274.00,1.00,5874,700.00,18.70,273.00,0.00,9,274.00,0.80,6271,691.00,19.40,274.00
"2025-04-03 10:15:00",0.20,222.00,9.00,-0.02,9,276.00,0.22,5978,636.00,18.60,254.00,0.20,9,276.00,1.00,5296,611.00,18.00,256.00,0.00,9,276.00,0.70,5666,600.00,18.70,254.00
"2025-04-03 10:30:00",0.10,49.00,9.00,-0.09,9,275.00,0.24,6353,715.00,19.30,271.00,-0.10,9,275.00,1.10,5678,717.00,18.30,272.00,0.00,9,275.00,0.90,6068,724.00,18.80,272.00
"2025-04-03 10:45:00",0.10,182.00,9.00,-0.06,9,275.00,0.19,6381,688.00,19.70,270.00,0.10,9,275.00,1.00,5685,651.00,19.20,275.00,0.00,9,275.00,0.80,6144,687.00,19.40,271.00
"2025-04-03 11:00:00",0.40,72.00,9.00,0.05,9,276.00,0.29,6203,774.00,18.40,275.00,-0.30,9,276.00,1.20,5774,715.00,18.40,276.00,-0.20,9,276.00,1.00,6265,737.00,19.00,275.00
"2025-04-03 11:15:00",0.20,40.00,9.00,0.00,9,278.00,0.28,5779,660.00,18.30,254.00,-0.20,9,278.00,1.30,5242,651.00,17.40,258.00,0.00,9,278.00,0.80,5895,612.00,19.00,254.00
"2025-04-03 11:30:00",0.30,251.00,9.00,-0.09,9,276.00,0.20,6316,645.00,20.20,273.00,0.20,9,276.00,0.80,5790,577.00,20.40,272.00,0.20,9,276.00,0.80,6115,640.00,19.90,276.00
"2025-04-03 11:45:00",0.20,247.00,9.00,-0.13,9,276.00,0.23,6259,691.00,19.50,272.00,0.10,9,276.00,1.10,5786,634.00,19.60,274.00,0.10,9,276.00,0.80,6211,706.00,19.20,275.00
"2025-04-03 12:00:00",0.10,50.00,9.00,-0.05,9,276.00,0.28,6255,714.00,19.20,273.00,-0.10,9,276.00,0.90,5693,674.00,18.80,276.00,0.00,9,276.00,0.80,6381,721.00,19.40,275.00
"2025-04-03 12:15:00",0.50,45.00,9.00,0.03,9,278.00,0.26,5609,713.00,17.30,253.00,-0.50,9,278.00,1.10,5184,642.00,17.40,254.00,-0.10,9,278.00,0.80,5918,625.00,18.70,254.00
"2025-04-03 12:30:00",0.40,4.00,9.00,-0.01,9,277.00,0.25,6174,740.00,18.70,272.00,-0.30,9,277.00,1.10,5573,664.00,18.80,272.00,0.20,9,277.00,0.70,6299,629.00,20.40,272.00
"2025-04-03 12:45:00",0.00,318.00,9.00,-0.07,9,276.00,0.20,6373,668.00,20.00,271.00,0.00,9,276.00,0.80,5430,579.00,19.80,271.00,0.00,9,276.00,0.80,5818,670.00,19.00,274.00
"2025-04-03 13:00:00",0.30,57.00,9.00,-0.01,9,276.00,0.31,6048,812.00,17.80,271.00,-0.30,9,276.00,1.20,5561,748.00,17.70,274.00,-0.10,9,276.00,0.90,6237,762.00,18.70,275.00
"2025-04-03 13:15:00",0.70,46.00,9.00,0.01,9,279.00,0.35,5742,784.00,16.80,254.00,-0.70,9,279.00,1.40,5472,754.00,16.70,257.00,-0.10,9,279.00,1.10,6036,729.00,17.90,259.00
"2025-04-03 13:30:00",0.50,73.00,9.00,0.07,9,277.00,0.40,6095,855.00,17.50,274.00,-0.40,9,277.00,1.60,5891,815.00,17.40,277.00,-0.30,9,277.00,1.00,6516,755.00,19.20,272.00
"2025-04-03 13:45:00",0.70,21.00,9.00,-0.07,9,276.00,0.25,6117,770.00,18.30,275.00,-0.70,9,276.00,1.30,5707,787.00,17.50,274.00,0.20,9,276.00,0.80,6404,729.00,19.30,272.00
"2025-04-03 14:00:00",0.50,60.00,9.00,0.09,9,277.00,0.33,6062,806.00,17.80,273.00,-0.50,9,277.00,1.40,5706,751.00,17.90,276.00,-0.20,9,277.00,0.90,6503,685.00,20.00,273.00
"2025-04-03 14:15:00",0.30,6.00,9.00,-0.10,9,278.00,0.25,5502,693.00,17.30,255.00,-0.30,9,278.00,1.20,5290,655.00,17.40,253.00,0.20,9,278.00,0.80,5842,664.00,18.30,253.00
"2025-04-03 14:30:00",0.30,328.00,9.00,-0.09,9,277.00,0.18,5993,692.00,19.00,272.00,-0.10,9,277.00,0.90,5466,597.00,19.40,273.00,0.20,9,277.00,0.70,6379,604.00,20.90,274.00
"2025-04-03 14:45:00",0.40,317.00,9.00,-0.07,9,277.00,0.23,5932,721.00,18.50,274.00,-0.10,9,277.00,0.70,5611,523.00,20.80,273.00,0.30,9,277.00,0.50,6367,542.00,21.70,276.00
"2025-04-03 15:00:00",0.60,315.00,9.00,-0.01,9,276.00,0.32,6237,830.00,17.80,274.00,-0.10,9,276.00,1.20,6060,677.00,19.50,274.00,0.60,9,276.00,0.90,6395,675.00,20.00,275.00
"2025-04-03 15:15:00",0.50,319.00,9.00,-0.07,9,279.00,0.29,5604,735.00,16.90,257.00,-0.10,9,279.00,1.10,5455,659.00,17.60,254.00,0.50,9,279.00,0.60,5993,575.00,19.70,257.00
"2025-04-03 15:30:00",0.80,303.00,9.00,-0.13,9,276.00,0.23,6208,779.00,18.30,274.00,0.10,9,276.00,0.90,5888,691.00,19.10,271.00,0.80,9,276.00,0.70,6328,591.00,21.00,273.00
"2025-04-03 15:45:00",0.70,308.00,9.00,-0.11,9,277.00,0.25,6176,782.00,18.20,274.00,0.00,9,277.00,0.90,5866,684.00,19.10,274.00,0.70,9,277.00,0.80,6463,602.00,21.20,277.00
"2025-04-03 16:00:00",0.90,298.00,9.00,-0.14,9,276.00,0.18,6414,700.00,19.50,275.00,0.20,9,276.00,0.70,5692,603.00,19.80,271.00,0.90,9,276.00,0.50,5995,553.00,20.90,272.00
"2025-04-03 16:15:00",0.90,275.00,9.00,-0.07,9,279.00,0.25,5715,792.00,16.60,256.00,0.50,9,279.00,1.40,5687,671.00,18.10,254.00,0.80,9,279.00,0.80,5727,656.00,18.20,254.00
"2025-04-03 16:30:00",1.40,269.00,9.00,-0.08,9,276.00,0.20,6437,784.00,18.60,273.00,0.90,9,276.00,1.00,6082,662.00,19.80,273.00,1.10,9,276.00,0.90,6033,730.00,18.80,271.00
"2025-04-03 16:45:00",1.30,264.00,9.00,-0.06,9,277.00,0.18,6582,710.00,19.70,274.00,0.90,9,277.00,0.80,5925,641.00,19.80,272.00,0.90,9,277.00,0.70,5988,625.00,19.90,277.00
"2025-04-03 17:00:00",1.10,272.00,9.00,-0.06,9,276.00,0.16,6592,647.00,20.50,275.00,0.60,9,276.00,0.80,5691,629.00,19.50,271.00,0.90,9,276.00,0.80,5684,639.00,19.40,271.00
"2025-04-03 17:15:00",1.00,252.00,9.00,-0.05,9,279.00,0.13,6374,514.00,21.00,258.00,0.80,9,279.00,0.70,5391,542.00,19.10,256.00,0.60,9,279.00,0.70,5142,552.00,18.50,255.00
"2025-04-03 17:30:00",0.60,253.00,9.00,0.03,9,276.00,0.13,6613,618.00,20.90,275.00,0.50,9,276.00,0.60,5558,538.00,20.40,276.00,0.30,9,276.00,0.60,5232,540.00,19.80,273.00
"2025-04-03 17:45:00",0.30,254.00,9.00,0.07,9,276.00,0.14,6624,601.00,21.20,276.00,0.20,9,276.00,0.60,5594,533.00,20.50,276.00,0.20,9,276.00,0.50,5344,548.00,19.80,274.00
"2025-04-03 18:00:00",0.20,259.00,9.00,0.03,9,276.00,0.17,6565,647.00,20.30,276.00,0.10,9,276.00,0.60,5619,523.00,20.70,276.00,0.10,9,276.00,0.60,5251,556.00,19.50,276.00
"2025-04-03 18:15:00",0.30,284.00,9.00,-0.06,9,277.00,0.18,6273,536.00,20.50,258.00,0.10,9,277.00,0.60,5514,483.00,20.10,258.00,0.20,9,277.00,0.50,4931,535.00,18.30,258.00
"2025-04-03 18:30:00",0.60,297.00,9.00,-0.11,9,276.00,0.14,6728,551.00,22.10,276.00,0.10,9,276.00,0.30,6223,509.00,21.90,275.00,0.50,9,276.00,0.50,5446,579.00,19.50,275.00
"2025-04-03 18:45:00",0.40,286.00,9.00,-0.05,9,276.00,0.14,6859,531.00,22.50,276.00,0.10,9,276.00,0.40,6105,528.00,21.50,274.00,0.40,9,276.00,0.50,5419,598.00,19.20,276.00
"2025-04-03 19:00:00",0.30,286.00,9.00,0.02,9,276.00,0.17,6888,536.00,22.50,276.00,0.10,9,276.00,0.50,6052,546.00,21.10,275.00,0.30,9,276.00,0.60,5307,663.00,18.00,273.00
"2025-04-03 19:15:00",0.50,300.00,9.00,0.04,9,277.00,0.17,6324,505.00,21.10,258.00,0.10,9,277.00,0.40,5776,498.00,20.40,257.00,0.50,9,277.00,0.70,4858,664.00,16.30,256.00
"2025-04-03 19:30:00",0.30,276.00,9.00,0.04,9,274.00,0.15,6712,546.00,22.20,274.00,0.20,9,274.00,0.40,6309,500.00,22.40,272.00,0.20,9,274.00,0.70,5166,716.00,17.20,274.00
"2025-04-03 19:45:00",0.20,261.00,9.00,0.03,9,274.00,0.15,6884,513.00,22.90,274.00,0.10,9,274.00,0.40,6120,490.00,22.10,273.00,0.10,9,274.00,0.50,5174,698.00,17.40,271.00
"2025-04-03 20:00:00",0.30,294.00,9.00,0.03,9,274.00,0.15,6665,572.00,21.70,273.00,0.10,9,274.00,0.40,6219,530.00,21.70,271.00,0.20,9,274.00,0.70,5032,774.00,16.20,269.00
"2025-04-03 20:15:00",0.60,283.00,9.00,-0.02,9,276.00,0.14,6079,540.00,20.10,255.00,0.30,9,276.00,0.40,5764,471.00,20.70,252.00,0.60,9,276.00,0.80,4472,713.00,15.10,253.00
"2025-04-03 20:30:00",0.70,276.00,9.00,0.00,9,274.00,0.16,6609,582.00,21.40,273.00,0.40,9,274.00,0.50,6209,533.00,21.70,271.00,0.60,9,274.00,0.90,4808,762.00,16.00,270.00
"2025-04-03 20:45:00",0.40,276.00,9.00,0.06,9,274.00,0.17,6454,636.00,20.40,274.00,0.20,9,274.00,0.50,5973,584.00,20.50,270.00,0.40,9,274.00,0.90,4667,812.00,15.10,270.00
"2025-04-03 21:00:00",0.40,255.00,9.00,0.07,9,274.00,0.17,6432,599.00,20.90,272.00,0.30,9,274.00,0.50,5830,567.00,20.50,269.00,0.20,9,274.00,0.80,4818,758.00,16.00,271.00
"2025-04-03 21:15:00",0.50,261.00,9.00,0.04,9,276.00,0.17,5932,587.00,19.30,256.00,0.40,9,276.00,0.50,5456,549.00,19.10,252.00,0.40,9,276.00,1.00,4456,727.00,14.80,255.00
"2025-04-03 21:30:00",0.50,243.00,9.00,0.07,9,274.00,0.18,6440,600.00,20.90,274.00,0.50,9,274.00,0.50,5822,525.00,21.10,270.00,0.20,9,274.00,0.80,4728,755.00,15.90,272.00
"2025-04-03 21:45:00",0.60,241.00,9.00,0.05,9,274.00,0.18,6273,636.00,20.10,273.00,0.50,9,274.00,0.50,5772,544.00,20.70,270.00,0.20,9,274.00,1.00,4623,771.00,15.50,272.00
"2025-04-03 22:00:00",0.40,242.00,9.00,0.08,9,274.00,0.17,6418,617.00,20.70,272.00,0.30,9,274.00,0.50,5764,557.00,20.50,272.00,0.10,9,274.00,0.80,4810,739.00,16.20,271.00
"2025-04-03 22:15:00",0.40,217.00,9.00,0.03,9,276.00,0.17,6061,564.00,19.80,257.00,0.40,9,276.00,0.50,5478,535.00,19.30,255.00,0.00,9,276.00,0.70,4538,685.00,15.50,253.00
"2025-04-03 22:30:00",0.20,187.00,9.00,0.05,9,273.00,0.16,6490,636.00,20.40,273.00,0.20,9,273.00,0.50,5609,561.00,20.10,272.00,-0.10,9,273.00,0.70,5073,707.00,17.00,271.00
"2025-04-03 22:45:00",0.10,154.00,9.00,0.06,9,274.00,0.15,6744,560.00,22.00,273.00,0.10,9,274.00,0.50,5714,577.00,20.10,271.00,-0.10,9,274.00,0.70,5109,717.00,17.00,272.00
"2025-04-03 23:00:00",0.30,164.00,9.00,0.07,9,274.00,0.18,6541,642.00,20.60,274.00,0.20,9,274.00,0.70,5738,616.00,19.60,269.00,-0.20,9,274.00,0.80,5314,723.00,17.30,270.00
"2025-04-03 23:15:00",0.40,262.00,9.00,0.02,9,276.00,0.19,6092,642.00,18.90,253.00,0.30,9,276.00,0.90,5244,631.00,17.60,254.00,0.30,9,276.00,1.00,5088,695.00,16.40,255.00
"2025-04-03 23:30:00",0.40,165.00,9.00,0.08,9,274.00,0.17,6567,666.00,20.20,274.00,0.20,9,274.00,0.80,5579,662.00,18.60,274.00,-0.30,9,274.00,0.70,5646,694.00,18.30,272.00
"2025-04-03 23:45:00",0.40,155.00,9.00,0.07,9,274.00,0.18,6502,738.00,19.20,273.00,0.20,9,274.00,0.70,5180,606.00,18.60,269.00,-0.40,9,274.00,0.60,5274,688.00,17.70,272.00
"2025-04-04 00:00:00",0.20,121.00,9.00,0.18,9,274.00,0.19,6983,633.00,21.10,274.00,0.00,9,274.00,0.30,5884,542.00,20.70,274.00,-0.20,9,274.00,0.30,5674,539.00,20.50,272.00
"2025-04-04 00:15:00",0.40,109.00,9.00,0.14,9,276.00,0.23,6111,727.00,17.70,257.00,-0.10,9,276.00,0.60,5030,555.00,18.10,257.00,-0.30,9,276.00,0.70,4797,526.00,18.20,257.00
"2025-04-04 00:30:00",0.20,250.00,9.00,0.05,9,274.00,0.13,6595,640.00,20.50,274.00,0.20,9,274.00,0.60,5220,611.00,18.60,274.00,0.10,9,274.00,0.80,4666,678.00,16.70,273.00
"2025-04-04 00:45:00",0.50,115.00,9.00,0.06,9,275.00,0.12,6996,506.00,23.10,275.00,-0.10,9,275.00,0.60,5865,633.00,19.40,275.00,-0.50,9,275.00,1.00,4764,712.00,16.40,275.00
"2025-04-04 01:00:00",0.70,142.00,9.00,-0.02,9,273.00,0.11,6781,646.00,20.70,272.00,0.20,9,273.00,0.60,6049,632.00,19.70,273.00,-0.70,9,273.00,0.90,4888,723.00,16.50,272.00
"2025-04-04 01:15:00",0.50,87.00,9.00,0.05,9,276.00,0.14,6282,617.00,19.30,256.00,-0.30,9,276.00,0.50,5192,603.00,17.80,255.00,-0.40,9,276.00,1.20,4189,685.00,14.80,256.00
"2025-04-04 01:30:00",0.70,129.00,9.00,0.05,9,274.00,0.12,6947,598.00,21.60,273.00,0.00,9,274.00,0.60,5984,667.00,19.20,274.00,-0.70,9,274.00,0.80,5292,709.00,17.60,274.00
"2025-04-04 01:45:00",0.50,93.00,9.00,0.06,9,273.00,0.15,6701,622.00,21.10,273.00,-0.30,9,273.00,0.50,5458,619.00,18.90,272.00,-0.40,9,273.00,0.80,5497,601.00,19.40,273.00
"2025-04-04 02:00:00",0.20,76.00,9.00,0.02,9,274.00,0.13,6743,664.00,20.50,272.00,-0.10,9,274.00,0.60,5494,663.00,18.50,272.00,-0.10,9,274.00,0.90,5253,633.00,18.40,274.00
"2025-04-04 02:15:00",1.10,121.00,9.00,0.03,9,275.00,0.15,6387,595.00,19.90,255.00,-0.10,9,275.00,0.50,6015,564.00,19.70,255.00,-1.10,9,275.00,0.80,5434,656.00,17.70,254.00
"2025-04-04 02:30:00",0.60,141.00,9.00,-0.03,9,274.00,0.18,6668,689.00,20.20,271.00,0.10,9,274.00,0.60,6165,633.00,20.00,272.00,-0.60,9,274.00,0.80,5641,676.00,18.60,274.00
"2025-04-04 02:45:00",0.20,143.00,9.00,-0.01,9,273.00,0.17,6569,836.00,18.30,272.00,0.10,9,273.00,0.60,5739,721.00,18.20,273.00,-0.20,9,273.00,0.60,5328,668.00,18.10,271.00
"2025-04-04 03:00:00",0.40,112.00,9.00,0.08,9,274.00,0.10,6924,655.00,20.90,269.00,-0.10,9,274.00,0.80,5793,745.00,17.90,274.00,-0.40,9,274.00,0.80,5298,795.00,16.50,274.00
"2025-04-04 03:15:00",0.40,128.00,9.00,0.01,9,275.00,0.15,6343,718.00,18.30,255.00,0.00,9,275.00,0.50,5427,656.00,17.60,256.00,-0.40,9,275.00,0.80,4647,638.00,16.60,255.00
"2025-04-04 03:30:00",0.30,28.00,9.00,0.04,9,274.00,0.13,6724,715.00,19.80,272.00,-0.30,9,274.00,0.70,5410,735.00,17.40,274.00,0.10,9,274.00,0.80,5345,657.00,18.30,272.00
"2025-04-04 03:45:00",0.70,96.00,9.00,0.10,9,273.00,0.13,6758,647.00,20.80,272.00,-0.40,9,273.00,0.60,5477,700.00,18.00,272.00,-0.60,9,273.00,0.70,5245,696.00,17.70,272.00
"2025-04-04 04:00:00",1.40,99.00,9.00,0.18,9,274.00,0.07,6967,783.00,19.20,273.00,-0.70,9,274.00,0.20,6029,534.00,21.30,274.00,-1.20,9,274.00,0.80,4832,720.00,16.60,274.00
"2025-04-04 04:15:00",0.80,110.00,9.00,0.07,9,275.00,0.14,6214,746.00,17.70,256.00,-0.20,9,275.00,0.30,5786,490.00,20.50,254.00,-0.80,9,275.00,0.60,4674,615.00,16.80,256.00
"2025-04-04 04:30:00",1.10,113.00,9.00,0.09,9,274.00,0.17,6755,770.00,19.00,274.00,-0.30,9,274.00,0.30,5945,559.00,20.80,274.00,-1.10,9,274.00,0.80,4991,652.00,17.60,274.00
"2025-04-04 04:45:00",1.40,95.00,9.00,0.20,9,273.00,0.10,6901,687.00,20.20,271.00,-0.80,9,273.00,0.40,5796,548.00,20.60,269.00,-1.20,9,273.00,0.80,5242,630.00,18.60,273.00
"2025-04-04 05:00:00",0.90,109.00,9.00,0.11,9,273.00,0.17,6474,825.00,18.00,273.00,-0.30,9,273.00,0.20,6543,462.00,23.20,271.00,-0.90,9,273.00,0.40,5403,616.00,19.00,273.00
"2025-04-04 05:15:00",0.80,120.00,9.00,0.07,9,276.00,0.20,6000,724.00,17.60,256.00,-0.10,9,276.00,0.40,5990,491.00,20.80,255.00,-0.80,9,276.00,0.70,5221,593.00,18.00,256.00
"2025-04-04 05:30:00",0.70,148.00,9.00,0.07,9,273.00,0.21,6559,787.00,18.60,273.00,0.20,9,273.00,0.50,6367,580.00,21.10,270.00,-0.70,9,273.00,0.60,5936,644.00,19.50,270.00
"2025-04-04 05:45:00",0.70,123.00,9.00,0.15,9,274.00,0.17,6700,754.00,19.20,271.00,-0.10,9,274.00,0.50,6465,531.00,22.00,274.00,-0.70,9,274.00,0.50,5760,628.00,19.40,271.00
"2025-04-04 06:00:00",0.90,155.00,9.00,0.08,9,273.00,0.24,6489,853.00,17.90,272.00,0.40,9,273.00,0.90,6503,732.00,19.40,268.00,-0.80,9,273.00,1.10,6087,803.00,17.90,272.00
"2025-04-04 06:15:00",0.90,119.00,9.00,0.19,9,275.00,0.17,6400,660.00,19.00,255.00,-0.10,9,275.00,0.70,6092,617.00,19.20,250.00,-0.90,9,275.00,0.70,5700,656.00,18.00,250.00
"2025-04-04 06:30:00",1.10,114.00,9.00,0.17,9,274.00,0.18,6814,645.00,20.70,274.00,-0.30,9,274.00,0.90,6193,668.00,19.60,273.00,-1.10,9,274.00,0.70,5972,644.00,19.60,274.00
"2025-04-04 06:45:00",1.10,91.00,9.00,0.10,9,273.00,0.12,6884,531.00,22.60,272.00,-0.70,9,273.00,0.50,5851,644.00,19.40,269.00,-0.90,9,273.00,0.70,5514,644.00,18.90,272.00
"2025-04-04 07:00:00",0.90,98.00,9.00,0.04,9,274.00,0.14,6710,556.00,22.10,274.00,-0.40,9,274.00,0.60,5640,591.00,19.80,269.00,-0.80,9,274.00,0.70,5562,652.00,19.00,273.00
"2025-04-04 07:15:00",0.90,97.00,9.00,0.11,9,275.00,0.18,6236,543.00,20.50,256.00,-0.50,9,275.00,0.60,5464,553.00,19.10,251.00,-0.80,9,275.00,0.70,5357,609.00,18.20,253.00
"2025-04-04 07:30:00",0.80,101.00,9.00,0.12,9,273.00,0.17,6807,557.00,22.20,272.00,-0.40,9,273.00,0.50,5901,529.00,21.20,269.00,-0.80,9,273.00,0.60,5766,566.00,20.50,268.00
"2025-04-04 07:45:00",0.60,111.00,9.00,0.10,9,274.00,0.12,7081,472.00,23.90,274.00,-0.20,9,274.00,0.70,5903,550.00,20.80,273.00,-0.60,9,274.00,0.90,5255,630.00,18.60,272.00
"2025-04-04 08:00:00",0.20,166.00,9.00,-0.05,9,273.00,0.14,6760,568.00,22.00,272.00,0.10,9,273.00,0.80,5525,598.00,19.40,270.00,-0.20,9,273.00,0.90,5565,655.00,18.70,270.00
"2025-04-04 08:15:00",0.50,223.00,9.00,-0.03,9,277.00,0.20,6238,609.00,19.60,256.00,0.50,9,277.00,1.20,5122,620.00,17.50,257.00,0.00,9,277.00,0.90,5218,683.00,16.90,254.00
"2025-04-04 08:30:00",0.40,188.00,9.00,-0.04,9,274.00,0.18,6717,681.00,20.40,274.00,0.40,9,274.00,1.00,5692,698.00,18.50,271.00,-0.20,9,274.00,1.20,5652,745.00,17.90,271.00
"2025-04-04 08:45:00",0.70,196.00,9.00,-0.03,9,274.00,0.25,6736,722.00,19.90,271.00,0.60,9,274.00,1.60,5749,796.00,17.50,274.00,-0.20,9,274.00,1.10,5720,811.00,17.40,270.00
"2025-04-04 09:00:00",0.70,177.00,9.00,-0.06,9,274.00,0.22,6682,713.00,19.90,273.00,0.60,9,274.00,1.60,5582,754.00,17.70,272.00,-0.50,9,274.00,1.20,5831,790.00,17.80,271.00
"2025-04-04 09:15:00",0.60,191.00,9.00,-0.01,9,276.00,0.23,6086,714.00,18.10,252.00,0.50,9,276.00,1.30,5132,731.00,16.30,253.00,-0.20,9,276.00,1.10,5336,766.00,16.40,251.00
"2025-04-04 09:30:00",0.70,195.00,9.00,-0.03,9,274.00,0.26,6534,818.00,18.40,269.00,0.70,9,274.00,1.80,5726,827.00,17.10,273.00,-0.30,9,274.00,1.50,5754,905.00,16.40,272.00
"2025-04-04 09:45:00",0.40,206.00,9.00,0.00,9,274.00,0.28,6504,798.00,18.80,270.00,0.40,9,274.00,1.60,5855,797.00,17.70,271.00,-0.10,9,274.00,1.30,5898,832.00,17.40,271.00
"2025-04-04 10:00:00",0.60,227.00,9.00,0.03,9,276.00,0.31,6395,825.00,18.10,275.00,0.60,9,276.00,1.40,5986,778.00,18.10,274.00,0.10,9,276.00,1.10,6059,782.00,18.10,275.00
"2025-04-04 10:15:00",0.30,154.00,9.00,-0.03,9,278.00,0.30,5686,765.00,16.90,255.00,0.10,9,278.00,1.40,5464,720.00,17.00,255.00,-0.30,9,278.00,1.20,5618,804.00,16.40,253.00
"2025-04-04 10:30:00",0.60,90.00,9.00,0.02,9,276.00,0.37,5842,843.00,17.10,272.00,-0.40,9,276.00,1.50,5823,748.00,18.20,274.00,-0.50,9,276.00,1.10,6167,802.00,18.20,271.00
"2025-04-04 10:45:00",0.40,90.00,9.00,-0.01,9,276.00,0.44,5921,909.00,16.60,276.00,-0.30,9,276.00,1.40,5816,803.00,17.50,275.00,-0.30,9,276.00,1.50,6097,929.00,16.80,271.00
"2025-04-04 11:00:00",0.50,57.00,9.00,-0.04,9,277.00,0.26,5600,784.00,17.30,272.00,-0.40,9,277.00,0.90,5542,693.00,18.30,273.00,-0.20,9,277.00,0.90,6268,766.00,18.70,272.00
"2025-04-04 11:15:00",0.50,89.00,9.00,0.05,9,279.00,0.41,5538,874.00,15.50,255.00,-0.30,9,279.00,1.60,5417,775.00,16.30,256.00,-0.40,9,279.00,0.90,5947,786.00,17.20,254.00
"2025-04-04 11:30:00",0.60,67.00,9.00,0.01,9,276.00,0.29,5934,793.00,17.80,271.00,-0.50,9,276.00,1.20,5761,770.00,17.80,274.00,-0.30,9,276.00,0.80,6551,725.00,19.70,272.00
