"2025-01-07 00:00:00",10.1,121.0,9.0,0.13,9,273.0,0.35,373,103.0,10.7,249.0,-1.2,9,273.0,1.6,336,104.0,9.3,213.0,-10.0,2,273.0,3.6,323,109.0,8.8,213.0
"2025-01-07 00:15:00",9.1,126.0,9.0,0.09,9,276.0,0.41,378,109.0,10.1,234.0,-0.4,9,276.0,1.8,348,106.0,9.3,212.0,-9.1,2,276.0,2.8,329,109.0,8.7,202.0
"2025-01-07 00:30:00",10.1,126.0,9.0,0.16,9,273.0,0.39,421,116.0,10.7,254.0,-0.4,9,273.0,1.7,406,115.0,10.2,235.0,-10.1,2,273.0,2.5,374,115.0,9.5,223.0
"2025-01-07 00:45:00",10.4,123.0,9.0,0.03,9,273.0,0.36,374,110.0,10.3,252.0,-0.9,9,273.0,1.7,350,110.0,9.2,207.0,-10.3,2,273.0,3.7,348,112.0,9.2,224.0
"2025-01-07 01:00:00",9.1,126.0,9.0,0.09,9,274.0,0.33,352,105.0,10.2,243.0,-0.3,9,274.0,1.4,327,103.0,9.4,221.0,-9.1,2,274.0,4.0,295,106.0,8.3,198.0
"2025-01-07 01:15:00",9.2,130.0,9.0,0.12,9,275.0,0.36,353,101.0,10.3,243.0,0.3,9,275.0,1.5,316,100.0,9.2,215.0,-9.2,2,275.0,3.0,306,103.0,8.6,190.0
"2025-01-07 01:30:00",9.4,132.0,9.0,0.22,9,274.0,0.4,439,110.0,11.5,261.0,0.7,9,274.0,1.7,414,107.0,10.9,246.0,-9.4,2,274.0,2.5,391,112.0,9.9,226.0
"2025-01-07 01:45:00",8.7,130.0,9.0,0.2,9,273.0,0.39,382,103.0,10.8,250.0,0.4,9,273.0,1.6,343,101.0,9.9,221.0,-8.7,2,273.0,3.1,339,107.0,9.2,210.0
"2025-01-07 02:00:00",7.9,126.0,9.0,0.27,9,274.0,0.4,355,100.0,10.5,252.0,-0.3,9,274.0,1.4,319,101.0,9.1,212.0,-7.8,2,274.0,3.5,299,99.0,8.9,212.0
"2025-01-07 02:15:00",8.5,129.0,9.0,0.22,9,274.0,0.4,363,113.0,9.5,225.0,0.1,9,274.0,1.6,338,112.0,8.7,196.0,-8.5,2,274.0,2.6,310,102.0,8.8,208.0
"2025-01-07 02:30:00",8.0,134.0,9.0,0.21,9,273.0,0.4,396,117.0,10.4,246.0,0.9,9,273.0,1.6,357,110.0,9.9,229.0,-8.0,2,273.0,3.1,337,109.0,9.2,218.0
"2025-01-07 02:45:00",10.0,136.0,9.0,0.2,9,273.0,0.4,458,121.0,10.9,254.0,1.4,9,273.0,1.8,413,115.0,10.3,239.0,-9.9,2,273.0,1.8,413,121.0,9.8,220.0
"2025-01-07 03:00:00",10.0,135.0,9.0,0.13,9,272.0,0.48,472,121.0,11.2,257.0,1.3,9,272.0,1.6,420,115.0,10.5,237.0,-9.9,2,272.0,2.1,448,126.0,10.3,235.0
"2025-01-07 03:15:00",9.8,133.0,9.0,0.04,9,275.0,0.4,479,123.0,10.9,242.0,0.9,9,275.0,1.7,446,118.0,10.6,237.0,-9.8,2,275.0,2.1,500,126.0,10.6,220.0
"2025-01-07 03:30:00",8.6,132.0,9.0,0.11,9,273.0,0.35,439,111.0,11.4,263.0,0.6,9,273.0,1.9,411,109.0,10.7,239.0,-8.5,2,273.0,2.8,389,112.0,9.7,226.0
"2025-01-07 03:45:00",8.6,141.0,9.0,0.08,9,272.0,0.42,380,109.0,10.3,249.0,1.9,9,272.0,2.5,341,110.0,8.9,200.0,-8.4,2,272.0,3.4,324,109.0,8.6,192.0
"2025-01-07 04:00:00",8.4,153.0,9.0,0.12,9,273.0,0.45,364,118.0,9.2,220.0,3.6,2,273.0,2.3,342,117.0,8.5,199.0,-7.6,2,273.0,3.6,322,114.0,8.1,176.0
"2025-01-07 04:15:00",7.7,154.0,9.0,0.19,9,274.0,0.5,375,121.0,9.2,220.0,3.4,2,274.0,2.3,362,121.0,8.7,192.0,-7.0,2,274.0,3.4,334,109.0,8.7,197.0
"2025-01-07 04:30:00",8.9,146.0,9.0,0.24,9,273.0,0.39,425,120.0,10.2,241.0,2.7,2,273.0,1.7,409,119.0,9.8,227.0,-8.5,2,273.0,2.3,375,112.0,9.7,225.0
"2025-01-07 04:45:00",8.4,150.0,9.0,0.2,9,273.0,0.4,423,115.0,10.7,249.0,3.1,2,273.0,2.0,431,118.0,10.3,225.0,-7.8,2,273.0,2.8,391,107.0,10.2,234.0
"2025-01-07 05:00:00",7.7,150.0,9.0,0.19,9,273.0,0.37,382,113.0,10.1,238.0,2.9,2,273.0,1.9,369,113.0,9.6,221.0,-7.1,2,273.0,2.4,340,97.0,10.3,238.0
"2025-01-07 05:15:00",7.8,155.0,9.0,0.1,9,274.0,0.42,316,107.0,8.7,216.0,3.6,2,274.0,2.0,281,101.0,8.0,183.0,-6.9,2,274.0,3.5,267,91.0,8.4,195.0
"2025-01-07 05:30:00",8.3,152.0,9.0,0.22,9,273.0,0.47,447,120.0,10.7,244.0,3.3,2,273.0,2.0,403,114.0,10.0,234.0,-7.6,2,273.0,2.7,391,103.0,10.7,247.0
"2025-01-07 05:45:00",7.8,149.0,9.0,0.14,9,272.0,0.55,387,112.0,10.2,245.0,2.8,2,272.0,2.1,366,109.0,9.6,221.0,-7.3,2,272.0,3.2,350,97.0,10.4,245.0
"2025-01-07 06:00:00",7.2,145.0,9.0,0.13,9,273.0,0.48,326,101.0,9.8,241.0,2.1,9,273.0,1.9,320,100.0,9.3,216.0,-6.9,2,273.0,3.5,289,91.0,9.4,236.0
"2025-01-07 06:15:00",7.1,145.0,9.0,0.27,9,274.0,0.6,425,138.0,8.9,198.0,2.0,9,274.0,2.2,407,124.0,8.9,187.0,-6.8,2,274.0,2.9,389,114.0,9.5,215.0
"2025-01-07 06:30:00",6.3,146.0,9.0,0.09,9,273.0,0.47,555,124.0,12.2,260.0,1.9,9,273.0,1.8,515,118.0,11.9,249.0,-6.0,2,273.0,2.4,543,113.0,12.8,269.0
"2025-01-07 06:45:00",5.6,146.0,9.0,-0.05,9,272.0,0.52,659,128.0,13.4,261.0,1.8,9,272.0,2.0,719,132.0,13.7,261.0,-5.3,2,272.0,2.3,708,124.0,14.1,265.0
"2025-01-07 07:00:00",6.0,146.0,9.0,0.15,9,273.0,0.42,521,117.0,12.0,246.0,1.9,9,273.0,1.7,567,117.0,12.4,246.0,-5.7,2,273.0,2.0,559,107.0,13.2,267.0
"2025-01-07 07:15:00",5.3,139.0,9.0,0.13,9,274.0,0.39,402,103.0,10.6,216.0,1.0,9,274.0,1.4,390,101.0,10.0,185.0,-5.2,2,274.0,2.2,371,87.0,10.7,208.0
"2025-01-07 07:30:00",6.0,149.0,9.0,0.25,9,272.0,0.37,467,110.0,11.7,253.0,2.2,9,272.0,1.5,462,110.0,11.4,230.0,-5.6,2,272.0,2.2,467,99.0,12.2,241.0
"2025-01-07 07:45:00",5.6,154.0,9.0,0.26,9,273.0,0.39,364,108.0,9.8,221.0,2.4,9,273.0,1.7,346,105.0,9.1,173.0,-5.0,2,273.0,2.9,299,89.0,9.5,210.0
"2025-01-07 08:00:00",4.5,147.0,9.0,0.06,9,272.0,0.26,378,147.0,8.9,190.0,1.5,9,272.0,1.7,315,124.0,7.5,134.0,-4.2,2,272.0,3.6,295,121.0,7.4,130.0
"2025-01-07 08:15:00",4.6,144.0,9.0,0.16,9,275.0,0.38,317,96.0,9.3,208.0,1.3,9,275.0,1.4,265,93.0,7.9,151.0,-4.4,2,275.0,3.1,245,79.0,8.6,187.0
"2025-01-07 08:30:00",5.1,146.0,9.0,0.15,9,271.0,0.36,437,110.0,10.9,235.0,1.6,9,271.0,1.5,412,106.0,10.3,208.0,-4.8,2,271.0,2.0,417,92.0,11.5,235.0
"2025-01-07 08:45:00",5.0,160.0,9.0,0.02,9,271.0,0.31,428,96.0,12.2,255.0,2.7,2,271.0,1.3,397,100.0,11.1,239.0,-4.2,2,271.0,1.9,402,87.0,12.6,263.0
"2025-01-07 09:00:00",6.1,166.0,9.0,0.0,9,272.0,0.31,305,88.0,10.4,236.0,3.7,2,272.0,1.9,268,93.0,8.6,186.0,-4.8,2,272.0,2.9,260,78.0,9.8,220.0
"2025-01-07 09:15:00",5.4,146.0,9.0,0.26,9,275.0,0.43,406,108.0,10.3,226.0,1.7,9,275.0,1.9,411,108.0,10.2,218.0,-5.2,2,275.0,2.5,370,95.0,10.4,232.0
"2025-01-07 09:30:00",7.2,140.0,9.0,0.3,9,272.0,0.53,589,135.0,11.7,249.0,1.4,9,272.0,2.1,615,129.0,12.3,248.0,-7.0,2,272.0,2.5,608,123.0,12.7,262.0
"2025-01-07 09:45:00",8.2,147.0,9.0,0.35,9,272.0,0.72,509,175.0,8.8,187.0,2.7,2,272.0,3.1,421,148.0,8.5,177.0,-7.8,2,272.0,3.4,461,147.0,9.2,184.0
"2025-01-07 10:00:00",6.9,148.0,9.0,0.25,2,273.0,0.57,462,118.0,10.9,246.0,2.4,2,273.0,2.3,447,113.0,10.8,228.0,-6.5,2,273.0,2.7,411,106.0,10.6,233.0
"2025-01-07 10:15:00",7.1,150.0,9.0,0.22,2,275.0,0.56,354,108.0,9.3,212.0,2.7,2,275.0,2.5,340,105.0,8.9,200.0,-6.5,2,275.0,3.2,305,97.0,8.8,192.0
"2025-01-07 10:30:00",7.4,149.0,9.0,0.12,2,272.0,0.48,302,98.0,9.3,232.0,2.6,2,272.0,2.3,274,92.0,8.6,187.0,-6.9,2,272.0,3.7,258,84.0,9.0,214.0
"2025-01-07 10:45:00",8.7,146.0,9.0,0.11,2,272.0,0.44,337,96.0,10.2,237.0,2.6,2,272.0,2.3,303,92.0,9.3,196.0,-8.2,2,272.0,3.6,288,89.0,9.1,198.0
"2025-01-07 11:00:00",7.1,145.0,9.0,0.02,2,274.0,0.37,288,89.0,9.5,229.0,2.0,2,274.0,1.6,240,87.0,8.2,184.0,-6.8,2,274.0,3.7,227,83.0,8.1,186.0
"2025-01-07 11:15:00",6.8,147.0,9.0,0.03,2,275.0,0.37,243,90.0,8.1,190.0,2.2,2,275.0,1.8,215,87.0,7.0,149.0,-6.4,2,275.0,4.6,193,80.0,6.9,141.0
"2025-01-07 11:30:00",5.3,152.0,9.0,0.15,2,273.0,0.33,320,122.0,8.4,182.0,2.2,2,273.0,2.3,261,105.0,7.3,135.0,-4.9,2,273.0,4.5,264,101.0,7.8,167.0
"2025-01-07 11:45:00",1.8,153.0,9.0,0.01,2,273.0,0.26,199,81.0,7.6,175.0,0.8,2,273.0,1.4,138,76.0,5.1,63.0,-1.7,2,273.0,3.8,143,68.0,6.3,127.0
"2025-01-07 12:00:00",3.0,148.0,9.0,-0.01,2,274.0,0.27,204,80.0,7.9,190.0,1.0,2,274.0,1.4,148,77.0,5.5,81.0,-2.8,2,274.0,4.4,140,69.0,6.0,100.0
"2025-01-07 12:15:00",3.5,141.0,9.0,-0.02,2,275.0,0.24,199,78.0,7.8,191.0,0.8,2,275.0,1.2,150,75.0,5.7,94.0,-3.4,2,275.0,4.9,144,68.0,6.3,136.0
"2025-01-07 12:30:00",4.5,140.0,9.0,0.0,2,273.0,0.3,208,79.0,8.2,223.0,1.0,2,273.0,1.7,164,75.0,6.5,136.0,-4.4,2,273.0,4.6,149,66.0,6.7,148.0
"2025-01-07 12:45:00",5.4,131.0,9.0,0.13,2,274.0,0.42,249,87.0,8.7,220.0,0.3,2,274.0,2.1,202,83.0,7.0,141.0,-5.4,2,274.0,4.3,192,78.0,7.3,167.0
"2025-01-07 13:00:00",4.4,135.0,9.0,0.06,2,273.0,0.37,231,89.0,8.1,198.0,0.5,2,273.0,1.8,192,81.0,7.1,159.0,-4.3,2,273.0,4.0,181,78.0,7.1,172.0
"2025-01-07 13:15:00",3.8,114.0,9.0,0.09,2,275.0,0.45,312,146.0,7.0,143.0,-1.0,2,275.0,3.2,263,120.0,6.7,125.0,-3.7,2,275.0,5.8,264,123.0,6.6,127.0
"2025-01-07 13:30:00",4.3,117.0,9.0,0.12,2,273.0,0.3,247,95.0,8.0,175.0,-0.8,2,273.0,1.6,200,87.0,6.7,117.0,-4.2,2,273.0,3.1,187,79.0,7.1,137.0
"2025-01-07 13:45:00",4.6,121.0,9.0,0.34,2,274.0,0.39,281,96.0,9.0,226.0,-0.6,2,274.0,1.4,238,91.0,7.8,169.0,-4.6,2,274.0,2.4,228,82.0,8.5,205.0
"2025-01-07 14:00:00",6.2,122.0,9.0,0.06,2,273.0,0.34,272,92.0,9.1,218.0,-0.7,2,273.0,1.7,247,91.0,8.0,171.0,-6.2,2,273.0,3.9,207,81.0,7.6,160.0
"2025-01-07 14:15:00",4.3,135.0,9.0,0.06,2,275.0,0.26,227,84.0,8.2,196.0,0.5,2,275.0,1.5,192,84.0,6.6,130.0,-4.2,2,275.0,3.4,172,72.0,7.3,171.0
"2025-01-07 14:30:00",5.9,130.0,9.0,0.53,2,273.0,0.54,331,103.0,9.6,236.0,0.2,2,273.0,2.1,286,98.0,8.5,187.0,-5.9,2,273.0,2.6,267,85.0,9.2,212.0
"2025-01-07 14:45:00",4.2,122.0,9.0,0.19,2,273.0,0.39,242,92.0,8.0,208.0,-0.4,2,273.0,1.4,186,89.0,6.0,106.0,-4.2,2,273.0,3.5,173,78.0,6.5,133.0
"2025-01-07 15:00:00",8.1,124.0,9.0,0.18,2,273.0,0.44,309,115.0,8.4,206.0,-0.6,2,273.0,2.2,256,104.0,7.3,151.0,-8.1,2,273.0,4.7,252,100.0,7.6,166.0
"2025-01-07 15:15:00",8.9,130.0,9.0,0.17,2,276.0,0.41,311,120.0,8.1,98.0,0.4,2,276.0,2.1,249,105.0,6.8,61.0,-8.9,2,276.0,3.1,243,96.0,7.4,73.0
"2025-01-07 15:30:00",5.5,133.0,9.0,0.27,2,273.0,0.43,261,93.0,8.6,129.0,0.5,2,273.0,2.6,223,91.0,7.0,75.0,-5.4,2,273.0,3.7,200,78.0,7.6,89.0
"2025-01-07 15:45:00",6.1,128.0,9.0,0.11,2,273.0,0.33,258,91.0,8.8,130.0,0.0,2,273.0,2.8,189,86.0,6.3,50.0,-6.1,2,273.0,4.0,171,71.0,7.1,61.0
"2025-01-07 16:00:00",6.8,132.0,9.0,0.27,2,273.0,0.4,274,100.0,8.4,108.0,0.5,2,273.0,2.4,229,94.0,7.0,64.0,-6.8,2,273.0,3.3,208,78.0,7.9,98.0
"2025-01-07 16:15:00",7.8,133.0,9.0,0.18,2,276.0,0.55,311,98.0,9.3,218.0,0.7,2,276.0,2.2,297,98.0,8.6,192.0,-7.8,2,276.0,3.4,252,82.0,8.9,202.0
"2025-01-07 16:30:00",8.1,129.0,9.0,0.23,2,273.0,0.46,336,104.0,9.5,220.0,0.1,2,273.0,2.1,347,102.0,9.6,206.0,-8.1,2,273.0,3.1,303,89.0,9.7,227.0
"2025-01-07 16:45:00",5.4,128.0,9.0,0.27,2,273.0,0.41,279,96.0,8.8,223.0,0.0,2,273.0,1.8,212,91.0,6.8,144.0,-5.4,2,273.0,3.4,202,79.0,7.5,174.0
"2025-01-07 17:00:00",7.3,138.0,9.0,0.32,2,273.0,0.45,320,109.0,9.1,217.0,1.3,2,273.0,1.9,270,102.0,8.1,185.0,-7.1,2,273.0,3.7,252,96.0,8.0,179.0
"2025-01-07 17:15:00",4.2,143.0,9.0,0.45,2,275.0,0.91,347,106.0,9.6,231.0,1.1,2,275.0,3.4,325,96.0,9.6,210.0,-4.1,2,275.0,2.8,285,80.0,10.1,235.0
"2025-01-07 17:30:00",2.5,131.0,9.0,0.13,2,274.0,0.33,383,100.0,11.3,262.0,0.1,2,274.0,2.6,306,95.0,9.7,229.0,-2.5,2,274.0,2.4,284,77.0,10.8,256.0
"2025-01-07 17:45:00",2.7,122.0,9.0,0.1,2,273.0,0.38,308,91.0,10.2,246.0,-0.3,2,273.0,1.9,239,84.0,8.4,190.0,-2.7,2,273.0,2.9,224,70.0,9.6,238.0
"2025-01-07 18:00:00",5.1,134.0,9.0,0.34,9,273.0,0.4,355,98.0,10.8,255.0,0.5,9,273.0,1.9,251,86.0,8.6,198.0,-5.1,2,273.0,2.8,282,78.0,10.6,254.0
"2025-01-07 18:15:00",5.9,132.0,9.0,0.82,9,275.0,0.78,354,111.0,9.4,244.0,0.4,9,275.0,2.4,298,95.0,9.0,193.0,-5.9,2,275.0,2.3,294,86.0,9.7,217.0
"2025-01-07 18:30:00",5.7,126.0,9.0,0.75,9,273.0,0.77,419,116.0,10.6,249.0,-0.2,9,273.0,2.3,320,94.0,9.5,205.0,-5.7,2,273.0,3.0,333,87.0,10.8,248.0
"2025-01-07 18:45:00",4.9,131.0,9.0,0.4,9,273.0,0.52,329,109.0,9.6,230.0,0.2,9,273.0,2.0,284,96.0,8.9,192.0,-4.9,2,273.0,2.7,248,85.0,8.8,219.0
"2025-01-07 19:00:00",4.3,143.0,9.0,0.3,9,274.0,0.4,298,96.0,9.6,236.0,1.1,9,274.0,1.8,220,85.0,7.7,160.0,-4.1,2,274.0,2.9,218,78.0,8.5,212.0
"2025-01-07 19:15:00",6.4,132.0,9.0,0.31,9,275.0,0.46,289,94.0,9.2,225.0,0.5,9,275.0,2.0,226,85.0,7.8,169.0,-6.4,2,275.0,3.6,224,80.0,8.1,190.0
"2025-01-07 19:30:00",6.5,135.0,9.0,0.25,9,273.0,0.43,275,94.0,9.0,220.0,0.7,9,273.0,2.1,227,85.0,7.9,158.0,-6.5,2,273.0,4.0,214,78.0,8.1,189.0
"2025-01-07 19:45:00",6.7,134.0,9.0,0.26,9,273.0,0.52,292,93.0,9.5,234.0,0.6,9,273.0,2.1,257,85.0,9.1,218.0,-6.7,2,273.0,3.5,237,77.0,9.1,218.0
"2025-01-07 20:00:00",7.4,138.0,9.0,0.51,9,273.0,0.58,302,96.0,9.5,235.0,1.2,9,273.0,2.3,287,87.0,9.8,214.0,-7.3,2,273.0,3.1,258,80.0,9.5,230.0
"2025-01-07 20:15:00",7.3,133.0,9.0,0.38,9,275.0,0.5,258,93.0,8.3,194.0,0.7,9,275.0,2.1,217,82.0,7.5,163.0,-7.3,2,275.0,3.9,190,74.0,7.4,166.0
"2025-01-07 20:30:00",5.5,140.0,9.0,0.72,9,273.0,0.82,286,110.0,8.2,210.0,1.2,9,273.0,2.2,257,93.0,8.4,191.0,-5.4,2,273.0,3.0,255,84.0,9.4,233.0
"2025-01-07 20:45:00",1.9,133.0,9.0,0.1,9,273.0,0.3,289,89.0,9.9,247.0,0.2,9,273.0,2.4,178,80.0,6.7,135.0,-1.8,9,273.0,2.7,179,68.0,8.2,212.0
"2025-01-07 21:00:00",4.7,139.0,9.0,0.46,9,273.0,0.69,282,95.0,9.1,240.0,0.9,9,273.0,2.9,214,83.0,7.7,171.0,-4.6,2,273.0,2.9,225,71.0,9.5,239.0
"2025-01-07 21:15:00",7.1,141.0,9.0,1.25,2,276.0,1.03,308,105.0,8.8,225.0,1.6,2,276.0,2.2,290,92.0,9.1,210.0,-6.9,2,276.0,2.5,288,78.0,10.4,241.0
"2025-01-07 21:30:00",5.8,143.0,9.0,0.47,9,273.0,0.5,294,92.0,9.6,234.0,1.4,9,273.0,2.4,233,84.0,8.2,185.0,-5.6,2,273.0,3.0,240,71.0,9.9,232.0
"2025-01-07 21:45:00",8.5,136.0,9.0,0.66,9,273.0,0.72,356,103.0,10.2,249.0,1.1,9,273.0,2.5,309,92.0,9.7,225.0,-8.5,2,273.0,3.3,311,86.0,10.3,243.0
"2025-01-07 22:00:00",7.8,142.0,9.0,0.74,9,274.0,0.82,316,101.0,9.4,240.0,1.9,9,274.0,3.0,299,94.0,9.3,208.0,-7.5,2,274.0,3.5,274,81.0,10.0,243.0
"2025-01-07 22:15:00",4.3,160.0,9.0,0.4,9,275.0,0.81,250,95.0,8.0,199.0,2.3,2,275.0,3.5,211,83.0,7.5,150.0,-3.6,2,275.0,2.7,209,69.0,9.1,217.0
"2025-01-07 22:30:00",5.1,144.0,9.0,0.51,9,273.0,0.79,251,91.0,8.6,217.0,1.4,9,273.0,2.4,206,80.0,7.5,154.0,-4.9,2,273.0,3.0,202,65.0,9.2,213.0
"2025-01-07 22:45:00",5.3,138.0,9.0,0.93,9,273.0,0.89,315,98.0,9.6,250.0,1.0,9,273.0,2.2,278,85.0,9.1,201.0,-5.2,2,273.0,2.1,285,74.0,10.7,244.0
"2025-01-07 23:00:00",3.9,142.0,9.0,0.28,9,273.0,0.44,222,84.0,8.1,207.0,0.9,9,273.0,2.1,165,78.0,6.3,121.0,-3.7,2,273.0,2.9,160,62.0,7.8,186.0
"2025-01-07 23:15:00",5.0,133.0,9.0,0.39,9,276.0,0.48,226,87.0,7.9,192.0,0.4,9,276.0,1.4,184,84.0,6.4,98.0,-5.0,2,276.0,2.8,157,66.0,7.1,154.0
"2025-01-07 23:30:00",2.7,133.0,0.0,0.09,9,273.0,0.24,215,82.0,8.1,190.0,0.2,9,273.0,1.2,144,82.0,4.8,40.0,-2.7,2,273.0,3.9,133,63.0,6.3,119.0
"2025-01-07 23:45:00",5.0,128.0,9.0,0.11,2,273.0,0.24,231,84.0,8.5,204.0,0.0,2,273.0,1.2,165,84.0,5.7,84.0,-5.0,2,273.0,4.8,156,76.0,6.0,104.0
"2025-01-08 00:00:00",5.7,137.0,9.0,0.05,9,273.0,0.3,249,88.0,8.7,220.0,0.9,9,273.0,1.4,197,89.0,6.4,111.0,-5.6,2,273.0,4.6,170,75.0,6.7,125.0
"2025-01-08 00:15:00",5.8,148.0,9.0,0.17,9,276.0,0.39,262,119.0,6.7,139.0,2.0,9,276.0,3.0,199,109.0,4.9,49.0,-5.5,2,276.0,4.1,199,96.0,6.0,97.0
"2025-01-08 00:30:00",6.1,138.0,9.0,0.54,9,273.0,0.79,326,113.0,8.8,219.0,1.0,9,273.0,2.9,272,107.0,7.5,158.0,-6.0,2,273.0,3.3,279,104.0,8.2,175.0
"2025-01-08 00:45:00",2.3,124.0,9.0,0.0,9,274.0,0.41,265,105.0,8.4,194.0,-0.1,9,274.0,2.0,246,105.0,7.1,131.0,-2.3,2,274.0,2.4,237,99.0,7.9,161.0
"2025-01-08 01:00:00",0.9,163.0,9.0,0.07,9,273.0,0.33,285,77.0,11.1,257.0,0.5,9,273.0,2.1,187,76.0,7.4,153.0,-0.7,9,273.0,1.7,196,64.0,9.3,221.0
"2025-01-08 01:15:00",0.6,143.0,9.0,0.04,9,276.0,0.19,301,85.0,10.3,232.0,0.2,9,276.0,0.9,169,87.0,5.5,75.0,-0.6,9,276.0,0.8,183,60.0,9.3,213.0
"2025-01-08 01:30:00",1.2,118.0,9.0,0.08,9,273.0,0.21,310,78.0,11.7,262.0,-0.2,9,273.0,1.2,169,78.0,6.6,114.0,-1.2,9,273.0,1.4,167,61.0,8.7,208.0
"2025-01-08 01:45:00",1.6,140.0,9.0,0.03,9,274.0,0.21,291,79.0,11.0,255.0,0.3,9,274.0,1.4,181,80.0,6.7,125.0,-1.6,9,274.0,1.9,173,60.0,8.9,225.0
"2025-01-08 02:00:00",2.5,129.0,9.0,0.11,9,273.0,0.49,366,137.0,9.6,232.0,0.0,9,273.0,1.9,259,113.0,7.1,139.0,-2.5,9,273.0,2.4,246,101.0,8.5,206.0
"2025-01-08 02:15:00",2.2,136.0,9.0,0.01,9,276.0,0.24,260,75.0,10.2,233.0,0.3,9,276.0,1.5,182,73.0,7.4,151.0,-2.2,9,276.0,2.3,171,56.0,9.1,228.0
"2025-01-08 02:30:00",0.9,118.0,9.0,0.03,9,273.0,0.22,302,116.0,9.2,192.0,-0.2,9,273.0,1.1,192,105.0,5.7,89.0,-0.9,9,273.0,1.3,222,114.0,6.9,138.0
"2025-01-08 02:45:00",1.1,151.0,9.0,0.01,9,273.0,0.18,290,86.0,10.7,241.0,0.4,9,273.0,1.1,169,85.0,6.1,98.0,-1.0,9,273.0,1.3,187,81.0,7.8,168.0
"2025-01-08 03:00:00",2.6,142.0,9.0,0.0,9,274.0,0.2,328,137.0,7.9,174.0,0.6,9,274.0,1.2,248,138.0,5.2,57.0,-2.5,9,274.0,2.6,274,153.0,5.4,72.0
"2025-01-08 03:15:00",4.3,131.0,9.0,0.14,9,275.0,0.25,306,82.0,10.9,237.0,0.2,9,275.0,1.2,225,81.0,8.4,187.0,-4.3,2,275.0,2.5,215,75.0,8.7,214.0
"2025-01-08 03:30:00",4.7,120.0,9.0,0.11,9,274.0,0.29,304,87.0,10.7,254.0,-0.7,9,274.0,1.3,233,86.0,8.3,184.0,-4.6,2,274.0,2.9,222,83.0,8.4,211.0
"2025-01-08 03:45:00",4.0,102.0,9.0,0.17,9,273.0,0.36,374,138.0,9.2,218.0,-1.8,9,273.0,1.8,288,121.0,7.6,153.0,-3.6,2,273.0,3.0,287,116.0,8.1,197.0
"2025-01-08 04:00:00",4.6,123.0,9.0,0.12,9,274.0,0.28,341,85.0,11.8,267.0,-0.4,9,274.0,1.3,272,83.0,9.7,221.0,-4.5,2,274.0,2.7,239,75.0,9.7,239.0
"2025-01-08 04:15:00",4.5,117.0,9.0,0.12,9,275.0,0.27,297,91.0,9.8,230.0,-0.9,9,275.0,1.3,236,90.0,7.5,140.0,-4.4,2,275.0,3.0,216,79.0,8.0,186.0
"2025-01-08 04:30:00",3.6,131.0,9.0,0.2,9,273.0,0.25,335,91.0,11.1,258.0,0.2,9,273.0,1.4,240,91.0,8.1,180.0,-3.6,2,273.0,2.0,251,78.0,9.7,227.0
"2025-01-08 04:45:00",2.8,128.0,9.0,0.18,9,274.0,0.27,288,89.0,10.0,252.0,0.0,9,274.0,1.1,208,88.0,7.3,169.0,-2.8,2,274.0,1.9,208,74.0,8.8,229.0
"2025-01-08 05:00:00",3.3,127.0,9.0,0.16,9,273.0,0.21,293,84.0,10.6,254.0,-0.1,9,273.0,1.1,211,83.0,7.9,178.0,-3.3,2,273.0,2.3,201,71.0,9.0,235.0
"2025-01-08 05:15:00",2.7,124.0,9.0,0.1,9,275.0,0.25,265,88.0,9.2,217.0,-0.2,9,275.0,1.1,197,87.0,6.8,122.0,-2.7,9,275.0,2.5,188,73.0,7.9,188.0
"2025-01-08 05:30:00",1.7,125.0,9.0,0.06,9,274.0,0.25,343,123.0,9.4,219.0,-0.1,9,274.0,2.2,251,110.0,7.1,141.0,-1.7,9,274.0,2.1,238,101.0,7.7,176.0
"2025-01-08 05:45:00",1.6,144.0,9.0,-0.06,9,273.0,0.22,278,75.0,11.2,258.0,0.4,9,273.0,1.6,169,68.0,7.5,165.0,-1.5,9,273.0,2.1,174,58.0,9.4,242.0
"2025-01-08 06:00:00",1.0,123.0,9.0,-0.05,9,273.0,0.21,276,76.0,10.9,249.0,-0.1,9,273.0,1.4,162,72.0,6.7,133.0,-1.0,9,273.0,1.9,169,60.0,8.8,218.0
"2025-01-08 06:15:00",1.4,123.0,9.0,-0.08,9,276.0,0.26,260,78.0,10.0,240.0,-0.1,9,276.0,1.7,155,71.0,6.3,108.0,-1.4,9,276.0,2.3,172,61.0,8.7,209.0
"2025-01-08 06:30:00",2.2,129.0,9.0,-0.02,9,273.0,0.28,269,74.0,10.8,252.0,0.0,9,273.0,1.2,194,71.0,8.2,188.0,-2.2,9,273.0,2.3,196,61.0,9.9,253.0
"2025-01-08 06:45:00",1.3,130.0,9.0,-0.04,9,273.0,0.25,277,78.0,10.7,256.0,0.1,9,273.0,1.2,194,74.0,7.8,167.0,-1.3,9,273.0,1.8,195,61.0,9.9,242.0
"2025-01-08 07:00:00",1.9,126.0,9.0,0.0,9,274.0,0.26,296,78.0,11.3,255.0,-0.1,9,274.0,1.4,183,73.0,7.5,151.0,-1.9,9,274.0,2.0,204,61.0,10.3,247.0
"2025-01-08 07:15:00",2.2,134.0,9.0,-0.05,9,275.0,0.27,347,118.0,9.8,211.0,0.2,9,275.0,1.4,232,100.0,7.2,138.0,-2.2,9,275.0,2.0,253,92.0,9.0,194.0
"2025-01-08 07:30:00",1.7,138.0,9.0,-0.01,9,273.0,0.28,320,87.0,11.0,256.0,0.3,9,273.0,1.2,198,79.0,7.5,138.0,-1.7,9,273.0,2.1,200,65.0,9.2,200.0
"2025-01-08 07:45:00",0.5,156.0,9.0,0.0,9,273.0,0.2,270,80.0,10.3,252.0,0.2,9,273.0,0.8,149,74.0,5.9,78.0,-0.5,9,273.0,0.9,169,58.0,9.2,209.0
"2025-01-08 08:00:00",0.5,188.0,9.0,-0.02,9,273.0,0.2,282,79.0,10.9,259.0,0.4,9,273.0,0.7,136,71.0,5.6,86.0,-0.2,9,273.0,0.9,167,57.0,9.3,214.0
"2025-01-08 08:15:00",0.8,193.0,9.0,-0.13,9,276.0,0.22,301,84.0,10.7,243.0,0.7,9,276.0,0.9,147,77.0,5.5,64.0,-0.3,9,276.0,1.0,169,62.0,8.5,191.0
"2025-01-08 08:30:00",0.4,163.0,9.0,0.0,9,273.0,0.17,343,83.0,12.1,260.0,0.3,9,273.0,1.0,155,76.0,6.0,101.0,-0.4,9,273.0,0.9,213,64.0,10.4,237.0
"2025-01-08 08:45:00",2.3,133.0,9.0,0.05,9,273.0,0.19,323,81.0,11.7,261.0,0.2,9,273.0,0.9,206,78.0,8.0,154.0,-2.3,2,273.0,1.8,201,65.0,9.6,230.0
"2025-01-08 09:00:00",2.2,127.0,9.0,0.04,9,274.0,0.21,353,101.0,11.3,251.0,0.0,9,274.0,1.1,232,93.0,7.6,143.0,-2.2,9,274.0,2.0,231,83.0,9.0,209.0
"2025-01-08 09:15:00",0.9,104.0,0.0,0.0,9,275.0,0.21,315,109.0,9.2,164.0,-0.4,9,275.0,0.9,184,92.0,5.8,38.0,-0.8,9,275.0,1.4,188,81.0,7.4,91.0
"2025-01-08 09:30:00",1.6,116.0,0.0,-0.01,9,273.0,0.21,247,76.0,9.9,201.0,-0.3,9,273.0,0.9,149,72.0,6.0,40.0,-1.6,9,273.0,2.2,147,58.0,7.8,118.0
"2025-01-08 09:45:00",2.6,125.0,9.0,0.0,9,273.0,0.23,263,77.0,10.4,214.0,-0.1,9,273.0,1.1,193,75.0,7.8,120.0,-2.6,2,273.0,2.4,172,63.0,8.5,151.0
"2025-01-08 10:00:00",3.0,121.0,9.0,0.0,2,273.0,0.21,285,77.0,11.0,222.0,-0.4,2,273.0,1.5,179,75.0,7.2,100.0,-3.0,2,273.0,2.8,170,61.0,8.7,150.0
"2025-01-08 10:15:00",3.5,130.0,9.0,0.04,2,275.0,0.3,250,83.0,9.1,208.0,0.2,2,275.0,1.5,234,84.0,8.2,167.0,-3.5,2,275.0,2.8,182,67.0,8.1,178.0
"2025-01-08 10:30:00",3.5,129.0,9.0,-0.01,2,273.0,0.36,294,81.0,10.7,249.0,0.1,2,273.0,1.6,232,80.0,8.4,172.0,-3.5,2,273.0,2.7,214,65.0,9.8,233.0
"2025-01-08 10:45:00",2.4,129.0,9.0,0.07,2,274.0,0.3,257,77.0,10.1,235.0,0.1,2,274.0,1.7,180,72.0,7.3,147.0,-2.4,2,274.0,2.7,167,57.0,9.1,215.0
"2025-01-08 11:00:00",3.0,122.0,9.0,-0.01,2,273.0,0.29,236,93.0,8.0,185.0,-0.3,2,273.0,1.2,198,90.0,6.4,106.0,-2.9,2,273.0,2.8,164,71.0,7.1,143.0
"2025-01-08 11:15:00",2.8,127.0,9.0,-0.02,2,275.0,0.29,208,75.0,8.4,219.0,-0.1,2,275.0,1.4,148,72.0,5.9,103.0,-2.8,2,275.0,2.6,133,54.0,7.4,188.0
"2025-01-08 11:30:00",1.0,123.0,9.0,-0.02,2,272.0,0.3,197,80.0,7.5,182.0,-0.1,2,272.0,1.4,139,77.0,5.1,63.0,-1.0,2,272.0,1.8,132,58.0,6.9,149.0
"2025-01-08 11:45:00",1.7,178.0,9.0,0.0,2,273.0,0.25,218,84.0,8.0,190.0,1.3,2,273.0,2.4,164,83.0,5.7,87.0,-1.1,2,273.0,1.8,141,65.0,6.7,147.0
"2025-01-08 12:00:00",1.5,147.0,9.0,0.02,2,273.0,0.29,228,85.0,8.4,217.0,0.5,2,273.0,1.6,153,81.0,5.3,66.0,-1.4,2,273.0,1.9,155,65.0,7.2,167.0
"2025-01-08 12:15:00",1.3,140.0,9.0,0.16,2,276.0,0.48,235,93.0,7.7,184.0,0.3,2,276.0,2.3,190,100.0,5.4,75.0,-1.3,2,276.0,1.9,153,63.0,7.5,177.0
"2025-01-08 12:30:00",2.0,138.0,9.0,0.01,2,273.0,0.31,239,95.0,7.8,189.0,0.3,2,273.0,1.7,192,102.0,5.2,66.0,-1.9,2,273.0,2.2,167,70.0,7.2,170.0
"2025-01-08 12:45:00",1.4,130.0,9.0,-0.08,2,273.0,0.3,224,95.0,7.5,190.0,0.0,2,273.0,2.4,170,95.0,4.9,54.0,-1.4,2,273.0,2.2,150,71.0,6.4,127.0
"2025-01-08 13:00:00",1.7,145.0,9.0,-0.04,2,273.0,0.32,229,83.0,8.6,206.0,0.5,2,273.0,2.4,166,86.0,5.6,90.0,-1.6,2,273.0,2.7,137,60.0,7.1,161.0
"2025-01-08 13:15:00",1.3,150.0,9.0,0.09,2,275.0,0.46,238,87.0,8.3,182.0,0.5,2,275.0,2.4,170,91.0,5.2,73.0,-1.2,2,275.0,2.8,148,60.0,7.5,172.0
"2025-01-08 13:30:00",1.1,142.0,9.0,0.06,2,273.0,0.28,240,92.0,8.1,190.0,0.3,2,273.0,2.8,176,98.0,4.9,51.0,-1.0,2,273.0,2.0,143,59.0,7.5,174.0
"2025-01-08 13:45:00",0.9,150.0,0.0,-0.05,2,274.0,0.25,223,91.0,7.6,175.0,0.3,2,274.0,1.7,168,99.0,4.5,35.0,-0.8,2,274.0,1.7,137,59.0,7.1,163.0
"2025-01-08 14:00:00",2.4,180.0,9.0,0.19,2,275.0,0.55,256,93.0,8.5,203.0,1.9,2,275.0,2.8,190,97.0,5.6,88.0,-1.5,2,275.0,2.5,172,61.0,8.6,210.0
"2025-01-08 14:15:00",0.8,155.0,9.0,0.03,2,276.0,0.24,209,75.0,8.5,210.0,0.3,2,276.0,1.4,135,74.0,5.1,68.0,-0.7,2,276.0,1.3,132,54.0,7.5,172.0
"2025-01-08 14:30:00",0.6,220.0,9.0,0.02,2,275.0,0.23,249,88.0,9.0,210.0,0.6,2,275.0,1.3,149,82.0,5.0,60.0,0.0,2,275.0,1.0,147,65.0,7.2,154.0
"2025-01-08 14:45:00",1.7,206.0,9.0,0.03,2,275.0,0.22,299,89.0,10.2,244.0,1.7,2,275.0,2.2,160,90.0,4.8,52.0,-0.3,2,275.0,1.1,150,61.0,7.7,187.0
"2025-01-08 15:00:00",0.8,203.0,9.0,-0.03,2,275.0,0.16,380,88.0,12.4,269.0,0.8,2,275.0,1.1,154,88.0,4.7,42.0,-0.2,2,275.0,0.8,166,57.0,9.1,221.0
"2025-01-08 15:15:00",0.9,188.0,9.0,0.0,2,275.0,0.16,374,85.0,12.2,248.0,0.8,2,275.0,1.2,151,78.0,5.6,76.0,-0.5,2,275.0,1.0,156,57.0,8.5,197.0
"2025-01-08 15:30:00",0.7,172.0,9.0,0.0,2,273.0,0.15,416,84.0,13.5,266.0,0.5,2,273.0,1.0,166,72.0,6.9,144.0,-0.5,2,273.0,0.8,176,57.0,9.6,227.0
"2025-01-08 15:45:00",0.8,150.0,9.0,0.01,2,273.0,0.14,430,86.0,13.7,270.0,0.3,2,273.0,1.0,159,73.0,6.5,124.0,-0.8,2,273.0,1.2,171,60.0,9.0,227.0
"2025-01-08 16:00:00",1.0,150.0,9.0,0.03,2,273.0,0.16,442,89.0,13.7,271.0,0.4,2,273.0,1.0,174,84.0,6.1,110.0,-0.9,2,273.0,1.2,183,62.0,9.2,219.0
"2025-01-08 16:15:00",0.7,157.0,9.0,0.01,2,275.0,0.15,495,99.0,13.3,252.0,0.3,2,275.0,1.3,187,92.0,5.9,104.0,-0.6,2,275.0,1.0,199,72.0,8.8,208.0
"2025-01-08 16:30:00",0.6,150.0,9.0,0.02,9,273.0,0.16,453,99.0,12.9,269.0,0.2,9,273.0,0.9,166,88.0,5.4,77.0,-0.5,9,273.0,1.0,198,74.0,8.4,207.0
"2025-01-08 16:45:00",0.2,193.0,9.0,-0.02,2,273.0,0.19,386,94.0,11.9,266.0,0.2,2,273.0,0.7,163,87.0,5.3,66.0,-0.1,2,273.0,0.8,185,74.0,7.9,176.0
"2025-01-08 17:00:00",0.2,143.0,9.0,0.0,9,273.0,0.18,413,94.0,12.5,265.0,0.0,9,273.0,0.6,166,85.0,5.7,79.0,-0.2,9,273.0,0.8,193,72.0,8.4,197.0
"2025-01-08 17:15:00",0.2,220.0,9.0,-0.01,2,275.0,0.18,441,103.0,11.8,247.0,0.2,2,275.0,1.0,170,89.0,5.5,80.0,0.0,2,275.0,0.8,193,75.0,7.9,186.0
"2025-01-08 17:30:00",0.1,323.0,9.0,-0.04,2,273.0,0.14,499,101.0,13.4,265.0,0.0,2,273.0,1.0,169,91.0,5.3,67.0,0.1,2,273.0,0.8,186,77.0,7.6,184.0
"2025-01-08 17:45:00",0.2,204.0,9.0,0.0,2,273.0,0.15,422,101.0,12.1,264.0,0.2,2,273.0,0.7,164,91.0,5.1,56.0,-0.1,2,273.0,0.8,179,76.0,7.3,151.0
"2025-01-08 18:00:00",0.5,190.0,9.0,-0.01,9,273.0,0.17,421,102.0,11.8,257.0,0.4,9,273.0,0.9,175,94.0,5.3,56.0,-0.2,9,273.0,1.0,193,78.0,7.7,178.0
"2025-01-08 18:15:00",0.7,145.0,9.0,0.03,9,275.0,0.17,403,102.0,11.4,250.0,0.2,9,275.0,0.8,178,100.0,5.0,43.0,-0.6,9,275.0,0.8,189,83.0,7.0,149.0
"2025-01-08 18:30:00",0.4,150.0,9.0,0.01,9,273.0,0.17,501,123.0,12.2,260.0,0.2,9,273.0,0.8,217,113.0,5.6,68.0,-0.4,9,273.0,0.8,231,96.0,7.7,179.0
"2025-01-08 18:45:00",1.5,144.0,9.0,0.01,9,272.0,0.16,625,127.0,13.4,264.0,0.4,9,272.0,1.0,252,115.0,6.7,110.0,-1.4,9,272.0,1.6,259,98.0,8.2,188.0
"2025-01-08 19:00:00",1.1,144.0,9.0,0.0,9,273.0,0.13,658,113.0,15.0,269.0,0.3,9,273.0,1.0,224,100.0,6.7,103.0,-1.0,9,273.0,1.5,225,85.0,8.3,192.0
"2025-01-08 19:15:00",0.9,147.0,9.0,0.0,9,275.0,0.14,659,107.0,14.7,253.0,0.3,9,275.0,0.8,200,92.0,6.4,126.0,-0.9,9,275.0,1.3,210,78.0,8.3,203.0
"2025-01-08 19:30:00",0.3,135.0,9.0,-0.02,9,273.0,0.12,865,116.0,16.7,269.0,0.0,9,273.0,0.7,212,97.0,6.8,141.0,-0.3,9,273.0,1.0,230,80.0,9.0,220.0
"2025-01-08 19:45:00",0.6,141.0,9.0,0.0,9,273.0,0.14,892,121.0,16.6,272.0,0.1,9,273.0,0.8,217,97.0,6.9,146.0,-0.6,9,273.0,0.9,255,81.0,9.8,238.0
"2025-01-08 20:00:00",0.4,132.0,9.0,0.01,9,273.0,0.14,895,113.0,17.1,272.0,0.0,9,273.0,0.7,212,97.0,6.7,132.0,-0.4,9,273.0,0.8,246,80.0,9.6,227.0
"2025-01-08 20:15:00",0.4,285.0,9.0,0.02,9,275.0,0.13,905,167.0,14.9,235.0,0.2,9,275.0,1.0,300,146.0,6.4,106.0,0.4,9,275.0,2.6,306,119.0,8.6,193.0
"2025-01-08 20:30:00",0.2,181.0,9.0,-0.01,9,273.0,0.14,924,123.0,16.6,271.0,0.2,9,273.0,0.8,215,97.0,6.8,116.0,-0.1,9,273.0,0.9,238,82.0,9.1,221.0
"2025-01-08 20:45:00",0.1,305.0,9.0,0.0,9,273.0,0.13,794,110.0,16.3,271.0,0.0,9,273.0,0.7,197,92.0,6.5,109.0,0.1,9,273.0,0.7,209,76.0,8.6,203.0
"2025-01-08 21:00:00",0.2,149.0,9.0,-0.03,9,272.0,0.11,1090,128.0,17.5,270.0,0.1,9,272.0,0.7,226,91.0,7.6,153.0,-0.2,9,272.0,0.7,259,82.0,9.7,228.0
"2025-01-08 21:15:00",0.2,173.0,9.0,-0.02,9,275.0,0.14,878,134.0,14.5,250.0,0.1,9,275.0,0.7,225,107.0,6.2,95.0,-0.1,9,275.0,0.7,250,95.0,8.0,170.0
"2025-01-08 21:30:00",0.4,196.0,9.0,-0.01,9,273.0,0.14,563,115.0,13.1,258.0,0.4,9,273.0,0.8,192,96.0,5.9,79.0,-0.2,9,273.0,0.8,206,85.0,7.4,156.0
"2025-01-08 21:45:00",0.5,169.0,9.0,0.0,9,271.0,0.11,1083,126.0,17.3,265.0,0.3,9,271.0,0.9,219,91.0,7.2,143.0,-0.4,9,271.0,0.9,246,80.0,9.4,218.0
"2025-01-08 22:00:00",0.6,183.0,9.0,-0.02,9,272.0,0.13,976,122.0,16.8,269.0,0.5,9,272.0,1.2,204,85.0,7.4,155.0,-0.4,9,272.0,1.0,229,75.0,9.4,222.0
"2025-01-08 22:15:00",0.9,190.0,9.0,-0.03,9,274.0,0.19,710,151.0,13.0,234.0,0.8,9,274.0,1.7,253,125.0,6.1,75.0,-0.4,9,274.0,2.0,266,111.0,7.8,138.0
"2025-01-08 22:30:00",0.7,197.0,9.0,-0.02,9,273.0,0.17,449,94.0,12.9,257.0,0.7,9,273.0,1.3,171,82.0,6.2,79.0,-0.3,9,273.0,1.0,185,69.0,8.3,165.0
"2025-01-08 22:45:00",1.0,185.0,9.0,0.0,9,273.0,0.16,428,94.0,12.7,258.0,0.9,9,273.0,1.1,170,84.0,5.9,78.0,-0.6,9,273.0,1.1,183,72.0,7.9,149.0
"2025-01-08 23:00:00",1.3,178.0,9.0,0.01,9,273.0,0.19,396,89.0,12.5,258.0,1.0,9,273.0,1.6,170,76.0,6.8,104.0,-0.8,9,273.0,1.1,179,66.0,8.5,179.0
"2025-01-08 23:15:00",0.9,166.0,9.0,0.0,9,275.0,0.2,312,83.0,10.9,243.0,0.6,9,275.0,1.6,155,79.0,5.8,80.0,-0.7,9,275.0,1.6,163,65.0,7.8,175.0
"2025-01-08 23:30:00",0.7,171.0,9.0,-0.02,9,273.0,0.2,324,86.0,11.1,248.0,0.5,9,273.0,1.2,158,79.0,5.9,87.0,-0.5,9,273.0,1.3,165,66.0,7.8,174.0
"2025-01-08 23:45:00",0.5,191.0,9.0,-0.02,9,273.0,0.2,318,85.0,11.1,251.0,0.4,9,273.0,1.0,152,82.0,5.3,59.0,-0.2,9,273.0,0.8,159,67.0,7.3,150.0
"2025-01-09 00:00:00",0.7,167.0,9.0,-0.02,9,272.0,0.2,380,127.0,10.1,219.0,0.4,9,272.0,1.8,213,113.0,5.4,71.0,-0.5,9,272.0,2.2,207,96.0,6.9,134.0
"2025-01-09 00:15:00",1.1,188.0,9.0,-0.03,9,276.0,0.21,311,87.0,10.5,239.0,1.0,9,276.0,1.2,160,84.0,5.4,74.0,-0.5,9,276.0,1.5,157,65.0,7.4,172.0
"2025-01-09 00:30:00",1.1,179.0,9.0,0.01,9,273.0,0.19,315,86.0,10.9,255.0,0.9,9,273.0,1.2,162,85.0,5.6,75.0,-0.7,9,273.0,1.5,161,66.0,7.7,173.0
"2025-01-09 00:45:00",1.3,179.0,9.0,0.04,9,273.0,0.2,342,88.0,11.5,262.0,1.0,9,273.0,1.3,164,84.0,5.6,83.0,-0.8,9,273.0,1.4,161,65.0,7.8,182.0
"2025-01-09 01:00:00",0.7,186.0,9.0,0.0,9,274.0,0.2,315,89.0,10.5,245.0,0.6,9,274.0,1.0,164,89.0,5.2,56.0,-0.4,9,274.0,1.2,159,68.0,7.2,157.0
"2025-01-09 01:15:00",1.0,190.0,9.0,0.02,9,275.0,0.21,259,84.0,9.3,215.0,0.9,9,275.0,1.1,151,82.0,5.1,51.0,-0.5,9,275.0,1.1,151,67.0,6.8,135.0
"2025-01-09 01:30:00",0.3,49.0,9.0,0.01,9,273.0,0.2,269,88.0,9.3,217.0,-0.3,9,273.0,1.1,160,87.0,5.2,51.0,-0.1,9,273.0,0.8,151,70.0,6.5,121.0
"2025-01-09 01:45:00",0.1,357.0,0.0,0.03,9,274.0,0.2,344,136.0,8.6,196.0,-0.1,9,274.0,1.5,208,118.0,4.8,35.0,0.1,9,274.0,2.5,211,101.0,6.4,127.0
"2025-01-09 02:00:00",0.7,184.0,9.0,0.0,9,273.0,0.18,317,79.0,11.6,258.0,0.6,9,273.0,1.2,146,74.0,5.8,88.0,-0.4,9,273.0,1.6,155,61.0,7.9,185.0
"2025-01-09 02:15:00",1.8,165.0,9.0,0.02,9,275.0,0.22,299,76.0,11.2,251.0,1.1,9,275.0,1.3,145,72.0,5.8,98.0,-1.4,9,275.0,2.8,151,61.0,7.6,190.0
"2025-01-09 02:30:00",2.2,168.0,9.0,0.03,9,274.0,0.21,338,83.0,11.8,262.0,1.4,9,274.0,1.6,160,74.0,6.4,132.0,-1.7,9,274.0,2.9,164,63.0,8.2,212.0
"2025-01-09 02:45:00",1.8,174.0,9.0,0.01,9,273.0,0.19,353,85.0,12.0,263.0,1.3,9,273.0,1.3,169,82.0,6.0,109.0,-1.2,9,273.0,2.3,165,67.0,7.7,192.0
"2025-01-09 03:00:00",1.4,168.0,9.0,0.02,9,273.0,0.21,321,83.0,11.3,256.0,0.9,9,273.0,1.3,162,87.0,5.4,79.0,-1.1,9,273.0,2.0,159,63.0,7.9,195.0
"2025-01-09 03:15:00",0.7,187.0,9.0,0.04,9,276.0,0.21,274,83.0,9.8,232.0,0.6,9,276.0,1.3,154,87.0,4.8,47.0,-0.3,9,276.0,0.9,147,64.0,7.0,154.0
"2025-01-09 03:30:00",1.0,169.0,9.0,0.04,9,273.0,0.2,308,92.0,10.0,236.0,0.7,9,273.0,1.2,165,93.0,4.9,52.0,-0.8,9,273.0,1.3,162,72.0,6.8,144.0
"2025-01-09 03:45:00",1.5,155.0,9.0,0.06,9,274.0,0.22,420,141.0,9.9,216.0,0.7,9,274.0,3.8,235,127.0,5.2,68.0,-1.4,9,274.0,3.6,230,107.0,6.6,141.0
"2025-01-09 04:00:00",1.8,186.0,9.0,0.04,9,273.0,0.23,296,88.0,10.1,236.0,1.5,9,273.0,2.4,168,92.0,5.1,50.0,-1.0,9,273.0,2.2,159,72.0,6.8,145.0
"2025-01-09 04:15:00",2.2,170.0,9.0,0.06,9,276.0,0.23,280,86.0,9.7,225.0,1.4,9,276.0,2.1,164,88.0,5.3,67.0,-1.6,9,276.0,2.5,154,70.0,6.6,136.0
"2025-01-09 04:30:00",1.8,153.0,9.0,0.05,9,273.0,0.23,305,88.0,10.3,244.0,0.8,9,273.0,2.0,175,91.0,5.5,87.0,-1.6,9,273.0,2.9,161,70.0,7.1,157.0
"2025-01-09 04:45:00",2.8,133.0,9.0,0.01,9,274.0,0.25,277,93.0,9.0,222.0,0.2,9,274.0,1.8,179,95.0,5.2,62.0,-2.8,2,274.0,4.1,171,79.0,6.5,139.0
"2025-01-09 05:00:00",2.2,141.0,9.0,0.01,9,273.0,0.26,265,93.0,8.8,214.0,0.5,9,273.0,1.4,178,95.0,5.3,67.0,-2.1,9,273.0,3.6,167,79.0,6.3,118.0
"2025-01-09 05:15:00",5.1,109.0,9.0,0.19,9,275.0,0.29,295,117.0,7.7,170.0,-1.7,9,275.0,1.3,225,116.0,5.5,78.0,-4.8,2,275.0,3.4,221,111.0,5.7,77.0
"2025-01-09 05:30:00",2.3,126.0,9.0,0.09,9,273.0,0.22,305,115.0,8.3,191.0,-0.1,9,273.0,1.0,208,113.0,5.0,48.0,-2.3,2,273.0,3.1,201,103.0,5.6,75.0
"2025-01-09 05:45:00",0.6,137.0,0.0,0.08,9,273.0,0.2,264,94.0,8.6,202.0,0.1,9,273.0,1.0,168,97.0,4.6,37.0,-0.6,9,273.0,1.4,159,80.0,5.9,92.0
"2025-01-09 06:00:00",4.0,113.0,9.0,0.08,9,273.0,0.28,279,93.0,9.1,213.0,-1.0,9,273.0,1.0,175,94.0,5.1,50.0,-3.9,2,273.0,4.4,175,84.0,6.0,93.0
"2025-01-09 06:15:00",2.8,121.0,9.0,0.1,9,276.0,0.23,260,96.0,8.3,204.0,-0.3,9,276.0,1.0,179,96.0,5.2,57.0,-2.7,2,276.0,3.5,166,85.0,5.6,84.0
"2025-01-09 06:30:00",6.1,121.0,9.0,0.25,9,273.0,0.35,326,103.0,9.5,232.0,-0.8,9,273.0,1.4,254,97.0,7.6,141.0,-6.0,2,273.0,3.7,243,90.0,7.8,163.0
"2025-01-09 06:45:00",2.1,118.0,9.0,0.07,9,273.0,0.26,261,102.0,7.8,183.0,-0.4,9,273.0,1.3,175,93.0,5.1,55.0,-2.1,9,273.0,3.9,169,82.0,6.0,111.0
"2025-01-09 07:00:00",5.5,122.0,9.0,0.22,9,273.0,0.31,302,112.0,8.4,204.0,-0.5,9,273.0,1.3,232,105.0,6.3,105.0,-5.4,2,273.0,4.2,211,97.0,6.4,117.0
"2025-01-09 07:15:00",7.4,121.0,9.0,0.19,9,276.0,0.28,284,102.0,8.5,202.0,-0.9,9,276.0,1.4,233,100.0,6.7,141.0,-7.3,2,276.0,3.7,207,95.0,6.3,121.0
"2025-01-09 07:30:00",4.4,122.0,9.0,0.18,9,273.0,0.3,302,97.0,9.6,242.0,-0.4,9,273.0,1.4,214,98.0,6.5,120.0,-4.3,2,273.0,3.6,195,89.0,6.7,155.0
"2025-01-09 07:45:00",5.2,130.0,9.0,0.12,9,273.0,0.29,325,105.0,9.6,241.0,0.1,9,273.0,1.7,235,108.0,6.5,132.0,-5.2,2,273.0,4.1,209,95.0,6.6,143.0
"2025-01-09 08:00:00",4.0,127.0,9.0,0.12,9,273.0,0.26,317,101.0,9.6,232.0,-0.1,9,273.0,1.8,205,101.0,6.0,112.0,-4.0,2,273.0,3.8,197,90.0,6.6,137.0
"2025-01-09 08:15:00",6.1,131.0,9.0,0.17,9,276.0,0.32,329,100.0,9.8,235.0,0.3,9,276.0,1.9,243,103.0,6.9,143.0,-6.1,2,276.0,4.1,226,93.0,7.3,173.0
"2025-01-09 08:30:00",6.4,126.0,9.0,0.24,9,273.0,0.31,339,111.0,9.6,229.0,-0.2,9,273.0,1.6,251,109.0,6.8,136.0,-6.4,2,273.0,3.7,243,102.0,7.3,165.0
"2025-01-09 08:45:00",6.2,118.0,9.0,0.27,9,273.0,0.33,325,103.0,9.7,233.0,-1.1,9,273.0,1.4,241,99.0,7.4,155.0,-6.1,2,273.0,3.7,242,94.0,7.9,187.0
"2025-01-09 09:00:00",6.5,117.0,9.0,0.31,9,273.0,0.36,311,98.0,9.7,233.0,-1.2,9,273.0,1.8,264,97.0,8.2,196.0,-6.4,2,273.0,3.2,235,92.0,7.8,193.0
"2025-01-09 09:15:00",4.8,125.0,9.0,0.25,9,275.0,0.29,294,95.0,9.3,222.0,-0.2,9,275.0,1.5,231,92.0,7.5,171.0,-4.8,2,275.0,3.2,208,83.0,7.4,168.0
"2025-01-09 09:30:00",4.9,122.0,9.0,0.28,9,273.0,0.33,311,93.0,10.1,247.0,-0.5,9,273.0,1.4,234,90.0,7.7,175.0,-4.9,2,273.0,3.0,223,84.0,8.1,204.0
"2025-01-09 09:45:00",6.2,122.0,9.0,0.22,9,273.0,0.32,328,148.0,7.1,149.0,-0.6,9,273.0,1.7,283,140.0,6.0,94.0,-6.2,2,273.0,3.4,275,130.0,6.4,117.0
"2025-01-09 10:00:00",6.0,124.0,9.0,0.12,2,273.0,0.33,321,127.0,7.9,186.0,-0.4,2,273.0,1.7,265,120.0,6.6,134.0,-6.0,2,273.0,3.2,244,108.0,6.8,152.0
"2025-01-09 10:15:00",6.5,130.0,9.0,0.15,2,276.0,0.34,293,117.0,7.5,166.0,0.2,2,276.0,1.6,254,113.0,6.3,112.0,-6.5,2,276.0,3.6,242,103.0,6.6,121.0
"2025-01-09 10:30:00",8.3,130.0,9.0,0.17,2,273.0,0.49,420,132.0,9.1,213.0,0.3,2,273.0,2.2,430,129.0,8.8,179.0,-8.3,2,273.0,3.2,389,124.0,8.7,191.0
"2025-01-09 10:45:00",10.3,127.0,9.0,0.27,2,273.0,0.53,675,163.0,11.3,246.0,-0.2,2,273.0,2.1,704,158.0,11.6,243.0,-10.3,2,273.0,2.1,654,162.0,10.9,225.0
"2025-01-09 11:00:00",9.4,126.0,9.0,0.15,2,273.0,0.48,517,143.0,9.9,215.0,-0.4,2,273.0,1.8,451,135.0,8.7,174.0,-9.4,2,273.0,3.2,453,134.0,9.0,176.0
"2025-01-09 11:15:00",8.5,126.0,9.0,0.14,2,275.0,0.49,497,154.0,8.9,193.0,-0.3,2,275.0,1.8,458,141.0,8.7,169.0,-8.5,2,275.0,3.1,472,143.0,8.7,189.0
"2025-01-09 11:30:00",8.9,125.0,9.0,0.19,2,273.0,0.44,561,163.0,9.6,219.0,-0.5,2,273.0,1.8,550,151.0,9.7,204.0,-8.9,2,273.0,2.1,530,151.0,9.3,198.0
"2025-01-09 11:45:00",8.8,126.0,9.0,0.24,2,273.0,0.49,648,155.0,11.4,246.0,-0.3,2,273.0,1.8,658,151.0,11.7,243.0,-8.8,2,273.0,2.3,591,142.0,11.4,244.0
"2025-01-09 12:00:00",8.3,129.0,9.0,0.32,2,273.0,0.43,630,140.0,12.4,263.0,0.1,2,273.0,1.4,703,136.0,13.3,260.0,-8.3,2,273.0,1.9,587,129.0,12.3,259.0
"2025-01-09 12:15:00",8.0,129.0,9.0,0.29,2,275.0,0.4,626,138.0,11.8,244.0,0.1,2,275.0,1.4,674,132.0,12.8,244.0,-8.0,2,275.0,1.8,549,126.0,11.3,239.0
"2025-01-09 12:30:00",7.8,125.0,9.0,0.37,2,273.0,0.46,661,144.0,12.3,248.0,-0.4,2,273.0,1.5,696,137.0,13.0,253.0,-7.8,2,273.0,2.0,609,136.0,12.0,245.0
"2025-01-09 12:45:00",2.2,140.0,9.0,0.35,2,273.0,0.44,294,116.0,7.5,174.0,0.5,2,273.0,1.6,263,108.0,6.7,114.0,-2.2,2,273.0,2.3,232,94.0,7.1,155.0
"2025-01-09 13:00:00",1.2,107.0,9.0,0.12,2,273.0,0.49,371,160.0,7.8,179.0,-0.4,2,273.0,2.3,299,139.0,6.6,122.0,-1.2,2,273.0,3.5,284,129.0,7.1,158.0
"2025-01-09 13:15:00",2.9,138.0,9.0,0.2,2,277.0,0.39,261,114.0,6.9,148.0,0.5,2,277.0,1.5,200,106.0,5.4,75.0,-2.8,2,277.0,2.3,187,94.0,5.7,90.0
"2025-01-09 13:30:00",3.0,142.0,9.0,0.19,2,275.0,0.3,270,115.0,7.2,155.0,0.7,2,275.0,1.4,230,107.0,6.2,102.0,-2.9,2,275.0,2.0,192,93.0,6.0,111.0
"2025-01-09 13:45:00",2.7,141.0,9.0,0.15,2,274.0,0.35,270,110.0,7.6,183.0,0.6,2,274.0,1.3,203,100.0,5.9,88.0,-2.6,2,274.0,2.1,190,88.0,6.4,131.0
"2025-01-09 14:00:00",3.9,133.0,9.0,0.27,2,275.0,0.33,299,110.0,8.2,194.0,0.3,2,275.0,1.1,246,103.0,6.9,118.0,-3.9,2,275.0,1.9,229,88.0,7.6,164.0
"2025-01-09 14:15:00",1.5,129.0,9.0,0.14,2,277.0,0.25,302,105.0,8.8,214.0,0.0,2,277.0,2.3,211,94.0,6.4,116.0,-1.5,2,277.0,1.6,187,76.0,7.4,167.0
"2025-01-09 14:30:00",2.7,115.0,9.0,0.27,2,274.0,0.41,377,160.0,7.8,177.0,-0.6,2,274.0,1.8,316,129.0,7.5,150.0,-2.7,2,274.0,2.3,273,113.0,7.8,174.0
"2025-01-09 14:45:00",2.1,130.0,9.0,0.11,2,275.0,0.28,306,111.0,8.5,216.0,0.1,2,275.0,1.4,200,96.0,6.0,113.0,-2.1,2,275.0,2.2,206,84.0,7.4,182.0
"2025-01-09 15:00:00",4.6,124.0,9.0,0.23,2,275.0,0.39,311,110.0,8.6,205.0,-0.3,2,275.0,1.4,228,96.0,6.8,132.0,-4.6,2,275.0,3.0,212,87.0,7.1,137.0
"2025-01-09 15:15:00",5.3,126.0,9.0,0.19,2,276.0,0.28,313,110.0,8.6,202.0,-0.1,2,276.0,1.1,242,101.0,7.0,146.0,-5.3,2,276.0,2.8,210,88.0,7.1,161.0
"2025-01-09 15:30:00",4.6,136.0,9.0,0.24,2,275.0,0.28,403,120.0,10.0,237.0,0.6,2,275.0,1.2,280,105.0,7.9,172.0,-4.5,2,275.0,2.3,277,97.0,8.4,202.0
"2025-01-09 15:45:00",3.3,143.0,9.0,0.09,2,273.0,0.24,312,112.0,8.4,203.0,0.9,2,273.0,1.1,198,95.0,6.0,96.0,-3.2,2,273.0,2.6,194,90.0,6.3,124.0
"2025-01-09 16:00:00",1.6,155.0,9.0,0.09,2,273.0,0.26,348,149.0,7.5,174.0,0.7,2,273.0,1.7,220,120.0,5.1,59.0,-1.4,2,273.0,2.1,219,114.0,5.5,82.0
"2025-01-09 16:15:00",0.5,196.0,0.0,0.03,2,275.0,0.22,256,107.0,7.2,162.0,0.4,2,275.0,0.9,162,96.0,4.5,24.0,-0.2,2,275.0,1.1,152,80.0,5.4,86.0
"2025-01-09 16:30:00",0.3,175.0,0.0,0.02,2,273.0,0.25,258,103.0,7.7,186.0,0.2,2,273.0,1.5,156,92.0,4.5,25.0,-0.2,2,273.0,1.1,151,77.0,5.7,82.0
"2025-01-09 16:45:00",0.8,147.0,0.0,0.04,2,273.0,0.23,251,101.0,7.6,184.0,0.3,2,273.0,0.8,151,89.0,4.5,32.0,-0.8,2,273.0,2.0,146,75.0,5.6,78.0
"2025-01-09 17:00:00",1.1,145.0,0.0,0.07,2,273.0,0.24,242,103.0,7.2,163.0,0.3,2,273.0,1.4,155,92.0,4.4,27.0,-1.0,2,273.0,1.7,149,78.0,5.5,89.0
"2025-01-09 17:15:00",1.6,128.0,9.0,0.06,2,275.0,0.27,384,136.0,9.0,207.0,0.0,2,275.0,1.8,218,111.0,5.5,79.0,-1.6,2,275.0,3.1,223,104.0,6.6,132.0
"2025-01-09 17:30:00",1.5,122.0,9.0,0.02,2,273.0,0.25,397,128.0,9.5,217.0,-0.2,2,273.0,1.5,201,103.0,5.6,90.0,-1.5,2,273.0,2.5,212,98.0,6.6,136.0
"2025-01-09 17:45:00",2.7,141.0,9.0,0.07,2,273.0,0.25,343,102.0,9.8,234.0,0.6,2,273.0,1.8,214,92.0,6.7,124.0,-2.7,2,273.0,2.9,190,80.0,7.2,164.0
"2025-01-09 18:00:00",4.0,132.0,9.0,0.11,9,273.0,0.33,355,99.0,10.5,244.0,0.3,9,273.0,1.7,275,92.0,8.5,172.0,-4.0,2,273.0,2.9,241,82.0,8.6,208.0
"2025-01-09 18:15:00",5.6,130.0,9.0,0.18,9,275.0,0.43,409,99.0,11.3,242.0,0.2,9,275.0,1.7,358,94.0,10.2,203.0,-5.6,2,275.0,2.8,334,85.0,10.2,219.0
"2025-01-09 18:30:00",6.2,127.0,9.0,0.33,9,273.0,0.44,513,104.0,13.0,266.0,-0.2,9,273.0,1.6,416,89.0,12.4,260.0,-6.2,2,273.0,2.3,442,95.0,12.2,260.0
"2025-01-09 18:45:00",5.2,131.0,9.0,0.18,9,273.0,0.29,394,96.0,11.7,264.0,0.3,9,273.0,1.2,275,84.0,9.6,219.0,-5.2,2,273.0,2.9,253,80.0,9.4,233.0
"2025-01-09 19:00:00",5.9,132.0,9.0,0.27,9,273.0,0.35,392,97.0,11.6,260.0,0.4,9,273.0,1.4,309,85.0,10.2,217.0,-5.9,2,273.0,2.5,272,80.0,10.0,234.0
"2025-01-09 19:15:00",7.0,126.0,9.0,0.71,9,275.0,0.59,406,150.0,8.5,194.0,-0.3,9,275.0,2.2,343,123.0,8.5,159.0,-7.0,2,275.0,2.2,330,115.0,8.9,189.0
"2025-01-09 19:30:00",6.8,128.0,9.0,0.77,9,273.0,0.61,503,115.0,12.3,270.0,0.1,9,273.0,1.8,469,96.0,12.9,261.0,-6.8,2,273.0,2.2,468,96.0,13.0,268.0
"2025-01-09 19:45:00",5.5,136.0,9.0,0.7,9,273.0,0.58,466,109.0,12.2,270.0,0.8,9,273.0,1.9,465,97.0,13.0,265.0,-5.4,2,273.0,2.1,465,91.0,13.7,269.0
"2025-01-09 20:00:00",5.7,127.0,9.0,0.87,9,273.0,0.76,399,109.0,10.9,256.0,-0.1,9,273.0,1.8,365,88.0,11.4,253.0,-5.7,2,273.0,2.0,323,75.0,12.1,262.0
"2025-01-09 20:15:00",5.8,123.0,9.0,0.5,9,275.0,0.56,347,91.0,10.8,243.0,-0.5,9,275.0,2.5,345,84.0,11.3,239.0,-5.7,2,275.0,2.4,270,71.0,10.9,249.0
"2025-01-09 20:30:00",5.9,136.0,9.0,0.62,9,273.0,0.84,432,108.0,11.5,267.0,0.8,9,273.0,2.5,439,105.0,11.8,261.0,-5.8,2,273.0,3.3,373,93.0,11.7,269.0
"2025-01-09 20:45:00",6.3,129.0,9.0,0.29,9,273.0,0.57,454,109.0,11.8,260.0,0.1,9,273.0,2.6,506,115.0,12.0,258.0,-6.3,2,273.0,3.3,457,103.0,12.2,263.0
"2025-01-09 21:00:00",7.6,122.0,9.0,0.52,9,273.0,0.69,508,131.0,11.5,261.0,-0.8,9,273.0,2.5,534,128.0,11.7,251.0,-7.6,2,273.0,3.0,498,121.0,11.8,254.0
"2025-01-09 21:15:00",6.4,122.0,9.0,0.4,9,274.0,0.66,489,119.0,11.3,252.0,-0.7,9,274.0,2.5,542,122.0,11.8,250.0,-6.3,2,274.0,3.0,476,113.0,11.3,248.0
"2025-01-09 21:30:00",5.5,131.0,9.0,0.16,9,273.0,0.6,417,106.0,11.0,258.0,0.2,9,273.0,3.1,434,106.0,11.2,252.0,-5.5,2,273.0,3.3,430,104.0,11.4,260.0
"2025-01-09 21:45:00",6.1,127.0,9.0,0.2,9,273.0,0.8,573,136.0,11.9,265.0,-0.1,9,273.0,2.9,593,137.0,12.0,258.0,-6.1,2,273.0,3.9,595,139.0,12.1,271.0
"2025-01-09 22:00:00",8.6,124.0,9.0,0.88,9,273.0,0.73,649,141.0,12.7,265.0,-0.6,9,273.0,2.5,664,135.0,12.9,263.0,-8.6,2,273.0,3.1,612,129.0,12.7,264.0
"2025-01-09 22:15:00",6.6,131.0,9.0,0.58,9,275.0,0.84,552,131.0,11.5,250.0,0.3,9,275.0,2.7,611,132.0,12.0,244.0,-6.6,2,275.0,3.4,544,123.0,11.8,251.0
"2025-01-09 22:30:00",7.5,125.0,9.0,0.97,9,273.0,0.96,564,140.0,10.7,237.0,-0.4,9,273.0,2.8,481,121.0,10.0,211.0,-7.5,2,273.0,3.8,527,123.0,11.0,233.0
"2025-01-09 22:45:00",8.0,133.0,9.0,1.32,2,273.0,1.03,516,147.0,10.1,236.0,0.7,2,273.0,3.1,396,112.0,9.2,183.0,-7.9,2,273.0,3.3,455,118.0,10.8,239.0
"2025-01-09 23:00:00",7.6,132.0,9.0,1.27,9,273.0,0.97,515,137.0,10.6,245.0,0.5,9,273.0,2.6,391,108.0,9.5,202.0,-7.6,2,273.0,3.3,454,110.0,11.2,252.0
"2025-01-09 23:15:00",6.1,130.0,9.0,0.96,9,275.0,0.91,513,135.0,10.6,243.0,0.3,9,275.0,3.1,477,122.0,10.5,231.0,-6.1,2,275.0,4.0,493,119.0,11.2,239.0
"2025-01-09 23:30:00",4.5,133.0,9.0,0.53,9,273.0,0.9,469,124.0,11.1,262.0,0.4,9,273.0,2.9,494,130.0,10.9,256.0,-4.5,2,273.0,4.0,455,115.0,11.2,264.0
"2025-01-09 23:45:00",4.5,133.0,9.0,0.31,9,273.0,0.8,411,117.0,10.5,256.0,0.4,9,273.0,3.5,386,118.0,9.6,224.0,-4.5,2,273.0,4.1,397,104.0,10.9,256.0
"2025-01-10 00:00:00",7.2,131.0,9.0,1.07,9,273.0,0.82,530,147.0,10.5,249.0,0.4,9,273.0,2.8,545,137.0,11.0,248.0,-7.2,2,273.0,3.0,492,121.0,11.2,256.0
"2025-01-10 00:15:00",4.4,123.0,9.0,-0.16,9,274.0,0.85,444,121.0,10.3,230.0,-0.4,9,274.0,4.1,463,121.0,10.5,232.0,-4.4,2,274.0,4.1,419,105.0,11.0,241.0
"2025-01-10 00:30:00",5.8,122.0,9.0,0.06,9,273.0,0.48,377,104.0,10.0,209.0,-0.6,9,273.0,2.0,351,90.0,10.4,217.0,-5.8,2,273.0,2.8,329,82.0,10.4,211.0
"2025-01-10 00:45:00",3.5,118.0,9.0,0.19,9,273.0,0.3,289,105.0,8.7,195.0,-0.6,9,273.0,1.6,266,88.0,8.8,194.0,-3.4,2,273.0,2.0,218,75.0,8.8,217.0
"2025-01-10 01:00:00",3.3,127.0,9.0,0.05,9,273.0,0.29,359,93.0,11.2,252.0,-0.1,9,273.0,1.2,308,84.0,10.6,227.0,-3.3,2,273.0,1.5,294,74.0,11.3,254.0
"2025-01-10 01:15:00",3.5,135.0,9.0,0.07,9,275.0,0.29,302,99.0,9.1,206.0,0.4,9,275.0,1.0,298,88.0,9.7,210.0,-3.5,2,275.0,1.7,270,79.0,9.9,227.0
"2025-01-10 01:30:00",3.9,127.0,9.0,0.0,9,273.0,0.22,306,98.0,9.5,232.0,-0.1,9,273.0,1.1,242,83.0,8.6,197.0,-3.9,2,273.0,1.9,208,75.0,8.4,193.0
"2025-01-10 01:45:00",3.9,127.0,9.0,0.06,9,272.0,0.28,325,104.0,9.4,225.0,-0.1,9,272.0,1.2,261,87.0,8.9,190.0,-3.9,2,272.0,2.3,252,81.0,9.1,202.0
"2025-01-10 02:00:00",1.7,110.0,9.0,0.07,9,273.0,0.21,249,100.0,7.6,174.0,-0.5,9,273.0,1.2,154,86.0,4.9,48.0,-1.6,9,273.0,2.8,147,76.0,5.6,76.0
"2025-01-10 02:15:00",2.9,116.0,9.0,0.12,9,274.0,0.23,254,97.0,7.9,181.0,-0.6,9,274.0,1.1,176,85.0,6.0,90.0,-2.8,9,274.0,2.2,173,76.0,6.6,122.0
"2025-01-10 02:30:00",4.4,113.0,9.0,0.16,9,273.0,0.24,289,112.0,8.1,195.0,-1.1,9,273.0,1.1,243,100.0,7.1,135.0,-4.3,2,273.0,2.5,224,93.0,7.3,170.0
"2025-01-10 02:45:00",4.9,121.0,9.0,0.11,9,273.0,0.33,331,106.0,9.4,218.0,-0.6,9,273.0,1.3,313,96.0,9.6,212.0,-4.9,2,273.0,1.7,279,86.0,9.7,223.0
"2025-01-10 03:00:00",3.3,121.0,9.0,0.1,9,272.0,0.3,358,99.0,10.7,248.0,-0.4,9,272.0,1.2,313,88.0,10.3,230.0,-3.3,2,272.0,1.7,311,76.0,11.5,257.0
"2025-01-10 03:15:00",3.0,126.0,9.0,-0.04,9,275.0,0.27,287,91.0,9.3,212.0,-0.1,9,275.0,1.3,259,81.0,9.0,187.0,-3.0,2,275.0,1.5,238,69.0,9.7,204.0
"2025-01-10 03:30:00",2.9,116.0,9.0,-0.01,9,274.0,0.23,238,93.0,7.8,180.0,-0.6,9,274.0,1.1,208,84.0,7.3,154.0,-2.9,2,274.0,2.2,179,71.0,7.6,175.0
"2025-01-10 03:45:00",1.6,141.0,9.0,0.06,9,273.0,0.2,238,96.0,7.6,176.0,0.4,9,273.0,1.2,194,88.0,6.5,122.0,-1.6,9,273.0,1.4,172,69.0,7.5,153.0
"2025-01-10 04:00:00",0.9,63.0,9.0,-0.01,9,273.0,0.27,227,100.0,6.8,134.0,-0.8,9,273.0,1.2,184,91.0,5.7,86.0,-0.4,9,273.0,1.3,164,76.0,6.5,134.0
"2025-01-10 04:15:00",1.9,53.0,9.0,0.04,9,275.0,0.2,279,131.0,6.4,123.0,-1.8,9,275.0,2.5,206,112.0,5.0,53.0,-0.5,9,275.0,0.7,196,102.0,5.4,65.0
"2025-01-10 04:30:00",0.1,297.0,0.0,-0.11,9,274.0,0.23,261,142.0,5.2,68.0,0.0,9,274.0,0.7,213,125.0,4.5,24.0,0.1,9,274.0,0.8,185,114.0,4.2,16.0
"2025-01-10 04:45:00",1.2,142.0,9.0,-0.02,9,272.0,0.21,263,120.0,6.8,138.0,0.3,9,272.0,1.1,214,106.0,6.0,100.0,-1.1,9,272.0,1.5,191,101.0,5.5,76.0
"2025-01-10 05:00:00",1.3,114.0,9.0,0.06,9,273.0,0.2,239,94.0,7.9,178.0,-0.3,9,273.0,0.8,164,79.0,6.1,108.0,-1.3,9,273.0,1.6,153,73.0,6.3,116.0
"2025-01-10 05:15:00",4.5,125.0,9.0,0.02,9,275.0,0.36,349,156.0,6.9,135.0,-0.3,9,275.0,1.5,324,157.0,6.2,104.0,-4.5,2,275.0,2.1,326,173.0,5.5,71.0
"2025-01-10 05:30:00",3.8,130.0,0.0,-0.09,9,272.0,0.28,539,325.0,4.5,41.0,0.1,9,272.0,1.5,519,316.0,4.4,31.0,-3.8,2,272.0,3.3,567,357.0,4.0,11.0
"2025-01-10 05:45:00",2.8,123.0,0.0,-0.05,9,273.0,0.33,472,266.0,5.0,54.0,-0.2,9,273.0,1.7,450,266.0,4.5,32.0,-2.8,9,273.0,1.6,492,306.0,4.1,13.0
"2025-01-10 06:00:00",3.0,130.0,0.0,0.11,9,272.0,0.3,442,252.0,4.9,48.0,0.1,9,272.0,1.2,428,258.0,4.4,24.0,-3.0,2,272.0,1.8,497,311.0,4.1,10.0
"2025-01-10 06:15:00",2.2,129.0,0.0,0.9,2,274.0,1.4,867,545.0,4.0,2.0,0.1,2,274.0,7.8,843,517.0,4.1,12.0,-2.2,2,274.0,10.7,937,596.0,3.8,5.0
"2025-01-10 06:30:00",14.8,85.0,0.0,-0.15,9,273.0,0.73,659,413.0,4.0,10.0,-10.1,2,273.0,5.3,622,404.0,3.7,3.0,-10.9,2,273.0,2.6,748,486.0,3.7,2.0
"2025-01-10 06:45:00",5.8,141.0,0.0,-0.09,2,272.0,1.01,570,352.0,4.1,11.0,1.3,2,272.0,0.6,540,348.0,3.8,2.0,-5.6,2,272.0,5.8,617,399.0,3.7,2.0
"2025-01-10 07:00:00",5.7,308.0,0.0,-0.81,2,273.0,1.1,792,499.0,3.9,3.0,0.0,2,273.0,1.8,735,478.0,3.7,3.0,5.7,2,273.0,7.1,898,576.0,3.8,4.0
"2025-01-10 07:15:00",2.0,114.0,0.0,-0.59,9,274.0,0.63,822,517.0,3.9,14.0,-0.5,9,274.0,2.3,773,479.0,4.1,17.0,-1.9,9,274.0,2.2,857,551.0,3.8,6.0
"2025-01-10 07:30:00",11.0,104.0,0.0,-0.51,2,273.0,1.53,899,571.0,3.9,3.0,-4.5,2,273.0,8.3,834,536.0,3.8,6.0,-10.0,2,273.0,3.7,989,635.0,3.8,5.0
"2025-01-10 07:45:00",1.2,128.0,9.0,0.06,9,272.0,0.21,394,212.0,6.2,100.0,0.0,9,272.0,0.7,324,193.0,5.0,61.0,-1.2,9,272.0,1.5,355,203.0,5.6,98.0
"2025-01-10 08:00:00",0.7,101.0,9.0,0.03,9,272.0,0.2,267,95.0,8.7,205.0,-0.3,9,272.0,0.7,159,84.0,5.5,81.0,-0.6,9,272.0,1.3,175,74.0,7.3,167.0
"2025-01-10 08:15:00",1.1,109.0,9.0,-0.02,9,275.0,0.21,258,88.0,9.0,218.0,-0.4,9,275.0,1.1,188,82.0,6.7,137.0,-1.0,9,275.0,1.3,175,63.0,8.5,201.0
"2025-01-10 08:30:00",1.0,106.0,9.0,0.02,9,272.0,0.18,277,89.0,9.6,235.0,-0.4,9,272.0,1.2,174,82.0,6.1,107.0,-0.9,9,272.0,1.2,166,63.0,8.3,210.0
"2025-01-10 08:45:00",0.4,78.0,9.0,0.04,9,272.0,0.21,252,88.0,8.9,225.0,-0.3,9,272.0,0.9,153,80.0,5.4,72.0,-0.2,9,272.0,0.8,169,61.0,8.7,215.0
"2025-01-10 09:00:00",0.5,57.0,9.0,0.0,9,273.0,0.2,260,91.0,8.8,225.0,-0.4,9,273.0,0.8,153,79.0,5.5,85.0,-0.2,9,273.0,1.1,163,64.0,8.1,200.0
"2025-01-10 09:15:00",1.2,79.0,9.0,0.06,9,274.0,0.22,299,120.0,8.2,171.0,-0.9,9,274.0,1.0,212,108.0,5.8,61.0,-0.8,9,274.0,1.4,208,88.0,7.5,138.0
"2025-01-10 09:30:00",1.2,110.0,9.0,0.02,9,272.0,0.19,262,93.0,8.8,193.0,-0.4,9,272.0,0.8,181,84.0,6.5,95.0,-1.1,9,272.0,1.3,178,72.0,7.7,151.0
"2025-01-10 09:45:00",1.3,99.0,9.0,0.04,9,273.0,0.19,322,117.0,8.8,189.0,-0.7,9,273.0,1.0,225,99.0,6.2,73.0,-1.2,9,273.0,1.6,211,92.0,7.0,113.0
"2025-01-10 10:00:00",1.8,146.0,9.0,0.17,2,272.0,0.72,1066,195.0,14.0,264.0,0.5,2,272.0,2.4,938,178.0,13.3,248.0,-1.7,2,272.0,2.5,811,148.0,13.9,260.0
"2025-01-10 10:15:00",0.8,34.0,9.0,0.06,2,274.0,0.41,707,131.0,13.7,255.0,-0.8,2,274.0,1.7,841,144.0,14.5,254.0,0.1,2,274.0,2.0,575,106.0,13.9,254.0
"2025-01-10 10:30:00",0.7,17.0,9.0,0.12,2,272.0,0.5,718,149.0,13.0,256.0,-0.7,2,272.0,1.7,704,132.0,13.4,250.0,0.3,2,272.0,1.4,549,111.0,12.6,235.0
"2025-01-10 10:45:00",1.6,28.0,9.0,0.14,2,273.0,0.52,703,178.0,11.9,244.0,-1.6,2,273.0,1.9,695,162.0,12.3,244.0,0.3,2,273.0,1.8,656,133.0,13.5,264.0
"2025-01-10 11:00:00",3.1,286.0,9.0,-0.12,2,273.0,0.95,841,198.0,11.8,249.0,1.2,2,273.0,4.2,835,188.0,11.7,255.0,2.9,2,273.0,4.1,751,168.0,11.9,255.0
"2025-01-10 11:15:00",3.0,299.0,9.0,0.01,2,276.0,0.41,357,119.0,9.1,219.0,0.5,2,276.0,3.0,295,106.0,8.2,182.0,3.0,2,276.0,3.5,260,95.0,8.3,208.0
"2025-01-10 11:30:00",3.1,295.0,9.0,-0.09,2,273.0,0.56,368,126.0,9.0,223.0,0.7,2,273.0,2.5,343,113.0,9.0,210.0,3.0,2,273.0,3.1,292,97.0,9.2,232.0
"2025-01-10 11:45:00",2.5,267.0,9.0,-0.09,2,273.0,0.45,352,114.0,9.4,230.0,1.6,2,273.0,2.6,259,96.0,7.9,172.0,1.9,2,273.0,2.6,255,81.0,9.6,237.0
"2025-01-10 12:00:00",4.6,292.0,9.0,0.07,2,273.0,0.55,428,183.0,7.3,150.0,1.3,2,273.0,3.5,395,172.0,6.9,131.0,4.5,2,273.0,4.2,344,167.0,6.4,122.0
"2025-01-10 12:15:00",3.4,297.0,9.0,0.06,2,275.0,0.36,385,164.0,7.5,169.0,0.6,2,275.0,2.5,341,142.0,7.3,162.0,3.3,2,275.0,4.2,307,129.0,7.2,169.0
"2025-01-10 12:30:00",2.1,269.0,9.0,-0.04,2,273.0,0.31,299,102.0,9.1,228.0,1.3,2,273.0,2.6,217,89.0,7.5,179.0,1.6,2,273.0,2.5,199,76.0,8.2,207.0
"2025-01-10 12:45:00",1.4,264.0,9.0,-0.07,2,273.0,0.3,326,134.0,7.7,173.0,1.0,2,273.0,2.8,236,117.0,6.1,110.0,1.0,2,273.0,2.0,236,113.0,6.6,123.0
"2025-01-10 13:00:00",2.7,307.0,9.0,-0.05,2,273.0,0.31,321,119.0,8.4,199.0,0.1,2,273.0,3.0,228,104.0,6.7,138.0,2.7,2,273.0,3.9,211,90.0,7.2,155.0
"2025-01-10 13:15:00",2.6,301.0,9.0,-0.01,2,275.0,0.37,311,123.0,7.8,187.0,0.3,2,275.0,3.3,222,106.0,6.2,115.0,2.6,2,275.0,3.8,204,91.0,6.8,146.0
"2025-01-10 13:30:00",2.2,291.0,9.0,-0.04,2,273.0,0.36,312,118.0,8.2,203.0,0.6,2,273.0,3.4,231,103.0,6.8,146.0,2.1,2,273.0,3.0,225,94.0,7.4,168.0
"2025-01-10 13:45:00",2.7,300.0,9.0,-0.08,2,273.0,0.36,353,161.0,7.1,151.0,0.4,2,273.0,3.4,287,147.0,6.0,113.0,2.7,2,273.0,4.0,266,135.0,6.3,122.0
