"2025-01-07 00:00:00",8.1,118.0,9.0,0.11,2,273.0,0.31,471,111.0,12.1,268.0,-1.3,2,273.0,1.6,409,110.0,10.7,246.0,-7.9,2,273.0,5.0,404,132.0,9.1,227.0
"2025-01-07 00:15:00",7.2,122.0,9.0,0.15,9,276.0,0.36,489,115.0,11.7,246.0,-0.8,9,276.0,1.7,459,115.0,10.9,236.0,-7.2,2,276.0,4.6,418,134.0,8.9,240.0
"2025-01-07 00:30:00",9.0,122.0,9.0,0.18,9,273.0,0.42,539,130.0,12.0,269.0,-0.9,9,273.0,1.5,562,128.0,12.0,260.0,-8.9,2,273.0,4.1,504,143.0,10.0,242.0
"2025-01-07 00:45:00",8.8,120.0,9.0,0.05,2,273.0,0.36,495,120.0,12.1,266.0,-1.2,2,273.0,1.6,460,121.0,11.0,253.0,-8.8,2,273.0,4.8,434,136.0,9.7,246.0
"2025-01-07 01:00:00",8.6,124.0,9.0,0.15,9,274.0,0.34,487,113.0,12.3,268.0,-0.6,9,274.0,1.4,459,113.0,11.6,262.0,-8.5,2,274.0,4.2,432,130.0,9.8,245.0
"2025-01-07 01:15:00",8.5,128.0,9.0,0.16,9,275.0,0.37,454,111.0,11.5,249.0,-0.1,9,275.0,1.5,432,108.0,11.1,243.0,-8.5,2,275.0,4.1,419,128.0,9.3,224.0
"2025-01-07 01:30:00",8.7,128.0,9.0,0.23,9,274.0,0.41,530,116.0,12.5,267.0,0.0,9,274.0,1.6,470,114.0,11.5,262.0,-8.7,2,274.0,3.7,493,137.0,10.3,246.0
"2025-01-07 01:45:00",7.2,129.0,9.0,0.2,9,273.0,0.32,496,111.0,12.4,267.0,0.2,9,273.0,1.5,432,109.0,11.1,250.0,-7.2,2,273.0,4.4,415,127.0,9.5,243.0
"2025-01-07 02:00:00",7.0,123.0,9.0,0.29,9,274.0,0.34,440,108.0,11.7,260.0,-0.6,9,274.0,1.4,399,103.0,10.8,247.0,-7.0,2,274.0,4.1,377,117.0,9.5,241.0
"2025-01-07 02:15:00",7.6,126.0,9.0,0.27,9,274.0,0.37,476,127.0,10.8,242.0,-0.3,9,274.0,1.4,440,123.0,10.0,218.0,-7.6,2,274.0,3.9,415,124.0,9.5,228.0
"2025-01-07 02:30:00",8.2,132.0,9.0,0.24,9,273.0,0.35,533,130.0,11.9,258.0,0.5,9,273.0,1.4,532,126.0,12.0,255.0,-8.2,2,273.0,3.1,479,138.0,10.3,245.0
"2025-01-07 02:45:00",9.4,131.0,9.0,0.22,9,273.0,0.42,579,135.0,12.1,265.0,0.4,9,273.0,1.7,537,130.0,11.7,257.0,-9.4,2,273.0,3.4,556,147.0,10.7,246.0
"2025-01-07 03:00:00",9.3,132.0,9.0,0.14,9,272.0,0.45,567,132.0,12.1,265.0,0.6,9,272.0,1.5,539,127.0,12.0,264.0,-9.3,2,272.0,3.6,539,150.0,10.4,249.0
"2025-01-07 03:15:00",9.9,127.0,9.0,0.11,9,275.0,0.45,562,131.0,11.7,253.0,-0.1,9,275.0,1.7,535,127.0,11.5,241.0,-9.9,2,275.0,2.6,561,150.0,10.3,232.0
"2025-01-07 03:30:00",8.6,128.0,9.0,0.14,9,273.0,0.33,566,123.0,12.5,266.0,-0.1,9,273.0,1.4,544,122.0,12.2,258.0,-8.6,2,273.0,3.2,529,137.0,10.8,254.0
"2025-01-07 03:45:00",7.6,136.0,9.0,0.13,9,272.0,0.4,537,130.0,11.6,253.0,1.0,9,272.0,2.1,483,122.0,10.9,249.0,-7.6,2,272.0,4.0,496,139.0,10.1,242.0
"2025-01-07 04:00:00",8.1,147.0,9.0,0.21,9,273.0,0.55,613,153.0,11.1,262.0,2.7,2,273.0,2.3,630,150.0,11.6,258.0,-7.6,2,273.0,3.5,580,161.0,10.3,250.0
"2025-01-07 04:15:00",7.8,146.0,9.0,0.28,9,274.0,0.49,617,153.0,11.2,237.0,2.4,9,274.0,2.1,639,150.0,11.5,241.0,-7.4,2,274.0,3.1,592,148.0,10.9,237.0
"2025-01-07 04:30:00",8.7,140.0,9.0,0.26,9,273.0,0.4,706,153.0,12.7,266.0,1.8,9,273.0,1.6,737,152.0,13.0,265.0,-8.5,2,273.0,2.4,706,160.0,12.3,267.0
"2025-01-07 04:45:00",8.4,142.0,9.0,0.26,9,273.0,0.41,636,141.0,12.5,268.0,2.0,9,273.0,1.7,696,144.0,13.0,263.0,-8.2,2,273.0,2.4,649,148.0,12.1,264.0
"2025-01-07 05:00:00",7.1,146.0,9.0,0.22,9,273.0,0.43,600,140.0,11.9,260.0,2.1,9,273.0,1.7,540,130.0,11.7,253.0,-6.8,2,273.0,2.7,577,131.0,12.0,268.0
"2025-01-07 05:15:00",6.9,152.0,9.0,0.18,9,274.0,0.43,502,131.0,10.7,241.0,2.8,2,274.0,1.9,504,126.0,10.6,231.0,-6.3,2,274.0,3.4,466,120.0,10.7,248.0
"2025-01-07 05:30:00",7.4,147.0,9.0,0.28,9,273.0,0.46,635,151.0,11.9,265.0,2.4,9,273.0,1.9,624,139.0,12.2,263.0,-7.0,2,273.0,2.8,611,140.0,12.1,268.0
"2025-01-07 05:45:00",7.0,146.0,9.0,0.16,9,272.0,0.49,593,144.0,11.8,262.0,2.2,9,272.0,2.2,560,134.0,11.6,257.0,-6.6,2,272.0,3.3,566,134.0,11.8,268.0
"2025-01-07 06:00:00",7.0,142.0,9.0,0.23,9,273.0,0.41,520,128.0,11.6,258.0,1.6,9,273.0,1.7,523,122.0,12.0,264.0,-6.8,2,273.0,3.2,476,121.0,11.2,267.0
"2025-01-07 06:15:00",6.8,141.0,9.0,0.42,9,274.0,0.57,723,179.0,11.0,232.0,1.5,9,274.0,2.2,663,152.0,11.5,237.0,-6.7,2,274.0,2.8,708,157.0,11.5,240.0
"2025-01-07 06:30:00",5.6,142.0,9.0,0.15,9,273.0,0.53,915,171.0,13.8,271.0,1.4,9,273.0,1.6,923,160.0,14.3,271.0,-5.5,2,273.0,2.3,973,168.0,14.2,273.0
"2025-01-07 06:45:00",4.9,142.0,9.0,-0.04,9,272.0,0.52,961,161.0,15.1,271.0,1.2,9,272.0,2.1,1001,159.0,15.2,269.0,-4.8,2,272.0,2.2,1014,172.0,14.7,272.0
"2025-01-07 07:00:00",5.6,139.0,9.0,0.14,9,273.0,0.43,954,154.0,15.0,273.0,1.1,9,273.0,1.8,918,147.0,15.0,269.0,-5.5,2,273.0,1.9,1012,159.0,15.3,269.0
"2025-01-07 07:15:00",5.2,136.0,9.0,0.11,9,274.0,0.32,659,125.0,13.1,249.0,0.7,9,274.0,1.5,695,128.0,13.1,241.0,-5.2,2,274.0,2.1,658,125.0,13.0,249.0
"2025-01-07 07:30:00",5.5,142.0,9.0,0.28,9,272.0,0.35,856,144.0,14.8,269.0,1.4,9,272.0,1.3,925,143.0,15.4,268.0,-5.4,2,272.0,1.9,891,148.0,14.8,269.0
"2025-01-07 07:45:00",5.4,145.0,9.0,0.31,9,273.0,0.38,750,149.0,12.7,249.0,1.6,9,273.0,1.7,855,150.0,13.6,254.0,-5.1,2,273.0,2.3,810,140.0,13.6,260.0
"2025-01-07 08:00:00",4.0,144.0,9.0,0.09,9,272.0,0.39,590,171.0,10.7,217.0,1.1,9,272.0,1.6,568,148.0,10.5,211.0,-3.8,2,272.0,3.1,523,150.0,10.3,230.0
"2025-01-07 08:15:00",4.7,143.0,9.0,0.23,9,275.0,0.32,595,121.0,12.5,249.0,1.2,9,275.0,1.3,582,119.0,12.4,243.0,-4.6,2,275.0,2.3,556,113.0,12.0,241.0
"2025-01-07 08:30:00",4.9,141.0,9.0,0.16,9,271.0,0.4,801,141.0,14.3,266.0,1.1,9,271.0,1.5,853,141.0,14.7,260.0,-4.8,2,271.0,1.7,818,136.0,14.8,269.0
"2025-01-07 08:45:00",4.1,157.0,9.0,0.0,9,271.0,0.31,610,112.0,14.1,266.0,2.0,9,271.0,1.1,624,114.0,14.2,266.0,-3.6,2,271.0,1.7,601,107.0,14.3,268.0
"2025-01-07 09:00:00",5.3,162.0,9.0,0.05,9,272.0,0.31,511,110.0,12.8,257.0,3.0,2,272.0,1.7,491,112.0,12.0,251.0,-4.4,2,272.0,2.5,470,108.0,12.2,265.0
"2025-01-07 09:15:00",5.6,138.0,9.0,0.3,9,275.0,0.42,694,143.0,12.2,246.0,1.0,9,275.0,1.6,755,140.0,12.9,244.0,-5.5,2,275.0,2.3,700,138.0,12.4,250.0
"2025-01-07 09:30:00",7.4,132.0,9.0,0.33,9,272.0,0.52,1103,183.0,14.9,272.0,0.6,9,272.0,1.8,989,171.0,14.4,269.0,-7.4,2,272.0,2.2,1102,192.0,14.2,267.0
"2025-01-07 09:45:00",7.9,139.0,9.0,0.48,9,272.0,0.69,806,230.0,10.4,225.0,1.6,9,272.0,2.9,769,200.0,10.9,238.0,-7.8,2,272.0,3.4,768,202.0,10.8,237.0
"2025-01-07 10:00:00",7.0,143.0,9.0,0.31,2,273.0,0.64,728,156.0,12.4,255.0,1.8,2,273.0,2.1,742,145.0,13.0,261.0,-6.7,2,273.0,2.8,694,147.0,12.5,264.0
"2025-01-07 10:15:00",6.7,149.0,9.0,0.22,2,275.0,0.53,593,145.0,10.9,233.0,2.4,2,275.0,2.1,599,136.0,11.2,243.0,-6.3,2,275.0,3.1,531,134.0,10.6,241.0
"2025-01-07 10:30:00",6.5,147.0,9.0,0.13,2,272.0,0.45,473,120.0,11.4,259.0,2.1,2,272.0,2.1,449,113.0,10.9,247.0,-6.1,2,272.0,3.6,404,113.0,10.3,249.0
"2025-01-07 10:45:00",8.2,143.0,9.0,0.1,2,272.0,0.43,509,118.0,12.1,257.0,2.1,2,272.0,2.0,480,110.0,11.9,252.0,-7.9,2,272.0,3.5,450,121.0,10.5,247.0
"2025-01-07 11:00:00",6.8,139.0,9.0,0.12,2,274.0,0.4,442,107.0,11.8,263.0,1.3,2,274.0,1.6,397,101.0,11.1,242.0,-6.7,2,274.0,3.7,383,109.0,10.4,251.0
"2025-01-07 11:15:00",7.6,139.0,9.0,0.09,2,275.0,0.34,413,107.0,10.9,241.0,1.4,2,275.0,1.6,394,100.0,10.7,232.0,-7.4,2,275.0,3.7,366,107.0,9.6,225.0
"2025-01-07 11:30:00",6.3,141.0,9.0,0.19,2,273.0,0.33,492,139.0,11.0,231.0,1.5,2,273.0,2.1,421,119.0,10.5,222.0,-6.2,2,273.0,3.4,427,130.0,9.9,216.0
"2025-01-07 11:45:00",1.6,151.0,9.0,0.04,2,273.0,0.26,288,88.0,10.0,247.0,0.6,2,273.0,1.2,202,82.0,7.5,174.0,-1.5,2,273.0,3.0,208,76.0,8.6,222.0
"2025-01-07 12:00:00",2.7,144.0,9.0,0.06,2,274.0,0.25,299,87.0,10.4,249.0,0.7,2,274.0,1.4,210,81.0,8.0,189.0,-2.6,2,274.0,3.8,215,81.0,8.2,213.0
"2025-01-07 12:15:00",4.1,139.0,9.0,0.01,2,275.0,0.25,288,86.0,9.9,230.0,0.8,2,275.0,1.3,247,81.0,8.8,208.0,-4.0,2,275.0,4.9,219,83.0,8.0,217.0
"2025-01-07 12:30:00",4.7,137.0,9.0,0.02,2,273.0,0.27,320,87.0,10.9,253.0,0.7,2,273.0,1.2,256,82.0,9.3,230.0,-4.6,2,273.0,4.7,246,86.0,8.7,231.0
"2025-01-07 12:45:00",5.4,130.0,9.0,0.1,2,274.0,0.35,379,98.0,11.4,257.0,0.2,2,274.0,1.7,338,95.0,10.3,234.0,-5.4,2,274.0,4.0,283,97.0,8.9,232.0
"2025-01-07 13:00:00",3.7,132.0,9.0,0.02,2,273.0,0.3,369,95.0,11.4,255.0,0.3,2,273.0,1.7,291,88.0,9.6,216.0,-3.7,2,273.0,3.6,278,93.0,9.2,242.0
"2025-01-07 13:15:00",4.4,115.0,9.0,0.12,2,275.0,0.42,405,155.0,8.8,192.0,-1.0,2,275.0,2.1,328,127.0,8.1,175.0,-4.3,2,275.0,4.1,330,139.0,7.7,172.0
"2025-01-07 13:30:00",3.8,116.0,9.0,0.11,2,273.0,0.3,350,100.0,10.6,245.0,-0.8,2,273.0,1.5,279,93.0,9.0,215.0,-3.7,2,273.0,3.0,277,91.0,9.2,234.0
"2025-01-07 13:45:00",4.4,116.0,9.0,0.37,2,274.0,0.37,400,105.0,11.2,263.0,-0.9,2,274.0,1.2,357,97.0,10.5,237.0,-4.3,2,274.0,2.3,341,95.0,10.7,263.0
"2025-01-07 14:00:00",6.1,118.0,9.0,0.13,2,273.0,0.33,396,100.0,11.6,257.0,-1.1,2,273.0,1.6,356,99.0,10.4,243.0,-6.0,2,273.0,3.8,313,100.0,9.3,237.0
"2025-01-07 14:15:00",3.8,129.0,9.0,0.11,2,275.0,0.28,332,91.0,10.6,243.0,0.0,2,275.0,1.2,272,92.0,9.0,212.0,-3.8,2,275.0,3.3,255,85.0,9.2,238.0
"2025-01-07 14:30:00",5.1,129.0,9.0,0.5,2,273.0,0.56,499,121.0,11.8,267.0,0.1,2,273.0,1.8,432,108.0,11.1,247.0,-5.1,2,273.0,2.5,424,104.0,11.5,262.0
"2025-01-07 14:45:00",3.5,113.0,9.0,0.2,2,273.0,0.35,332,99.0,10.1,250.0,-0.9,2,273.0,1.3,246,94.0,7.8,177.0,-3.3,2,273.0,3.3,251,89.0,8.6,230.0
"2025-01-07 15:00:00",6.2,119.0,9.0,0.21,2,273.0,0.36,380,119.0,10.1,241.0,-1.0,2,273.0,1.7,312,109.0,8.8,210.0,-6.1,2,273.0,4.7,308,111.0,8.5,205.0
"2025-01-07 15:15:00",5.7,129.0,9.0,0.16,2,276.0,0.35,376,122.0,9.7,169.0,0.1,2,276.0,1.8,298,108.0,8.1,92.0,-5.7,2,276.0,4.1,293,107.0,8.4,108.0
"2025-01-07 15:30:00",3.0,138.0,9.0,0.18,2,273.0,0.34,341,97.0,10.6,194.0,0.5,2,273.0,1.9,255,93.0,8.1,108.0,-3.0,2,273.0,3.1,251,87.0,9.0,143.0
"2025-01-07 15:45:00",3.1,117.0,9.0,0.1,2,273.0,0.28,349,98.0,10.8,201.0,-0.6,2,273.0,1.9,257,93.0,8.2,106.0,-3.0,2,273.0,3.5,242,80.0,9.2,144.0
"2025-01-07 16:00:00",6.0,129.0,9.0,0.33,2,273.0,0.47,357,105.0,10.2,190.0,0.1,2,273.0,2.1,330,102.0,9.3,146.0,-6.0,2,273.0,3.6,299,95.0,9.6,157.0
"2025-01-07 16:15:00",6.9,128.0,9.0,0.22,2,276.0,0.42,400,108.0,10.6,243.0,0.0,2,276.0,2.3,369,106.0,9.8,221.0,-6.9,2,276.0,4.1,334,100.0,9.6,234.0
"2025-01-07 16:30:00",6.4,124.0,9.0,0.24,2,273.0,0.45,463,113.0,11.6,263.0,-0.5,2,273.0,1.8,427,111.0,10.3,215.0,-6.4,2,273.0,3.8,404,107.0,10.4,252.0
"2025-01-07 16:45:00",3.5,128.0,9.0,0.26,2,273.0,0.36,362,102.0,10.7,256.0,0.0,2,273.0,1.5,256,94.0,8.1,186.0,-3.5,2,273.0,2.9,264,87.0,9.2,230.0
"2025-01-07 17:00:00",6.2,134.0,9.0,0.34,2,273.0,0.43,423,120.0,10.7,246.0,0.7,2,273.0,1.8,366,110.0,9.7,209.0,-6.2,2,273.0,3.8,344,113.0,9.2,232.0
"2025-01-07 17:15:00",3.5,147.0,9.0,0.44,2,275.0,0.81,461,121.0,11.0,253.0,1.1,2,275.0,3.0,413,108.0,10.6,232.0,-3.3,2,275.0,2.5,371,91.0,11.5,249.0
"2025-01-07 17:30:00",1.5,133.0,9.0,0.13,2,274.0,0.28,457,106.0,12.4,266.0,0.1,2,274.0,2.0,373,102.0,10.7,256.0,-1.5,2,274.0,2.2,359,85.0,12.2,266.0
"2025-01-07 17:45:00",1.7,125.0,9.0,0.09,2,273.0,0.25,408,95.0,12.3,265.0,-0.1,2,273.0,2.0,287,90.0,9.5,229.0,-1.7,2,273.0,2.4,293,79.0,11.2,261.0
"2025-01-07 18:00:00",3.9,132.0,9.0,0.27,9,273.0,0.36,466,105.0,12.6,264.0,0.3,9,273.0,2.0,402,99.0,11.6,253.0,-3.9,2,273.0,2.7,385,96.0,11.7,272.0
"2025-01-07 18:15:00",5.5,128.0,9.0,0.84,9,275.0,0.77,478,133.0,10.5,247.0,0.0,9,275.0,2.2,435,107.0,10.9,231.0,-5.5,2,275.0,2.4,420,103.0,11.2,250.0
"2025-01-07 18:30:00",4.9,125.0,9.0,0.6,9,273.0,0.64,529,128.0,12.1,271.0,-0.3,9,273.0,2.2,518,114.0,12.5,267.0,-4.9,2,273.0,2.7,476,107.0,12.5,270.0
"2025-01-07 18:45:00",3.7,131.0,9.0,0.34,9,273.0,0.39,437,116.0,11.4,252.0,0.2,9,273.0,1.8,358,104.0,10.4,233.0,-3.7,2,273.0,2.7,344,100.0,10.5,258.0
"2025-01-07 19:00:00",2.9,139.0,9.0,0.28,9,274.0,0.37,394,106.0,11.2,261.0,0.6,9,274.0,1.6,270,90.0,8.9,214.0,-2.9,2,274.0,2.5,298,86.0,10.4,255.0
"2025-01-07 19:15:00",5.4,126.0,9.0,0.34,9,275.0,0.45,387,104.0,10.8,247.0,-0.1,9,275.0,1.8,288,90.0,9.2,201.0,-5.4,2,275.0,3.8,294,93.0,9.2,228.0
"2025-01-07 19:30:00",5.5,130.0,9.0,0.32,9,273.0,0.43,384,103.0,11.0,257.0,0.2,9,273.0,1.7,309,92.0,9.8,229.0,-5.5,2,273.0,3.8,289,93.0,9.5,245.0
"2025-01-07 19:45:00",6.2,130.0,9.0,0.31,9,273.0,0.44,412,107.0,11.3,262.0,0.2,9,273.0,2.0,390,96.0,11.5,252.0,-6.2,2,273.0,3.6,333,97.0,10.2,257.0
"2025-01-07 20:00:00",6.7,134.0,9.0,0.54,9,273.0,0.55,428,112.0,11.4,265.0,0.7,9,273.0,2.2,390,98.0,11.4,252.0,-6.7,2,273.0,2.9,368,100.0,10.7,256.0
"2025-01-07 20:15:00",6.7,130.0,9.0,0.43,9,275.0,0.52,366,106.0,10.1,238.0,0.2,9,275.0,2.0,342,93.0,10.1,227.0,-6.7,2,275.0,3.9,295,92.0,9.4,235.0
"2025-01-07 20:30:00",4.2,142.0,9.0,0.57,9,273.0,0.7,388,122.0,10.1,249.0,1.1,9,273.0,2.2,332,100.0,9.9,230.0,-4.1,2,273.0,2.5,335,92.0,10.9,257.0
"2025-01-07 20:45:00",1.2,145.0,9.0,0.05,9,273.0,0.3,375,96.0,11.6,260.0,0.3,9,273.0,2.3,233,86.0,8.5,215.0,-1.1,9,273.0,1.8,261,75.0,10.6,248.0
"2025-01-07 21:00:00",3.4,150.0,9.0,0.33,9,273.0,0.48,367,103.0,10.8,263.0,1.3,9,273.0,2.5,296,92.0,9.7,238.0,-3.2,2,273.0,2.5,295,82.0,10.8,260.0
"2025-01-07 21:15:00",5.9,146.0,9.0,1.02,2,276.0,1.05,402,123.0,9.6,236.0,1.8,2,276.0,2.4,391,105.0,10.3,231.0,-5.6,2,276.0,2.5,359,88.0,11.2,249.0
"2025-01-07 21:30:00",3.9,145.0,9.0,0.32,9,273.0,0.4,368,99.0,11.2,262.0,1.1,9,273.0,2.1,303,89.0,9.9,225.0,-3.7,2,273.0,2.7,297,82.0,10.8,260.0
"2025-01-07 21:45:00",7.5,134.0,9.0,0.51,9,273.0,0.59,454,112.0,11.6,264.0,0.7,9,273.0,2.5,403,104.0,10.7,240.0,-7.5,2,273.0,3.6,404,108.0,10.7,256.0
"2025-01-07 22:00:00",7.0,141.0,9.0,0.67,9,274.0,0.77,419,114.0,10.9,263.0,1.6,9,274.0,3.0,398,106.0,10.5,240.0,-6.8,2,274.0,3.7,377,102.0,10.8,257.0
"2025-01-07 22:15:00",2.6,157.0,9.0,0.26,9,275.0,0.57,315,99.0,9.7,228.0,1.3,9,275.0,3.4,254,89.0,8.5,206.0,-2.2,9,275.0,2.3,255,74.0,10.3,235.0
"2025-01-07 22:30:00",3.5,148.0,9.0,0.29,9,273.0,0.62,343,98.0,10.6,247.0,1.2,9,273.0,2.3,273,87.0,9.3,218.0,-3.3,2,273.0,2.9,271,76.0,10.7,256.0
"2025-01-07 22:45:00",3.9,144.0,9.0,0.64,9,273.0,0.8,377,107.0,10.6,261.0,1.1,9,273.0,2.3,317,93.0,9.7,221.0,-3.7,2,273.0,2.1,364,83.0,12.1,260.0
"2025-01-07 23:00:00",2.8,141.0,9.0,0.21,9,273.0,0.29,324,89.0,10.9,261.0,0.6,9,273.0,1.6,216,81.0,8.2,195.0,-2.7,2,273.0,2.4,218,70.0,9.6,254.0
"2025-01-07 23:15:00",4.3,129.0,9.0,0.35,9,276.0,0.35,342,95.0,10.5,242.0,0.1,9,276.0,1.2,280,90.0,9.1,194.0,-4.3,2,276.0,2.9,257,80.0,9.5,233.0
"2025-01-07 23:30:00",2.0,123.0,9.0,0.14,9,273.0,0.26,291,88.0,10.0,235.0,-0.2,9,273.0,1.2,194,84.0,6.8,136.0,-2.0,9,273.0,3.4,205,72.0,8.8,221.0
"2025-01-07 23:45:00",3.4,123.0,9.0,0.13,9,273.0,0.25,294,89.0,10.0,233.0,-0.3,9,273.0,1.1,204,86.0,7.3,151.0,-3.4,2,273.0,4.3,217,87.0,7.8,191.0
"2025-01-08 00:00:00",4.6,131.0,9.0,0.09,2,273.0,0.29,343,95.0,10.7,242.0,0.2,2,273.0,1.4,253,94.0,8.0,168.0,-4.6,2,273.0,4.8,250,89.0,8.5,202.0
"2025-01-08 00:15:00",4.7,136.0,9.0,0.22,9,276.0,0.38,341,124.0,8.5,200.0,0.6,9,276.0,2.2,265,116.0,6.7,128.0,-4.7,2,276.0,3.9,264,108.0,7.3,166.0
"2025-01-08 00:30:00",4.7,136.0,9.0,0.46,9,273.0,0.66,468,127.0,10.9,254.0,0.7,9,273.0,2.5,398,121.0,9.5,213.0,-4.7,2,273.0,3.4,389,116.0,10.1,240.0
"2025-01-08 00:45:00",1.6,112.0,9.0,0.04,9,274.0,0.29,385,110.0,11.1,248.0,-0.4,9,274.0,2.0,285,111.0,8.2,181.0,-1.5,9,274.0,2.0,305,107.0,9.7,214.0
"2025-01-08 01:00:00",0.6,141.0,9.0,0.1,9,273.0,0.25,402,82.0,13.5,265.0,0.1,9,273.0,1.7,242,79.0,9.5,221.0,-0.6,9,273.0,1.2,256,67.0,11.6,260.0
"2025-01-08 01:15:00",0.4,160.0,9.0,0.1,9,276.0,0.18,384,88.0,12.2,252.0,0.2,9,276.0,0.9,197,89.0,6.7,142.0,-0.3,9,276.0,0.7,289,64.0,12.3,235.0
"2025-01-08 01:30:00",0.8,123.0,9.0,0.09,9,273.0,0.18,435,86.0,13.7,270.0,-0.1,9,273.0,1.0,231,81.0,8.9,204.0,-0.8,9,273.0,1.1,305,68.0,12.9,261.0
"2025-01-08 01:45:00",0.7,154.0,9.0,0.06,9,274.0,0.19,394,83.0,13.1,266.0,0.3,9,274.0,0.9,219,83.0,8.2,191.0,-0.6,9,274.0,1.1,254,65.0,11.7,263.0
"2025-01-08 02:00:00",0.9,157.0,9.0,0.07,9,273.0,0.35,464,141.0,11.8,246.0,0.4,9,273.0,2.0,292,113.0,8.5,194.0,-0.8,9,273.0,1.7,324,108.0,10.9,239.0
"2025-01-08 02:15:00",0.6,148.0,9.0,0.01,9,276.0,0.19,341,78.0,12.1,246.0,0.2,9,276.0,1.1,207,76.0,8.2,183.0,-0.5,9,276.0,1.1,231,61.0,11.1,241.0
"2025-01-08 02:30:00",0.5,107.0,9.0,0.06,9,273.0,0.2,356,118.0,10.4,219.0,-0.2,9,273.0,0.8,230,108.0,7.3,142.0,-0.4,9,273.0,0.9,291,120.0,9.3,195.0
"2025-01-08 02:45:00",0.5,135.0,9.0,0.12,9,273.0,0.2,382,95.0,12.1,250.0,0.1,9,273.0,0.6,227,88.0,8.6,192.0,-0.5,9,273.0,0.7,295,85.0,11.5,231.0
"2025-01-08 03:00:00",0.9,153.0,9.0,0.04,9,274.0,0.17,436,141.0,10.1,212.0,0.4,9,274.0,0.8,288,143.0,6.3,115.0,-0.8,9,274.0,1.5,323,158.0,6.8,134.0
"2025-01-08 03:15:00",2.4,136.0,9.0,0.1,9,275.0,0.21,386,85.0,12.5,251.0,0.3,9,275.0,1.1,303,85.0,10.3,222.0,-2.4,9,275.0,2.6,289,88.0,10.0,247.0
"2025-01-08 03:30:00",3.5,119.0,9.0,0.12,9,274.0,0.27,414,93.0,12.7,265.0,-0.5,9,274.0,1.3,302,92.0,9.9,220.0,-3.5,2,274.0,3.0,312,99.0,9.9,262.0
"2025-01-08 03:45:00",2.8,106.0,9.0,0.14,9,273.0,0.3,464,141.0,11.2,236.0,-1.0,9,273.0,1.7,337,122.0,9.0,200.0,-2.6,2,273.0,2.4,356,122.0,9.8,237.0
"2025-01-08 04:00:00",3.5,129.0,9.0,0.08,9,274.0,0.26,471,95.0,13.6,268.0,0.1,9,274.0,1.2,369,88.0,12.0,258.0,-3.5,2,274.0,3.0,400,102.0,11.7,271.0
"2025-01-08 04:15:00",4.0,118.0,9.0,0.14,9,275.0,0.23,399,95.0,11.8,247.0,-0.7,9,275.0,1.3,302,93.0,9.6,221.0,-3.9,2,275.0,2.9,308,97.0,9.5,239.0
"2025-01-08 04:30:00",2.3,130.0,9.0,0.16,9,273.0,0.23,400,96.0,12.1,264.0,0.1,9,273.0,1.1,289,92.0,9.5,228.0,-2.3,9,273.0,1.9,318,86.0,11.2,262.0
"2025-01-08 04:45:00",1.7,133.0,9.0,0.12,9,274.0,0.23,395,94.0,12.2,265.0,0.1,9,274.0,1.1,280,92.0,9.5,242.0,-1.7,9,274.0,1.5,293,81.0,11.1,266.0
"2025-01-08 05:00:00",2.1,134.0,9.0,0.13,9,273.0,0.25,402,89.0,12.8,269.0,0.2,9,273.0,1.1,268,85.0,9.7,232.0,-2.1,9,273.0,1.9,284,81.0,10.8,263.0
"2025-01-08 05:15:00",0.9,123.0,9.0,0.06,9,275.0,0.21,349,91.0,11.1,241.0,-0.1,9,275.0,1.1,228,90.0,7.8,161.0,-0.9,9,275.0,1.3,256,79.0,9.9,234.0
"2025-01-08 05:30:00",1.0,117.0,9.0,0.05,9,274.0,0.24,439,128.0,11.3,235.0,-0.2,9,274.0,1.4,297,114.0,8.6,189.0,-1.0,9,274.0,1.6,324,106.0,10.2,232.0
"2025-01-08 05:45:00",0.5,165.0,9.0,0.0,9,273.0,0.21,378,79.0,13.2,270.0,0.3,9,273.0,1.0,221,70.0,9.6,228.0,-0.4,9,273.0,1.1,256,62.0,12.1,263.0
"2025-01-08 06:00:00",0.1,36.0,9.0,-0.01,9,273.0,0.21,346,80.0,12.3,268.0,-0.1,9,273.0,0.9,216,74.0,8.9,211.0,0.0,9,273.0,0.9,262,65.0,11.9,260.0
"2025-01-08 06:15:00",0.4,166.0,9.0,-0.04,9,276.0,0.2,376,81.0,12.6,250.0,0.2,9,276.0,0.9,244,74.0,9.9,232.0,-0.3,9,276.0,1.3,242,65.0,11.1,247.0
"2025-01-08 06:30:00",1.0,131.0,9.0,-0.02,9,273.0,0.18,372,79.0,13.0,265.0,0.0,9,273.0,1.2,246,74.0,9.9,230.0,-1.0,9,273.0,1.4,260,66.0,11.8,262.0
"2025-01-08 06:45:00",0.8,120.0,9.0,0.03,9,273.0,0.19,371,82.0,12.8,268.0,-0.1,9,273.0,0.9,243,76.0,9.6,223.0,-0.8,9,273.0,1.4,272,66.0,12.2,263.0
"2025-01-08 07:00:00",0.7,148.0,9.0,0.0,9,274.0,0.2,406,82.0,13.6,272.0,0.2,9,274.0,1.1,246,76.0,9.8,222.0,-0.6,9,274.0,1.1,290,67.0,12.6,266.0
"2025-01-08 07:15:00",1.3,124.0,9.0,0.09,9,275.0,0.32,421,123.0,11.1,219.0,-0.1,9,275.0,1.0,275,105.0,8.4,176.0,-1.3,9,275.0,1.7,314,98.0,10.5,220.0
"2025-01-08 07:30:00",0.8,128.0,9.0,0.05,9,273.0,0.25,400,93.0,12.4,267.0,0.0,9,273.0,1.1,267,82.0,9.7,215.0,-0.8,9,273.0,1.6,326,74.0,12.7,262.0
"2025-01-08 07:45:00",0.2,228.0,9.0,0.03,9,273.0,0.17,409,84.0,13.4,269.0,0.2,9,273.0,0.9,189,77.0,7.6,156.0,0.0,9,273.0,0.7,284,64.0,12.8,265.0
"2025-01-08 08:00:00",0.2,134.0,9.0,0.06,9,273.0,0.18,388,83.0,13.1,271.0,0.0,9,273.0,0.8,218,74.0,9.0,218.0,-0.2,9,273.0,0.6,300,61.0,13.6,261.0
"2025-01-08 08:15:00",0.4,168.0,9.0,0.06,9,276.0,0.18,355,88.0,11.6,251.0,0.3,9,276.0,0.8,202,79.0,7.9,175.0,-0.3,9,276.0,0.7,251,67.0,11.2,239.0
"2025-01-08 08:30:00",0.5,114.0,9.0,0.07,9,273.0,0.14,431,86.0,13.7,268.0,-0.1,9,273.0,0.7,203,80.0,8.0,175.0,-0.5,9,273.0,0.7,287,68.0,12.4,255.0
"2025-01-08 08:45:00",0.7,137.0,9.0,0.08,9,273.0,0.2,418,87.0,13.3,268.0,0.1,9,273.0,0.8,228,80.0,8.8,198.0,-0.7,9,273.0,1.1,299,72.0,12.3,257.0
"2025-01-08 09:00:00",0.7,139.0,9.0,0.03,9,274.0,0.18,460,103.0,13.4,261.0,0.1,9,274.0,0.8,267,97.0,8.8,192.0,-0.7,9,274.0,1.3,312,86.0,11.5,250.0
"2025-01-08 09:15:00",0.2,110.0,9.0,0.06,9,275.0,0.17,395,114.0,10.9,213.0,-0.1,9,275.0,0.8,222,97.0,7.2,89.0,-0.2,9,275.0,0.8,261,83.0,10.2,192.0
"2025-01-08 09:30:00",0.6,117.0,9.0,0.05,9,273.0,0.2,340,79.0,12.3,244.0,-0.1,9,273.0,0.8,183,75.0,7.5,106.0,-0.6,9,273.0,1.1,222,63.0,10.8,219.0
"2025-01-08 09:45:00",0.6,133.0,9.0,-0.01,9,273.0,0.19,350,80.0,12.5,249.0,0.1,9,273.0,0.9,215,77.0,8.6,135.0,-0.6,9,273.0,1.5,244,69.0,10.8,219.0
"2025-01-08 10:00:00",1.0,110.0,9.0,0.02,2,273.0,0.21,357,82.0,12.5,246.0,-0.3,2,273.0,1.1,210,76.0,8.5,136.0,-0.9,2,273.0,1.8,251,67.0,11.3,224.0
"2025-01-08 10:15:00",1.9,141.0,9.0,0.01,2,275.0,0.27,312,84.0,10.8,235.0,0.4,2,275.0,1.7,241,84.0,8.5,185.0,-1.8,2,275.0,2.4,226,74.0,9.2,223.0
"2025-01-08 10:30:00",2.4,132.0,9.0,-0.01,2,273.0,0.29,374,86.0,12.3,263.0,0.2,2,273.0,1.5,294,84.0,9.8,211.0,-2.4,2,273.0,2.7,274,73.0,11.1,258.0
"2025-01-08 10:45:00",1.4,153.0,9.0,0.03,2,274.0,0.28,366,81.0,12.7,263.0,0.6,2,274.0,1.9,225,73.0,9.1,212.0,-1.3,2,274.0,2.0,235,62.0,11.4,264.0
"2025-01-08 11:00:00",1.7,123.0,9.0,0.0,2,273.0,0.27,323,97.0,10.4,237.0,-0.2,2,273.0,1.4,241,92.0,7.9,159.0,-1.7,2,273.0,2.3,215,77.0,8.9,216.0
"2025-01-08 11:15:00",1.2,125.0,9.0,-0.04,2,275.0,0.22,280,78.0,10.5,246.0,-0.1,2,275.0,1.0,186,74.0,7.5,173.0,-1.2,2,275.0,1.9,183,58.0,9.6,235.0
"2025-01-08 11:30:00",0.6,133.0,9.0,0.02,9,272.0,0.23,277,83.0,10.1,242.0,0.1,9,272.0,1.7,181,80.0,6.9,153.0,-0.6,9,272.0,1.3,194,63.0,9.7,237.0
"2025-01-08 11:45:00",1.2,179.0,9.0,-0.01,2,273.0,0.27,305,88.0,10.5,252.0,1.0,2,273.0,2.0,214,87.0,7.6,176.0,-0.8,2,273.0,1.4,202,71.0,9.0,231.0
"2025-01-08 12:00:00",0.7,141.0,9.0,0.0,2,273.0,0.22,309,87.0,10.8,257.0,0.2,2,273.0,1.3,201,84.0,7.3,163.0,-0.7,2,273.0,1.3,204,68.0,9.4,224.0
"2025-01-08 12:15:00",1.2,149.0,9.0,0.13,2,276.0,0.33,309,97.0,9.6,232.0,0.4,2,276.0,2.1,237,103.0,6.8,142.0,-1.1,2,276.0,1.8,230,67.0,10.2,239.0
"2025-01-08 12:30:00",1.8,135.0,9.0,0.05,2,273.0,0.31,319,102.0,9.6,235.0,0.2,2,273.0,1.7,239,105.0,6.8,140.0,-1.8,2,273.0,2.4,243,78.0,9.6,243.0
"2025-01-08 12:45:00",0.9,102.0,9.0,-0.05,2,273.0,0.29,300,99.0,9.6,231.0,-0.4,2,273.0,1.8,214,98.0,6.6,141.0,-0.8,2,273.0,1.8,211,76.0,8.8,219.0
"2025-01-08 13:00:00",1.1,144.0,9.0,-0.01,2,273.0,0.28,303,87.0,10.5,249.0,0.3,2,273.0,2.0,209,91.0,7.1,166.0,-1.0,2,273.0,2.2,208,69.0,9.5,233.0
"2025-01-08 13:15:00",1.2,144.0,9.0,0.07,2,275.0,0.38,313,92.0,10.2,231.0,0.3,2,275.0,1.9,212,95.0,6.7,146.0,-1.2,2,275.0,2.2,210,65.0,9.8,232.0
"2025-01-08 13:30:00",0.7,159.0,9.0,0.0,2,273.0,0.29,323,95.0,10.3,251.0,0.4,2,273.0,2.1,223,103.0,6.4,127.0,-0.6,2,273.0,1.3,214,65.0,10.2,246.0
"2025-01-08 13:45:00",0.7,115.0,9.0,-0.01,2,274.0,0.23,307,93.0,10.1,238.0,-0.2,2,274.0,1.5,216,101.0,6.3,121.0,-0.7,2,274.0,1.6,200,63.0,9.8,240.0
"2025-01-08 14:00:00",1.6,176.0,9.0,0.16,2,275.0,0.41,353,97.0,10.8,256.0,1.2,2,275.0,2.4,265,103.0,7.7,180.0,-1.1,2,275.0,1.7,246,66.0,11.1,255.0
"2025-01-08 14:15:00",0.5,168.0,9.0,0.03,2,276.0,0.24,311,81.0,11.2,246.0,0.3,2,276.0,1.1,184,79.0,7.1,161.0,-0.4,2,276.0,1.0,196,57.0,10.3,232.0
"2025-01-08 14:30:00",0.4,201.0,9.0,0.04,2,275.0,0.24,362,94.0,11.7,259.0,0.4,2,275.0,1.0,195,85.0,7.2,157.0,-0.1,2,275.0,0.9,210,68.0,9.9,227.0
"2025-01-08 14:45:00",0.8,182.0,9.0,0.09,2,275.0,0.2,420,95.0,12.7,266.0,0.6,2,275.0,1.4,213,95.0,6.9,147.0,-0.5,2,275.0,0.8,233,64.0,10.9,259.0
"2025-01-08 15:00:00",0.5,170.0,9.0,0.04,2,275.0,0.18,436,91.0,13.2,268.0,0.3,2,275.0,0.9,205,91.0,6.9,154.0,-0.4,2,275.0,0.7,253,61.0,12.2,268.0
"2025-01-08 15:15:00",0.8,167.0,9.0,0.05,2,275.0,0.16,448,88.0,13.4,252.0,0.5,2,275.0,1.0,214,81.0,8.1,183.0,-0.6,2,275.0,0.8,252,63.0,11.7,252.0
"2025-01-08 15:30:00",0.8,156.0,9.0,0.04,2,273.0,0.18,502,88.0,14.7,271.0,0.4,2,273.0,1.0,219,76.0,9.0,219.0,-0.7,2,273.0,0.8,286,63.0,13.0,268.0
"2025-01-08 15:45:00",0.5,147.0,9.0,0.04,2,273.0,0.18,484,89.0,14.3,270.0,0.2,2,273.0,0.9,216,75.0,8.7,206.0,-0.5,2,273.0,0.8,280,65.0,12.4,261.0
"2025-01-08 16:00:00",0.5,162.0,9.0,0.02,2,273.0,0.16,488,92.0,14.1,267.0,0.3,2,273.0,0.9,225,87.0,8.0,181.0,-0.4,2,273.0,0.9,287,68.0,12.3,265.0
"2025-01-08 16:15:00",0.4,143.0,9.0,0.04,2,275.0,0.17,500,99.0,13.4,249.0,0.1,2,275.0,1.0,228,94.0,7.4,163.0,-0.4,2,275.0,0.9,297,75.0,11.8,242.0
"2025-01-08 16:30:00",0.4,144.0,9.0,0.06,9,273.0,0.16,497,103.0,13.4,270.0,0.1,9,273.0,0.8,219,91.0,7.4,165.0,-0.4,9,273.0,0.7,317,78.0,12.0,266.0
"2025-01-08 16:45:00",0.3,149.0,9.0,0.07,9,273.0,0.18,461,96.0,13.3,269.0,0.1,9,273.0,0.7,209,90.0,7.2,157.0,-0.3,9,273.0,0.7,284,77.0,11.2,252.0
"2025-01-08 17:00:00",0.3,125.0,9.0,0.04,9,273.0,0.16,502,99.0,13.7,272.0,0.0,9,273.0,0.8,219,90.0,7.6,177.0,-0.3,9,273.0,0.6,302,76.0,11.8,255.0
"2025-01-08 17:15:00",0.4,164.0,9.0,0.04,2,275.0,0.18,524,107.0,13.0,252.0,0.2,2,275.0,0.9,234,93.0,7.7,178.0,-0.3,2,275.0,0.6,319,80.0,11.5,241.0
"2025-01-08 17:30:00",0.4,171.0,9.0,0.03,2,273.0,0.15,532,104.0,13.7,270.0,0.3,2,273.0,0.8,233,95.0,7.6,166.0,-0.3,2,273.0,0.7,325,82.0,11.8,263.0
"2025-01-08 17:45:00",0.2,85.0,9.0,0.04,2,273.0,0.13,534,102.0,13.9,265.0,-0.1,2,273.0,0.6,246,95.0,8.1,175.0,-0.1,2,273.0,0.6,336,82.0,12.0,260.0
"2025-01-08 18:00:00",0.4,159.0,9.0,0.05,9,273.0,0.16,514,106.0,13.3,267.0,0.2,9,273.0,0.7,231,98.0,7.3,160.0,-0.3,9,273.0,0.7,303,83.0,11.1,247.0
"2025-01-08 18:15:00",0.5,120.0,9.0,0.09,9,275.0,0.17,486,108.0,12.6,253.0,-0.1,9,275.0,0.7,252,103.0,7.6,164.0,-0.5,9,275.0,0.7,307,87.0,10.6,238.0
"2025-01-08 18:30:00",0.5,120.0,9.0,0.07,9,273.0,0.15,523,125.0,12.3,258.0,-0.1,9,273.0,0.8,263,115.0,7.1,144.0,-0.5,9,273.0,0.9,343,102.0,10.6,244.0
"2025-01-08 18:45:00",1.0,152.0,9.0,0.05,9,272.0,0.17,573,129.0,12.7,265.0,0.4,9,272.0,0.9,333,121.0,8.5,190.0,-0.9,9,272.0,1.2,395,106.0,11.1,248.0
"2025-01-08 19:00:00",1.0,148.0,9.0,0.05,9,273.0,0.17,556,111.0,13.7,271.0,0.3,9,273.0,0.8,313,106.0,9.2,199.0,-0.9,9,273.0,1.1,378,94.0,11.9,256.0
"2025-01-08 19:15:00",0.9,141.0,9.0,0.06,9,275.0,0.17,567,107.0,13.6,253.0,0.2,9,275.0,0.8,294,96.0,9.2,215.0,-0.9,9,275.0,1.1,369,87.0,12.0,249.0
"2025-01-08 19:30:00",0.6,117.0,9.0,0.07,9,273.0,0.14,628,111.0,14.8,272.0,-0.1,9,273.0,0.6,340,102.0,10.2,242.0,-0.6,9,273.0,0.6,444,90.0,13.6,263.0
"2025-01-08 19:45:00",0.7,119.0,9.0,0.07,9,273.0,0.15,599,110.0,14.4,271.0,-0.1,9,273.0,0.7,310,102.0,9.7,227.0,-0.7,9,273.0,0.7,446,90.0,13.8,269.0
"2025-01-08 20:00:00",0.5,116.0,9.0,0.08,9,273.0,0.16,600,108.0,14.6,271.0,-0.1,9,273.0,0.6,361,105.0,10.5,232.0,-0.5,9,273.0,0.7,426,90.0,13.2,265.0
"2025-01-08 20:15:00",0.1,21.0,9.0,0.08,9,275.0,0.16,607,161.0,12.6,232.0,-0.1,9,275.0,0.7,419,150.0,9.6,203.0,0.0,9,275.0,2.1,456,127.0,11.5,231.0
"2025-01-08 20:30:00",0.4,115.0,9.0,0.07,9,273.0,0.15,556,111.0,13.7,272.0,-0.1,9,273.0,0.6,337,104.0,10.1,221.0,-0.4,9,273.0,0.6,427,89.0,13.2,261.0
"2025-01-08 20:45:00",0.3,96.0,9.0,0.05,9,273.0,0.15,545,106.0,13.8,267.0,-0.1,9,273.0,0.6,305,97.0,9.7,221.0,-0.2,9,273.0,0.6,398,84.0,13.3,265.0
"2025-01-08 21:00:00",0.4,118.0,9.0,0.03,9,272.0,0.13,617,116.0,14.3,271.0,-0.1,9,272.0,0.6,415,100.0,11.6,234.0,-0.4,9,272.0,0.5,531,93.0,14.4,267.0
"2025-01-08 21:15:00",0.5,129.0,9.0,0.06,9,275.0,0.15,563,125.0,12.4,249.0,0.0,9,275.0,0.8,326,112.0,8.7,194.0,-0.5,9,275.0,0.6,433,105.0,11.5,235.0
"2025-01-08 21:30:00",0.4,165.0,9.0,0.05,9,273.0,0.16,487,115.0,12.2,261.0,0.3,9,273.0,0.8,274,101.0,8.5,185.0,-0.3,9,273.0,0.8,335,94.0,10.8,243.0
"2025-01-08 21:45:00",0.6,133.0,9.0,0.08,9,271.0,0.15,587,114.0,13.8,267.0,0.0,9,271.0,0.9,366,99.0,10.6,227.0,-0.6,9,271.0,0.8,488,95.0,13.3,253.0
"2025-01-08 22:00:00",0.7,158.0,9.0,0.05,9,272.0,0.15,608,113.0,14.2,266.0,0.3,9,272.0,1.1,338,94.0,10.7,238.0,-0.6,9,272.0,0.8,455,89.0,13.5,260.0
"2025-01-08 22:15:00",0.5,142.0,9.0,0.04,9,274.0,0.19,540,148.0,11.7,236.0,0.1,9,274.0,0.9,372,132.0,9.3,184.0,-0.5,9,274.0,0.9,419,122.0,10.8,217.0
"2025-01-08 22:30:00",0.5,163.0,9.0,0.03,9,273.0,0.18,482,95.0,13.7,266.0,0.3,9,273.0,1.0,250,85.0,9.1,189.0,-0.4,9,273.0,0.9,314,79.0,11.8,251.0
"2025-01-08 22:45:00",0.8,178.0,9.0,0.03,9,273.0,0.16,502,97.0,13.8,266.0,0.6,9,273.0,0.9,244,89.0,8.6,175.0,-0.5,9,273.0,0.9,281,80.0,10.8,228.0
"2025-01-08 23:00:00",0.8,170.0,9.0,0.01,9,273.0,0.19,480,92.0,13.8,268.0,0.6,9,273.0,1.0,239,81.0,9.3,203.0,-0.6,9,273.0,1.2,268,75.0,10.9,242.0
"2025-01-08 23:15:00",0.7,167.0,9.0,0.01,9,275.0,0.19,386,87.0,12.3,246.0,0.4,9,275.0,1.4,217,83.0,8.1,173.0,-0.5,9,275.0,1.1,241,72.0,10.1,231.0
"2025-01-08 23:30:00",0.9,164.0,9.0,0.0,9,273.0,0.18,445,91.0,13.3,267.0,0.5,9,273.0,1.2,224,84.0,8.3,191.0,-0.7,9,273.0,1.3,256,73.0,10.7,247.0
"2025-01-08 23:45:00",0.5,194.0,9.0,-0.02,9,273.0,0.17,420,90.0,13.0,268.0,0.5,9,273.0,1.0,207,85.0,7.6,166.0,-0.2,9,273.0,0.8,236,74.0,9.8,238.0
"2025-01-09 00:00:00",0.7,155.0,9.0,0.03,9,272.0,0.21,469,130.0,11.8,235.0,0.3,9,272.0,1.7,268,116.0,7.5,162.0,-0.6,9,272.0,1.8,276,102.0,9.1,196.0
"2025-01-09 00:15:00",0.8,167.0,9.0,-0.01,9,276.0,0.17,441,91.0,12.8,248.0,0.5,9,276.0,1.3,220,87.0,7.7,168.0,-0.6,9,276.0,1.3,232,71.0,9.9,232.0
"2025-01-09 00:30:00",1.2,172.0,9.0,-0.02,9,273.0,0.19,409,91.0,12.7,266.0,0.8,9,273.0,1.2,223,89.0,7.8,178.0,-0.9,9,273.0,1.6,245,74.0,10.3,247.0
"2025-01-09 00:45:00",0.8,179.0,9.0,0.03,9,273.0,0.18,430,90.0,13.2,268.0,0.6,9,273.0,1.1,218,87.0,7.7,184.0,-0.5,9,273.0,1.0,246,72.0,10.4,243.0
"2025-01-09 01:00:00",0.7,170.0,9.0,0.04,9,274.0,0.17,409,92.0,12.6,264.0,0.5,9,274.0,1.1,212,90.0,7.3,159.0,-0.5,9,274.0,0.8,250,74.0,10.3,240.0
"2025-01-09 01:15:00",0.7,155.0,9.0,0.03,9,275.0,0.2,362,87.0,11.7,250.0,0.3,9,275.0,0.9,200,84.0,7.3,159.0,-0.6,9,275.0,1.3,231,74.0,9.6,229.0
"2025-01-09 01:30:00",0.2,125.0,9.0,0.03,9,273.0,0.19,361,92.0,11.5,256.0,0.0,9,273.0,0.9,208,91.0,7.0,153.0,-0.2,9,273.0,1.0,221,76.0,9.1,213.0
"2025-01-09 01:45:00",0.4,271.0,9.0,-0.01,9,274.0,0.21,425,139.0,10.5,225.0,0.2,9,274.0,0.9,256,117.0,6.9,133.0,0.3,9,274.0,3.1,273,108.0,8.5,211.0
"2025-01-09 02:00:00",0.6,184.0,9.0,0.02,9,273.0,0.17,413,84.0,13.3,266.0,0.5,9,273.0,1.0,198,78.0,7.9,186.0,-0.4,9,273.0,1.0,233,68.0,10.5,244.0
"2025-01-09 02:15:00",1.0,183.0,9.0,0.01,9,275.0,0.15,397,81.0,13.0,249.0,0.8,9,275.0,1.2,200,76.0,8.1,199.0,-0.6,9,275.0,1.4,226,67.0,10.1,237.0
"2025-01-09 02:30:00",1.1,174.0,9.0,0.04,9,274.0,0.18,429,86.0,13.5,272.0,0.8,9,274.0,1.3,227,79.0,8.9,216.0,-0.8,9,274.0,1.8,241,69.0,10.7,254.0
"2025-01-09 02:45:00",1.1,175.0,9.0,0.02,9,273.0,0.17,467,89.0,13.8,267.0,0.8,9,273.0,1.3,222,87.0,7.9,178.0,-0.8,9,273.0,1.3,253,71.0,10.8,256.0
"2025-01-09 03:00:00",1.3,181.0,9.0,0.02,9,273.0,0.18,448,87.0,13.8,270.0,1.0,9,273.0,1.4,222,91.0,7.5,173.0,-0.8,9,273.0,1.6,249,75.0,10.3,247.0
"2025-01-09 03:15:00",1.0,186.0,9.0,0.03,9,276.0,0.19,378,87.0,12.1,250.0,0.9,9,276.0,1.7,203,91.0,6.6,136.0,-0.5,9,276.0,1.0,225,70.0,9.7,227.0
"2025-01-09 03:30:00",0.9,158.0,9.0,0.05,9,273.0,0.2,401,95.0,12.0,263.0,0.4,9,273.0,1.2,216,97.0,6.8,138.0,-0.8,9,273.0,1.0,230,77.0,9.2,222.0
"2025-01-09 03:45:00",1.8,174.0,9.0,0.04,9,274.0,0.22,467,143.0,10.9,231.0,1.3,9,274.0,1.9,287,131.0,6.8,145.0,-1.3,9,274.0,2.1,304,117.0,8.8,215.0
"2025-01-09 04:00:00",1.5,166.0,9.0,0.06,9,273.0,0.22,370,92.0,11.7,259.0,1.0,9,273.0,1.6,222,97.0,7.0,152.0,-1.2,9,273.0,2.0,230,80.0,9.0,224.0
"2025-01-09 04:15:00",1.8,170.0,9.0,0.07,9,276.0,0.22,346,90.0,11.1,244.0,1.2,9,276.0,2.2,214,94.0,6.9,153.0,-1.3,9,276.0,2.1,224,78.0,8.8,217.0
"2025-01-09 04:30:00",1.3,174.0,9.0,0.04,9,273.0,0.21,391,93.0,12.0,262.0,0.9,9,273.0,2.0,225,95.0,7.2,159.0,-0.9,9,273.0,1.8,239,80.0,9.3,230.0
"2025-01-09 04:45:00",1.5,125.0,9.0,0.03,9,274.0,0.26,348,98.0,10.6,252.0,-0.1,9,274.0,1.5,237,100.0,7.2,152.0,-1.5,9,274.0,2.9,232,87.0,8.3,208.0
"2025-01-09 05:00:00",1.9,128.0,9.0,0.05,9,273.0,0.22,357,95.0,11.1,257.0,0.0,9,273.0,1.1,237,99.0,7.2,150.0,-1.9,9,273.0,3.4,238,87.0,8.5,215.0
"2025-01-09 05:15:00",3.4,106.0,9.0,0.18,9,275.0,0.26,362,121.0,9.1,218.0,-1.3,9,275.0,1.0,282,119.0,7.1,138.0,-3.2,2,275.0,3.1,283,120.0,7.2,159.0
"2025-01-09 05:30:00",1.2,112.0,9.0,0.12,9,273.0,0.2,375,120.0,9.9,234.0,-0.3,9,273.0,0.8,249,116.0,6.4,106.0,-1.2,9,273.0,1.8,267,108.0,7.9,192.0
"2025-01-09 05:45:00",0.4,117.0,9.0,0.08,9,273.0,0.19,339,98.0,10.6,249.0,-0.1,9,273.0,0.7,209,101.0,6.2,100.0,-0.4,9,273.0,0.9,235,86.0,8.6,211.0
"2025-01-09 06:00:00",1.1,96.0,9.0,0.09,9,273.0,0.25,344,97.0,10.6,254.0,-0.6,9,273.0,1.0,219,99.0,6.6,128.0,-1.0,9,273.0,2.1,241,88.0,8.5,204.0
"2025-01-09 06:15:00",1.5,119.0,9.0,0.11,9,276.0,0.21,336,100.0,10.1,241.0,-0.2,9,276.0,0.9,227,101.0,6.7,134.0,-1.5,9,276.0,2.7,229,91.0,7.6,193.0
"2025-01-09 06:30:00",4.5,123.0,9.0,0.18,9,273.0,0.27,415,109.0,11.1,257.0,-0.4,9,273.0,1.3,319,103.0,9.0,200.0,-4.5,2,273.0,3.9,323,103.0,9.0,223.0
"2025-01-09 06:45:00",4.3,120.0,9.0,0.19,9,273.0,0.3,392,111.0,10.5,247.0,-0.6,9,273.0,1.2,302,101.0,8.6,180.0,-4.2,2,273.0,4.6,318,104.0,9.0,218.0
"2025-01-09 07:00:00",3.9,120.0,9.0,0.21,9,273.0,0.31,383,121.0,9.9,246.0,-0.5,9,273.0,1.1,296,111.0,8.1,176.0,-3.9,2,273.0,4.2,289,112.0,8.0,210.0
"2025-01-09 07:15:00",4.4,119.0,9.0,0.2,9,276.0,0.25,368,106.0,10.3,240.0,-0.7,9,276.0,1.3,288,106.0,8.2,200.0,-4.4,2,276.0,4.2,265,106.0,7.6,193.0
"2025-01-09 07:30:00",3.7,121.0,9.0,0.21,9,273.0,0.29,398,104.0,11.4,262.0,-0.4,9,273.0,1.6,290,104.0,8.6,215.0,-3.7,2,273.0,3.6,290,105.0,8.7,240.0
"2025-01-09 07:45:00",3.8,129.0,9.0,0.17,9,273.0,0.27,436,111.0,11.6,264.0,0.1,9,273.0,1.7,307,114.0,8.4,212.0,-3.8,2,273.0,4.0,306,115.0,8.5,229.0
"2025-01-09 08:00:00",3.0,128.0,9.0,0.16,9,273.0,0.24,409,108.0,11.3,261.0,0.0,9,273.0,1.6,281,107.0,8.1,191.0,-3.0,2,273.0,3.4,297,107.0,8.8,240.0
"2025-01-09 08:15:00",5.1,127.0,9.0,0.17,9,276.0,0.28,453,109.0,11.7,250.0,-0.1,9,276.0,1.6,335,111.0,9.0,209.0,-5.1,2,276.0,3.9,341,115.0,9.0,237.0
"2025-01-09 08:30:00",5.3,124.0,9.0,0.28,9,273.0,0.38,468,124.0,11.4,261.0,-0.4,9,273.0,1.6,361,116.0,9.5,216.0,-5.2,2,273.0,3.9,370,128.0,9.1,236.0
"2025-01-09 08:45:00",4.4,121.0,9.0,0.21,9,273.0,0.24,443,109.0,11.8,257.0,-0.6,9,273.0,1.6,316,104.0,9.3,231.0,-4.4,2,273.0,3.7,330,112.0,9.1,245.0
"2025-01-09 09:00:00",4.9,119.0,9.0,0.25,9,273.0,0.3,404,106.0,11.4,259.0,-0.8,9,273.0,1.5,324,103.0,9.5,224.0,-4.8,2,273.0,3.7,320,107.0,9.2,247.0
"2025-01-09 09:15:00",2.9,125.0,9.0,0.17,9,275.0,0.26,375,100.0,11.0,250.0,-0.1,9,275.0,1.6,281,97.0,8.7,213.0,-2.9,2,275.0,2.9,276,93.0,9.1,241.0
"2025-01-09 09:30:00",2.4,123.0,9.0,0.15,9,273.0,0.22,365,96.0,11.2,264.0,-0.2,9,273.0,1.3,253,92.0,8.4,205.0,-2.4,2,273.0,2.8,268,91.0,9.2,249.0
"2025-01-09 09:45:00",3.2,120.0,9.0,0.14,9,273.0,0.29,377,151.0,8.1,183.0,-0.4,9,273.0,1.4,297,144.0,6.4,118.0,-3.2,2,273.0,3.5,296,133.0,7.0,159.0
"2025-01-09 10:00:00",2.8,120.0,9.0,0.1,2,273.0,0.26,372,131.0,9.1,221.0,-0.4,2,273.0,1.3,278,121.0,7.0,146.0,-2.7,2,273.0,3.1,278,113.0,7.6,189.0
"2025-01-09 10:15:00",3.0,131.0,9.0,0.09,2,276.0,0.29,351,123.0,8.6,199.0,0.2,2,276.0,1.6,250,115.0,6.4,127.0,-3.0,2,276.0,3.6,262,108.0,7.2,168.0
"2025-01-09 10:30:00",5.4,128.0,9.0,0.14,2,273.0,0.43,420,130.0,9.7,244.0,0.0,2,273.0,2.0,367,128.0,8.1,178.0,-5.4,2,273.0,4.4,338,121.0,8.2,206.0
"2025-01-09 10:45:00",7.5,126.0,9.0,0.1,2,273.0,0.37,584,154.0,10.6,241.0,-0.2,2,273.0,1.9,588,149.0,10.2,218.0,-7.5,2,273.0,4.5,506,152.0,9.1,212.0
"2025-01-09 11:00:00",5.6,122.0,9.0,0.1,2,273.0,0.34,424,132.0,9.2,233.0,-0.6,2,273.0,1.8,350,125.0,7.8,169.0,-5.5,2,273.0,5.0,360,127.0,7.8,176.0
"2025-01-09 11:15:00",6.0,120.0,9.0,0.15,2,275.0,0.37,413,145.0,8.5,201.0,-0.8,2,275.0,1.6,374,137.0,7.6,158.0,-6.0,2,275.0,4.3,355,131.0,7.6,165.0
"2025-01-09 11:30:00",6.4,123.0,9.0,0.13,2,273.0,0.35,487,153.0,9.3,216.0,-0.6,2,273.0,1.4,462,143.0,8.8,178.0,-6.4,2,273.0,4.1,408,143.0,8.2,185.0
"2025-01-09 11:45:00",8.0,125.0,9.0,0.2,2,273.0,0.44,634,161.0,10.9,247.0,-0.4,2,273.0,1.9,600,148.0,10.7,228.0,-8.0,2,273.0,3.3,582,150.0,10.3,229.0
"2025-01-09 12:00:00",8.1,124.0,9.0,0.27,2,273.0,0.41,748,150.0,13.0,267.0,-0.6,2,273.0,1.6,774,147.0,13.4,262.0,-8.1,2,273.0,2.4,686,148.0,12.1,249.0
"2025-01-09 12:15:00",8.4,122.0,9.0,0.3,2,275.0,0.43,798,159.0,12.8,247.0,-0.8,2,275.0,1.4,803,148.0,13.3,244.0,-8.4,2,275.0,1.7,766,154.0,12.3,243.0
"2025-01-09 12:30:00",6.9,122.0,9.0,0.27,2,273.0,0.42,687,144.0,12.4,261.0,-0.7,2,273.0,1.5,678,138.0,12.4,250.0,-6.9,2,273.0,2.9,653,147.0,11.4,243.0
"2025-01-09 12:45:00",1.7,141.0,9.0,0.25,2,273.0,0.39,374,122.0,9.4,232.0,0.4,2,273.0,1.5,288,110.0,7.7,162.0,-1.7,2,273.0,1.7,288,97.0,9.1,222.0
"2025-01-09 13:00:00",1.8,123.0,9.0,0.08,2,273.0,0.4,463,165.0,9.8,230.0,-0.1,2,273.0,2.2,376,145.0,8.4,193.0,-1.7,2,273.0,2.8,354,133.0,9.0,230.0
"2025-01-09 13:15:00",2.1,138.0,9.0,0.12,2,277.0,0.32,348,117.0,9.0,217.0,0.4,2,277.0,1.1,247,107.0,6.9,142.0,-2.1,2,277.0,2.0,247,97.0,7.8,184.0
"2025-01-09 13:30:00",2.1,134.0,9.0,0.23,2,275.0,0.28,335,120.0,8.7,218.0,0.2,2,275.0,1.0,256,108.0,7.1,149.0,-2.1,2,275.0,1.5,250,98.0,7.9,206.0
"2025-01-09 13:45:00",2.1,147.0,9.0,0.13,2,274.0,0.26,384,116.0,10.1,246.0,0.7,2,274.0,1.2,282,104.0,8.2,186.0,-2.0,2,274.0,1.7,275,95.0,8.9,226.0
"2025-01-09 14:00:00",2.4,139.0,9.0,0.18,2,275.0,0.28,380,114.0,10.1,244.0,0.4,2,275.0,1.1,277,106.0,7.9,181.0,-2.3,2,275.0,1.7,273,91.0,9.2,228.0
"2025-01-09 14:15:00",1.0,149.0,9.0,0.14,2,277.0,0.28,376,111.0,10.1,238.0,0.3,2,277.0,1.7,250,98.0,7.7,185.0,-0.9,2,277.0,1.2,253,79.0,9.6,221.0
"2025-01-09 14:30:00",2.2,120.0,9.0,0.2,2,274.0,0.33,502,169.0,10.0,228.0,-0.3,2,274.0,1.8,370,135.0,8.7,184.0,-2.1,2,274.0,1.9,349,121.0,9.4,222.0
"2025-01-09 14:45:00",1.3,127.0,9.0,0.09,2,275.0,0.22,414,117.0,10.6,243.0,0.0,2,275.0,1.3,239,99.0,7.3,166.0,-1.3,2,275.0,1.9,263,87.0,9.2,232.0
"2025-01-09 15:00:00",4.2,125.0,9.0,0.15,2,275.0,0.31,471,119.0,11.5,258.0,-0.3,2,275.0,1.1,329,102.0,9.5,217.0,-4.2,2,275.0,2.9,336,103.0,9.6,238.0
"2025-01-09 15:15:00",5.1,123.0,9.0,0.18,2,276.0,0.28,482,116.0,11.5,247.0,-0.5,2,276.0,1.0,377,106.0,10.0,217.0,-5.1,2,276.0,2.7,347,106.0,9.5,238.0
"2025-01-09 15:30:00",4.0,129.0,9.0,0.27,2,275.0,0.32,574,130.0,12.3,268.0,0.1,2,275.0,1.1,386,110.0,10.2,232.0,-4.0,2,275.0,2.3,428,114.0,10.8,265.0
"2025-01-09 15:45:00",2.2,136.0,9.0,0.14,2,273.0,0.21,455,120.0,11.2,254.0,0.3,2,273.0,0.9,282,101.0,8.4,199.0,-2.2,2,273.0,2.5,286,101.0,8.7,228.0
"2025-01-09 16:00:00",1.7,160.0,9.0,0.12,2,273.0,0.22,470,158.0,9.8,228.0,0.9,2,273.0,2.1,279,125.0,6.8,143.0,-1.4,2,273.0,2.5,293,123.0,7.7,186.0
"2025-01-09 16:15:00",0.6,134.0,9.0,0.07,9,275.0,0.2,373,113.0,9.8,228.0,0.1,9,275.0,0.9,206,100.0,6.1,111.0,-0.6,9,275.0,1.1,224,88.0,7.8,187.0
"2025-01-09 16:30:00",0.4,130.0,9.0,0.06,9,273.0,0.21,366,109.0,10.1,247.0,0.0,9,273.0,1.1,201,95.0,6.3,126.0,-0.4,9,273.0,1.0,222,84.0,8.2,199.0
"2025-01-09 16:45:00",0.6,157.0,9.0,0.06,2,273.0,0.2,352,105.0,10.1,240.0,0.3,2,273.0,1.0,198,93.0,6.4,125.0,-0.5,2,273.0,1.4,221,82.0,8.4,210.0
"2025-01-09 17:00:00",1.1,136.0,9.0,0.08,2,273.0,0.22,339,106.0,9.7,236.0,0.2,2,273.0,1.1,199,95.0,6.2,120.0,-1.1,2,273.0,1.5,229,84.0,8.5,207.0
"2025-01-09 17:15:00",1.7,126.0,9.0,0.1,2,275.0,0.26,418,138.0,9.8,217.0,0.0,2,275.0,1.6,265,116.0,7.0,155.0,-1.7,2,275.0,2.6,290,111.0,8.5,206.0
"2025-01-09 17:30:00",1.0,131.0,9.0,0.07,2,273.0,0.25,446,134.0,10.3,247.0,0.1,2,273.0,1.1,289,111.0,8.0,187.0,-1.0,2,273.0,1.3,322,109.0,9.3,223.0
"2025-01-09 17:45:00",2.4,134.0,9.0,0.12,2,273.0,0.28,429,111.0,11.2,253.0,0.2,2,273.0,1.5,324,99.0,9.4,212.0,-2.4,2,273.0,2.3,311,92.0,10.0,246.0
"2025-01-09 18:00:00",4.0,126.0,9.0,0.24,9,273.0,0.31,535,114.0,12.8,265.0,-0.2,9,273.0,1.5,454,104.0,11.9,254.0,-4.0,2,273.0,2.4,423,106.0,11.1,261.0
"2025-01-09 18:15:00",5.5,128.0,9.0,0.18,9,275.0,0.41,628,116.0,13.5,252.0,0.0,9,275.0,1.6,561,107.0,13.0,243.0,-5.5,2,275.0,2.8,538,114.0,12.3,252.0
"2025-01-09 18:30:00",5.6,124.0,9.0,0.32,9,273.0,0.47,650,117.0,14.3,273.0,-0.4,9,273.0,1.5,559,101.0,14.2,270.0,-5.6,2,273.0,2.4,555,114.0,13.0,267.0
"2025-01-09 18:45:00",5.3,126.0,9.0,0.26,9,273.0,0.3,540,108.0,13.5,266.0,-0.2,9,273.0,1.3,454,97.0,12.6,256.0,-5.3,2,273.0,2.8,452,112.0,11.5,271.0
"2025-01-09 19:00:00",4.9,129.0,9.0,0.3,9,273.0,0.34,497,107.0,12.9,270.0,0.0,9,273.0,1.3,415,92.0,12.0,253.0,-4.9,2,273.0,3.1,409,101.0,11.4,267.0
"2025-01-09 19:15:00",7.2,122.0,9.0,0.79,9,275.0,0.59,644,173.0,11.0,223.0,-0.7,9,275.0,1.9,545,139.0,11.3,221.0,-7.2,2,275.0,2.4,563,144.0,11.2,230.0
"2025-01-09 19:30:00",5.7,130.0,9.0,0.63,9,273.0,0.58,613,128.0,13.2,271.0,0.2,9,273.0,1.9,621,112.0,14.3,273.0,-5.7,2,273.0,2.6,620,120.0,13.9,272.0
"2025-01-09 19:45:00",3.8,142.0,9.0,0.45,9,273.0,0.46,533,114.0,13.1,272.0,0.9,9,273.0,2.0,535,109.0,13.2,270.0,-3.6,2,273.0,2.0,512,101.0,13.7,271.0
"2025-01-09 20:00:00",5.1,125.0,9.0,0.77,9,273.0,0.65,505,122.0,12.2,271.0,-0.3,9,273.0,2.1,535,106.0,13.5,269.0,-5.1,2,273.0,2.1,464,95.0,13.3,271.0
"2025-01-09 20:15:00",4.3,128.0,9.0,0.3,9,275.0,0.42,414,99.0,11.7,252.0,0.0,9,275.0,2.2,411,95.0,11.7,245.0,-4.3,2,275.0,2.6,358,87.0,11.5,254.0
"2025-01-09 20:30:00",4.6,137.0,9.0,0.38,9,273.0,0.7,506,117.0,12.4,272.0,0.7,9,273.0,3.0,514,119.0,12.2,266.0,-4.6,2,273.0,3.4,469,109.0,12.2,268.0
"2025-01-09 20:45:00",4.7,127.0,9.0,0.19,9,273.0,0.51,506,116.0,12.4,267.0,-0.1,9,273.0,2.6,499,120.0,11.5,250.0,-4.7,2,273.0,3.6,465,109.0,12.0,272.0
"2025-01-09 21:00:00",5.9,123.0,9.0,0.33,9,273.0,0.51,583,138.0,12.4,263.0,-0.5,9,273.0,2.4,610,143.0,11.9,256.0,-5.9,2,273.0,3.1,577,140.0,11.9,267.0
"2025-01-09 21:15:00",4.6,125.0,9.0,0.2,9,274.0,0.45,528,123.0,11.8,249.0,-0.2,9,274.0,2.1,567,128.0,11.5,244.0,-4.6,2,274.0,3.1,493,118.0,11.4,251.0
"2025-01-09 21:30:00",3.8,142.0,9.0,0.01,9,273.0,0.44,445,107.0,12.0,266.0,0.9,9,273.0,2.5,399,102.0,11.0,259.0,-3.7,2,273.0,3.6,408,106.0,11.2,272.0
"2025-01-09 21:45:00",4.8,124.0,9.0,0.15,9,273.0,0.74,578,138.0,12.0,271.0,-0.3,9,273.0,2.9,598,139.0,11.8,260.0,-4.8,2,273.0,3.9,575,138.0,12.0,267.0
"2025-01-09 22:00:00",7.3,128.0,9.0,0.56,9,273.0,0.6,777,159.0,13.3,270.0,0.0,9,273.0,2.4,844,168.0,13.6,272.0,-7.3,2,273.0,3.1,816,173.0,13.1,272.0
"2025-01-09 22:15:00",5.0,136.0,9.0,0.28,9,275.0,0.68,597,135.0,11.8,250.0,0.7,9,275.0,2.5,639,135.0,12.1,246.0,-4.9,2,275.0,3.9,590,135.0,11.6,249.0
"2025-01-09 22:30:00",7.5,125.0,9.0,0.92,9,273.0,0.92,827,185.0,12.3,264.0,-0.4,9,273.0,3.1,795,168.0,12.2,250.0,-7.5,2,273.0,3.5,804,171.0,12.8,268.0
"2025-01-09 22:45:00",7.5,131.0,9.0,1.23,9,273.0,0.98,749,189.0,11.3,254.0,0.4,9,273.0,3.1,641,151.0,11.7,250.0,-7.5,2,273.0,3.5,723,173.0,11.9,262.0
"2025-01-09 23:00:00",7.6,131.0,9.0,1.21,9,273.0,0.91,811,186.0,12.3,265.0,0.4,9,273.0,2.7,709,151.0,12.2,256.0,-7.6,2,273.0,3.1,813,168.0,13.1,271.0
"2025-01-09 23:15:00",5.3,131.0,9.0,0.83,9,275.0,0.82,641,157.0,11.3,251.0,0.3,9,275.0,3.1,657,150.0,11.4,248.0,-5.3,2,275.0,3.6,646,154.0,11.5,254.0
"2025-01-09 23:30:00",3.3,126.0,9.0,0.44,9,273.0,0.81,552,134.0,11.9,268.0,-0.1,9,273.0,2.7,538,135.0,11.3,261.0,-3.3,2,273.0,4.0,527,129.0,11.6,266.0
"2025-01-09 23:45:00",3.1,127.0,9.0,0.31,9,273.0,0.69,462,122.0,11.3,270.0,0.0,9,273.0,3.3,424,121.0,10.2,249.0,-3.1,2,273.0,3.8,453,114.0,11.5,270.0
"2025-01-10 00:00:00",6.2,133.0,9.0,0.81,9,273.0,0.86,724,171.0,11.8,262.0,0.5,9,273.0,2.7,751,171.0,12.2,263.0,-6.2,2,273.0,3.4,700,160.0,12.1,268.0
"2025-01-10 00:15:00",3.4,122.0,9.0,-0.11,9,274.0,0.7,501,130.0,10.8,239.0,-0.3,9,274.0,4.0,496,128.0,10.9,234.0,-3.4,2,274.0,4.3,476,115.0,11.2,250.0
"2025-01-10 00:30:00",5.1,121.0,9.0,0.13,9,273.0,0.45,468,115.0,11.4,254.0,-0.6,9,273.0,2.0,484,101.0,12.5,260.0,-5.1,2,273.0,2.9,423,96.0,11.8,268.0
"2025-01-10 00:45:00",3.1,124.0,9.0,0.19,9,273.0,0.31,382,111.0,10.6,247.0,-0.2,9,273.0,1.3,336,95.0,10.4,234.0,-3.1,2,273.0,1.9,338,86.0,11.4,257.0
"2025-01-10 01:00:00",2.4,125.0,9.0,0.07,9,273.0,0.26,385,96.0,11.5,260.0,-0.1,9,273.0,1.1,342,88.0,10.8,242.0,-2.4,2,273.0,1.4,362,80.0,12.4,261.0
"2025-01-10 01:15:00",2.4,142.0,9.0,0.07,9,275.0,0.23,400,102.0,11.2,241.0,0.6,9,275.0,1.0,349,90.0,10.9,234.0,-2.3,2,275.0,1.4,334,83.0,11.5,251.0
"2025-01-10 01:30:00",2.3,127.0,9.0,0.03,9,273.0,0.22,395,103.0,11.4,262.0,0.0,9,273.0,1.1,321,86.0,10.7,240.0,-2.3,9,273.0,1.7,290,82.0,10.7,259.0
"2025-01-10 01:45:00",3.0,128.0,9.0,0.04,9,272.0,0.21,451,109.0,11.8,251.0,0.0,9,272.0,1.2,349,92.0,10.8,240.0,-3.0,2,272.0,2.1,347,92.0,11.0,258.0
"2025-01-10 02:00:00",1.6,115.0,9.0,0.07,9,273.0,0.19,315,104.0,9.4,224.0,-0.4,9,273.0,0.8,239,90.0,8.0,177.0,-1.5,9,273.0,2.3,240,86.0,8.7,225.0
"2025-01-10 02:15:00",3.8,122.0,9.0,0.14,9,274.0,0.25,425,107.0,11.1,241.0,-0.4,9,274.0,1.2,355,96.0,10.0,209.0,-3.8,2,274.0,2.5,342,97.0,9.9,233.0
"2025-01-10 02:30:00",4.8,117.0,9.0,0.13,9,273.0,0.25,468,121.0,11.4,251.0,-0.9,9,273.0,1.2,402,108.0,11.0,237.0,-4.7,2,273.0,2.3,429,117.0,11.1,262.0
"2025-01-10 02:45:00",3.7,126.0,9.0,0.04,9,273.0,0.27,431,113.0,11.1,245.0,-0.1,9,273.0,1.2,387,101.0,11.0,246.0,-3.7,2,273.0,2.0,375,98.0,11.0,253.0
"2025-01-10 03:00:00",2.3,126.0,9.0,0.01,9,272.0,0.29,438,103.0,12.1,261.0,-0.1,9,272.0,1.1,415,94.0,12.1,258.0,-2.3,9,272.0,1.7,356,84.0,12.0,265.0
"2025-01-10 03:15:00",2.2,120.0,9.0,0.02,9,275.0,0.25,371,93.0,11.3,237.0,-0.3,9,275.0,1.2,339,85.0,10.8,235.0,-2.2,9,275.0,1.5,303,75.0,11.4,247.0
"2025-01-10 03:30:00",2.0,125.0,9.0,-0.02,9,274.0,0.19,352,96.0,11.0,259.0,-0.1,9,274.0,1.0,252,87.0,8.8,217.0,-2.0,9,274.0,1.7,272,80.0,10.3,256.0
"2025-01-10 03:45:00",0.8,156.0,9.0,0.02,9,273.0,0.19,339,99.0,10.2,240.0,0.4,9,273.0,1.1,267,90.0,8.9,202.0,-0.7,9,273.0,1.1,243,74.0,10.0,238.0
"2025-01-10 04:00:00",1.0,49.0,9.0,0.02,9,273.0,0.21,309,103.0,9.2,234.0,-1.0,9,273.0,1.2,224,95.0,7.1,143.0,-0.2,9,273.0,0.9,231,78.0,9.1,228.0
"2025-01-10 04:15:00",0.7,60.0,9.0,0.01,9,275.0,0.21,325,136.0,7.5,175.0,-0.6,9,275.0,2.4,230,113.0,5.7,92.0,-0.2,9,275.0,0.8,255,106.0,7.5,178.0
"2025-01-10 04:30:00",0.4,118.0,9.0,0.01,9,274.0,0.18,370,150.0,7.6,168.0,-0.1,9,274.0,1.1,228,128.0,4.9,56.0,-0.4,9,274.0,0.9,252,119.0,6.4,127.0
"2025-01-10 04:45:00",1.0,141.0,9.0,0.03,9,272.0,0.16,384,127.0,9.6,222.0,0.2,9,272.0,0.9,267,111.0,7.4,149.0,-0.9,9,272.0,1.1,287,108.0,8.4,198.0
"2025-01-10 05:00:00",0.5,98.0,9.0,0.04,9,273.0,0.19,348,98.0,10.8,254.0,-0.3,9,273.0,0.8,236,82.0,8.8,207.0,-0.5,9,273.0,0.7,290,81.0,10.8,243.0
"2025-01-10 05:15:00",3.2,123.0,9.0,0.0,9,275.0,0.25,439,166.0,8.3,173.0,-0.3,9,275.0,1.2,374,165.0,6.9,134.0,-3.2,9,275.0,2.2,381,179.0,6.5,127.0
"2025-01-10 05:30:00",2.3,134.0,0.0,-0.06,9,272.0,0.34,579,328.0,5.2,62.0,0.2,9,272.0,1.5,537,322.0,4.6,32.0,-2.3,9,272.0,3.4,610,372.0,4.5,31.0
"2025-01-10 05:45:00",2.4,142.0,0.0,-0.01,9,273.0,0.32,498,262.0,5.5,73.0,0.6,9,273.0,1.9,482,275.0,4.9,50.0,-2.3,9,273.0,2.2,527,316.0,4.5,31.0
"2025-01-10 06:00:00",2.4,146.0,9.0,-0.02,9,272.0,0.25,522,263.0,6.0,99.0,0.7,9,272.0,1.2,483,264.0,5.3,67.0,-2.3,9,272.0,1.6,517,307.0,4.6,41.0
"2025-01-10 06:15:00",6.6,200.0,0.0,-0.79,2,274.0,1.73,878,556.0,3.9,4.0,6.3,2,274.0,5.9,834,527.0,3.9,11.0,-2.1,2,274.0,4.7,948,601.0,3.9,7.0
"2025-01-10 06:30:00",3.3,51.0,0.0,0.0,2,273.0,0.49,683,424.0,4.1,13.0,-3.3,2,273.0,4.3,640,407.0,3.9,6.0,-0.7,2,273.0,0.5,727,474.0,3.7,3.0
"2025-01-10 06:45:00",4.0,120.0,0.0,-0.01,2,272.0,0.28,590,357.0,4.3,20.0,-0.6,2,272.0,3.5,565,357.0,4.0,10.0,-4.0,2,272.0,5.7,653,416.0,3.9,5.0
"2025-01-10 07:00:00",3.9,279.0,0.0,-0.23,2,273.0,0.44,844,526.0,4.1,11.0,1.9,2,273.0,5.7,773,492.0,3.9,3.0,3.4,2,273.0,6.4,871,571.0,3.6,4.0
"2025-01-10 07:15:00",3.0,95.0,0.0,-0.58,9,274.0,0.53,833,508.0,4.3,12.0,-1.6,9,274.0,2.6,762,471.0,4.1,17.0,-2.5,9,274.0,2.5,856,545.0,3.9,6.0
"2025-01-10 07:30:00",2.1,110.0,0.0,-1.44,2,273.0,1.68,926,579.0,4.0,8.0,-0.6,2,273.0,6.0,825,537.0,3.7,2.0,-2.0,2,273.0,0.0,1023,650.0,3.9,1.0
"2025-01-10 07:45:00",0.9,122.0,9.0,0.0,9,272.0,0.22,451,215.0,7.5,157.0,-0.1,9,272.0,1.0,377,205.0,6.2,104.0,-0.9,9,272.0,1.0,413,211.0,7.2,134.0
"2025-01-10 08:00:00",1.0,115.0,9.0,0.01,9,272.0,0.22,377,101.0,11.2,248.0,-0.2,9,272.0,1.0,257,89.0,8.8,198.0,-0.9,9,272.0,1.3,292,81.0,11.0,250.0
"2025-01-10 08:15:00",1.0,110.0,9.0,-0.06,9,275.0,0.2,351,93.0,11.0,241.0,-0.3,9,275.0,1.0,280,85.0,9.8,229.0,-1.0,9,275.0,1.0,276,71.0,11.3,247.0
"2025-01-10 08:30:00",0.9,107.0,9.0,0.02,9,272.0,0.24,345,93.0,11.1,262.0,-0.3,9,272.0,1.0,255,87.0,9.0,218.0,-0.8,9,272.0,1.0,275,69.0,11.8,267.0
"2025-01-10 08:45:00",0.9,135.0,9.0,-0.03,9,272.0,0.2,371,95.0,11.5,261.0,0.1,9,272.0,0.8,244,85.0,8.7,202.0,-0.9,9,272.0,1.2,263,67.0,11.6,267.0
"2025-01-10 09:00:00",0.6,125.0,9.0,-0.02,9,273.0,0.26,317,95.0,10.1,241.0,0.0,9,273.0,0.8,213,82.0,8.0,198.0,-0.6,9,273.0,0.9,266,70.0,11.4,261.0
"2025-01-10 09:15:00",1.5,109.0,9.0,-0.03,9,274.0,0.26,381,125.0,10.0,205.0,-0.5,9,274.0,1.0,291,112.0,8.6,171.0,-1.4,9,274.0,1.7,289,99.0,9.6,202.0
"2025-01-10 09:30:00",0.7,93.0,9.0,0.01,9,272.0,0.21,334,100.0,10.3,239.0,-0.4,9,272.0,0.9,232,88.0,8.2,166.0,-0.5,9,272.0,0.9,269,78.0,10.6,239.0
"2025-01-10 09:45:00",0.6,95.0,9.0,0.01,9,273.0,0.21,355,118.0,9.5,206.0,-0.3,9,273.0,1.1,250,98.0,8.0,155.0,-0.5,9,273.0,0.9,290,99.0,9.4,203.0
"2025-01-10 10:00:00",1.8,142.0,9.0,0.06,2,272.0,0.69,961,173.0,13.5,260.0,0.4,2,272.0,2.3,1058,190.0,12.9,241.0,-1.7,2,272.0,2.3,805,147.0,13.5,265.0
"2025-01-10 10:15:00",0.7,75.0,9.0,0.01,2,274.0,0.4,828,144.0,14.0,253.0,-0.6,2,274.0,1.8,965,153.0,14.6,253.0,-0.4,2,274.0,1.6,816,125.0,14.9,253.0
"2025-01-10 10:30:00",1.3,81.0,9.0,0.15,2,272.0,0.5,897,163.0,13.2,256.0,-0.9,2,272.0,1.7,863,146.0,13.3,245.0,-0.9,2,272.0,1.2,715,129.0,13.4,259.0
"2025-01-10 10:45:00",1.0,54.0,9.0,0.08,2,273.0,0.4,699,171.0,12.3,245.0,-1.0,2,273.0,1.5,679,154.0,12.5,248.0,-0.3,2,273.0,1.4,636,132.0,13.4,259.0
"2025-01-10 11:00:00",2.2,281.0,9.0,-0.05,2,273.0,0.94,1159,242.0,12.7,266.0,1.0,2,273.0,4.7,1228,240.0,13.1,262.0,2.0,2,273.0,4.2,996,212.0,12.5,260.0
"2025-01-10 11:15:00",2.9,295.0,9.0,-0.04,2,276.0,0.45,503,136.0,10.8,240.0,0.7,2,276.0,2.7,398,116.0,10.0,235.0,2.9,2,276.0,3.6,376,112.0,10.0,245.0
"2025-01-10 11:30:00",2.6,305.0,9.0,-0.04,2,273.0,0.51,535,140.0,11.3,258.0,0.1,2,273.0,2.2,465,123.0,10.9,253.0,2.6,2,273.0,3.1,427,117.0,11.0,262.0
"2025-01-10 11:45:00",2.2,277.0,9.0,-0.07,2,273.0,0.39,516,128.0,11.8,254.0,1.1,2,273.0,2.4,377,105.0,10.5,249.0,1.8,2,273.0,2.6,374,94.0,11.6,267.0
"2025-01-10 12:00:00",3.5,299.0,9.0,0.1,2,273.0,0.64,587,211.0,8.8,202.0,0.5,2,273.0,3.2,517,183.0,8.6,196.0,3.5,2,273.0,3.9,470,189.0,7.8,167.0
"2025-01-10 12:15:00",3.0,297.0,9.0,-0.03,2,275.0,0.35,513,176.0,9.3,217.0,0.6,2,275.0,2.4,468,154.0,9.3,221.0,2.9,2,275.0,3.3,406,145.0,8.8,211.0
"2025-01-10 12:30:00",1.3,274.0,9.0,-0.03,2,273.0,0.28,416,112.0,11.2,254.0,0.7,2,273.0,1.7,303,97.0,9.7,236.0,1.1,2,273.0,2.2,282,82.0,10.5,251.0
"2025-01-10 12:45:00",0.9,290.0,9.0,-0.02,2,273.0,0.26,422,142.0,9.4,216.0,0.3,2,273.0,2.0,301,127.0,7.5,169.0,0.8,2,273.0,2.0,306,121.0,8.3,195.0
"2025-01-10 13:00:00",2.0,306.0,9.0,-0.03,2,273.0,0.4,419,131.0,9.9,241.0,0.1,2,273.0,3.1,302,111.0,8.5,217.0,2.0,2,273.0,3.2,290,102.0,9.0,229.0
"2025-01-10 13:15:00",1.1,293.0,9.0,0.01,2,275.0,0.33,427,133.0,9.8,224.0,0.3,2,275.0,2.8,289,113.0,7.9,200.0,1.1,2,275.0,2.4,287,103.0,8.6,204.0
"2025-01-10 13:30:00",1.4,284.0,9.0,-0.03,2,273.0,0.32,428,129.0,10.3,247.0,0.6,2,273.0,2.4,305,115.0,8.5,217.0,1.2,2,273.0,2.3,308,104.0,9.4,238.0
"2025-01-10 13:45:00",1.1,305.0,9.0,-0.02,2,273.0,0.33,462,171.0,9.0,211.0,0.1,2,273.0,3.2,348,157.0,7.2,157.0,1.1,2,273.0,2.4,341,147.0,7.9,173.0
