"2025-01-07 00:00:00",4.9,115.0,9.0,0.09,2,273.0,0.24,763,130.0,15.0,272.0,-1.1,2,273.0,1.2,584,124.0,13.1,271.0,-4.7,2,273.0,5.2,584,180.0,10.0,266.0
"2025-01-07 00:15:00",6.2,119.0,9.0,0.1,2,276.0,0.31,785,140.0,14.0,253.0,-1.0,2,276.0,1.4,658,132.0,13.0,253.0,-6.1,2,276.0,4.9,643,184.0,10.1,255.0
"2025-01-07 00:30:00",7.3,119.0,9.0,0.14,2,273.0,0.31,882,157.0,14.7,272.0,-1.1,2,273.0,1.4,767,149.0,13.6,270.0,-7.3,2,273.0,4.9,697,208.0,10.1,271.0
"2025-01-07 00:45:00",5.9,120.0,9.0,0.03,2,273.0,0.27,762,144.0,14.3,268.0,-0.8,2,273.0,1.3,628,140.0,12.8,262.0,-5.8,2,273.0,5.5,599,188.0,9.8,264.0
"2025-01-07 01:00:00",5.4,123.0,9.0,0.07,2,274.0,0.26,770,135.0,14.8,270.0,-0.4,2,274.0,1.3,638,130.0,13.5,270.0,-5.4,2,274.0,5.1,594,184.0,10.0,270.0
"2025-01-07 01:15:00",6.3,124.0,9.0,0.16,2,275.0,0.3,723,134.0,13.7,252.0,-0.4,2,275.0,1.4,612,124.0,12.8,252.0,-6.3,2,275.0,5.1,587,177.0,9.8,249.0
"2025-01-07 01:30:00",5.5,126.0,9.0,0.15,2,274.0,0.3,789,140.0,14.6,272.0,-0.2,2,274.0,1.2,635,128.0,13.3,267.0,-5.5,2,274.0,5.0,661,191.0,10.5,269.0
"2025-01-07 01:45:00",5.6,125.0,9.0,0.15,2,273.0,0.27,811,142.0,14.8,271.0,-0.2,2,273.0,1.4,640,127.0,13.4,269.0,-5.6,2,273.0,4.8,647,189.0,10.3,265.0
"2025-01-07 02:00:00",5.2,122.0,9.0,0.19,9,274.0,0.28,764,134.0,14.8,271.0,-0.5,9,274.0,1.3,619,122.0,13.6,271.0,-5.2,2,274.0,4.5,592,173.0,10.5,271.0
"2025-01-07 02:15:00",6.4,124.0,9.0,0.2,9,274.0,0.31,821,151.0,13.9,254.0,-0.5,9,274.0,1.4,689,145.0,12.5,248.0,-6.4,2,274.0,4.4,680,189.0,10.3,250.0
"2025-01-07 02:30:00",6.2,129.0,9.0,0.24,9,273.0,0.36,835,162.0,14.1,266.0,0.1,9,273.0,1.3,774,150.0,13.8,268.0,-6.2,2,273.0,4.4,741,202.0,10.9,266.0
"2025-01-07 02:45:00",7.9,127.0,9.0,0.16,2,273.0,0.33,907,167.0,14.3,267.0,-0.1,2,273.0,1.4,773,146.0,13.7,271.0,-7.9,2,273.0,5.1,731,210.0,10.3,262.0
"2025-01-07 03:00:00",7.5,130.0,9.0,0.1,2,272.0,0.34,872,162.0,14.3,271.0,0.3,2,272.0,1.4,724,147.0,13.3,269.0,-7.5,2,272.0,5.1,729,209.0,10.3,262.0
"2025-01-07 03:15:00",7.6,127.0,9.0,0.0,2,275.0,0.33,845,159.0,13.6,251.0,-0.1,2,275.0,1.5,698,143.0,12.8,253.0,-7.6,2,275.0,5.0,741,206.0,10.1,249.0
"2025-01-07 03:30:00",7.1,124.0,9.0,0.11,9,273.0,0.28,898,154.0,14.9,271.0,-0.5,9,273.0,1.4,770,144.0,13.9,270.0,-7.1,2,273.0,4.5,753,201.0,10.8,261.0
"2025-01-07 03:45:00",6.7,131.0,9.0,0.15,9,272.0,0.32,882,165.0,14.2,270.0,0.4,9,272.0,1.6,773,147.0,13.7,270.0,-6.7,2,272.0,4.4,761,204.0,10.8,267.0
"2025-01-07 04:00:00",8.3,140.0,9.0,0.3,9,273.0,0.53,1137,231.0,13.4,268.0,1.8,9,273.0,2.0,1203,230.0,13.7,273.0,-8.1,2,273.0,3.5,1080,261.0,11.7,272.0
"2025-01-07 04:15:00",7.7,138.0,9.0,0.3,9,274.0,0.44,1120,223.0,13.1,252.0,1.4,9,274.0,2.0,1163,216.0,13.6,251.0,-7.6,2,274.0,3.3,1009,244.0,11.3,253.0
"2025-01-07 04:30:00",8.3,134.0,9.0,0.3,9,273.0,0.38,1124,209.0,14.1,270.0,0.8,9,273.0,1.6,1131,198.0,14.6,272.0,-8.2,2,273.0,2.8,1141,248.0,12.6,272.0
"2025-01-07 04:45:00",7.9,136.0,9.0,0.23,9,273.0,0.33,1084,194.0,14.5,270.0,1.1,9,273.0,1.6,1073,191.0,14.4,271.0,-7.8,2,273.0,2.8,1028,231.0,12.4,272.0
"2025-01-07 05:00:00",6.6,142.0,9.0,0.2,9,273.0,0.35,995,190.0,13.9,269.0,1.5,9,273.0,1.5,926,176.0,13.8,270.0,-6.4,2,273.0,2.7,894,208.0,12.0,271.0
"2025-01-07 05:15:00",6.6,144.0,9.0,0.23,9,274.0,0.32,925,184.0,13.1,253.0,1.9,9,274.0,1.9,849,172.0,12.8,252.0,-6.3,2,274.0,3.2,861,196.0,11.6,252.0
"2025-01-07 05:30:00",6.9,140.0,9.0,0.29,9,273.0,0.42,1121,204.0,14.4,273.0,1.5,9,273.0,1.8,1001,188.0,14.1,273.0,-6.8,2,273.0,2.8,994,219.0,12.6,273.0
"2025-01-07 05:45:00",6.4,143.0,9.0,0.19,9,272.0,0.42,1038,197.0,13.9,270.0,1.6,9,272.0,1.9,961,184.0,13.7,271.0,-6.2,2,272.0,3.2,942,209.0,12.6,271.0
"2025-01-07 06:00:00",6.2,137.0,9.0,0.29,9,273.0,0.41,981,187.0,13.8,267.0,1.0,9,273.0,1.7,879,163.0,13.9,271.0,-6.1,2,273.0,2.9,883,191.0,12.8,273.0
"2025-01-07 06:15:00",6.5,136.0,9.0,0.48,9,274.0,0.57,1336,253.0,13.3,251.0,0.9,9,274.0,2.2,1273,227.0,13.6,253.0,-6.5,2,274.0,2.6,1317,249.0,13.1,255.0
"2025-01-07 06:30:00",5.1,135.0,9.0,0.2,9,273.0,0.49,1625,248.0,15.9,273.0,0.6,9,273.0,1.7,1663,242.0,16.2,273.0,-5.1,2,273.0,2.1,1744,274.0,15.5,273.0
"2025-01-07 06:45:00",4.2,137.0,9.0,-0.04,9,272.0,0.43,1341,194.0,16.4,271.0,0.7,9,272.0,1.9,1311,190.0,16.3,272.0,-4.1,2,272.0,2.1,1342,220.0,15.2,272.0
"2025-01-07 07:00:00",5.0,131.0,9.0,0.1,9,273.0,0.4,1375,197.0,16.5,272.0,0.3,9,273.0,1.6,1297,185.0,16.3,273.0,-5.0,2,273.0,2.1,1382,222.0,15.2,273.0
"2025-01-07 07:15:00",5.4,129.0,9.0,0.1,9,274.0,0.33,1226,172.0,15.9,255.0,0.1,9,274.0,1.6,1162,173.0,15.2,255.0,-5.4,2,274.0,2.0,1254,206.0,14.4,255.0
"2025-01-07 07:30:00",4.6,137.0,9.0,0.23,9,272.0,0.36,1445,190.0,17.1,272.0,0.7,9,272.0,1.3,1306,176.0,16.8,272.0,-4.5,2,272.0,1.7,1452,210.0,16.4,272.0
"2025-01-07 07:45:00",5.2,141.0,9.0,0.26,9,273.0,0.4,1402,217.0,15.6,272.0,1.2,9,273.0,1.6,1506,225.0,15.8,273.0,-5.1,2,273.0,2.1,1465,238.0,15.0,271.0
"2025-01-07 08:00:00",4.1,143.0,9.0,0.14,9,272.0,0.32,1110,226.0,13.6,249.0,1.1,9,272.0,1.4,1069,192.0,14.0,261.0,-4.0,2,272.0,2.2,1082,216.0,13.2,250.0
"2025-01-07 08:15:00",5.1,139.0,9.0,0.25,9,275.0,0.3,1288,179.0,15.9,254.0,1.0,9,275.0,1.3,1194,176.0,15.4,254.0,-5.0,2,275.0,2.0,1206,193.0,14.5,254.0
"2025-01-07 08:30:00",4.7,135.0,9.0,0.14,9,271.0,0.35,1430,193.0,16.9,270.0,0.6,9,271.0,1.4,1338,185.0,16.6,271.0,-4.6,2,271.0,1.8,1464,220.0,15.9,271.0
"2025-01-07 08:45:00",3.3,153.0,9.0,0.01,9,271.0,0.25,956,134.0,16.7,271.0,1.4,9,271.0,1.0,825,132.0,15.5,269.0,-3.0,2,271.0,1.5,890,146.0,15.3,271.0
"2025-01-07 09:00:00",4.9,153.0,9.0,0.14,9,272.0,0.31,1029,161.0,15.6,272.0,2.1,9,272.0,1.5,910,154.0,14.7,270.0,-4.5,2,272.0,2.2,940,180.0,13.7,270.0
"2025-01-07 09:15:00",5.5,132.0,9.0,0.29,9,275.0,0.39,1180,194.0,14.4,252.0,0.3,9,275.0,1.8,1130,182.0,14.5,254.0,-5.5,2,275.0,2.4,1150,208.0,13.5,255.0
"2025-01-07 09:30:00",6.9,130.0,9.0,0.31,9,272.0,0.5,1582,237.0,16.2,270.0,0.2,9,272.0,1.8,1547,228.0,16.1,271.0,-6.9,2,272.0,2.4,1539,272.0,14.6,272.0
"2025-01-07 09:45:00",7.6,138.0,9.0,0.42,9,272.0,0.72,1519,317.0,13.0,256.0,1.3,9,272.0,2.7,1522,296.0,13.4,255.0,-7.5,2,272.0,3.2,1523,321.0,12.7,260.0
"2025-01-07 10:00:00",7.2,134.0,9.0,0.4,2,273.0,0.53,1338,235.0,14.5,271.0,0.8,2,273.0,1.9,1350,224.0,14.9,272.0,-7.1,2,273.0,2.7,1323,249.0,13.7,273.0
"2025-01-07 10:15:00",6.7,144.0,9.0,0.24,2,275.0,0.46,1161,224.0,12.9,251.0,1.9,2,275.0,1.9,1137,206.0,13.3,248.0,-6.4,2,275.0,2.9,1117,232.0,12.3,252.0
"2025-01-07 10:30:00",6.2,139.0,9.0,0.23,2,272.0,0.39,892,180.0,13.4,262.0,1.2,2,272.0,2.0,817,161.0,13.4,268.0,-6.0,2,272.0,3.4,790,193.0,11.6,271.0
"2025-01-07 10:45:00",7.2,140.0,9.0,0.12,2,272.0,0.42,835,160.0,14.0,267.0,1.5,2,272.0,2.1,798,148.0,14.1,271.0,-7.0,2,272.0,3.8,722,180.0,11.6,269.0
"2025-01-07 11:00:00",6.3,137.0,9.0,0.06,2,274.0,0.34,779,145.0,14.1,269.0,1.0,2,274.0,1.6,725,133.0,14.1,273.0,-6.2,2,274.0,3.4,649,168.0,11.4,272.0
"2025-01-07 11:15:00",7.2,135.0,9.0,0.07,2,275.0,0.3,775,146.0,13.6,250.0,0.9,2,275.0,1.3,684,132.0,13.2,253.0,-7.1,2,275.0,3.7,712,181.0,11.0,253.0
"2025-01-07 11:30:00",6.3,139.0,9.0,0.18,2,273.0,0.29,858,177.0,13.7,253.0,1.2,2,273.0,1.4,770,154.0,13.6,257.0,-6.2,2,273.0,3.3,728,197.0,10.9,256.0
"2025-01-07 11:45:00",1.5,153.0,9.0,0.04,2,273.0,0.22,562,113.0,13.6,268.0,0.6,2,273.0,1.2,374,98.0,11.3,258.0,-1.4,2,273.0,2.8,429,111.0,11.6,265.0
"2025-01-07 12:00:00",2.2,145.0,9.0,0.03,2,274.0,0.22,577,114.0,13.8,271.0,0.6,2,274.0,1.1,424,99.0,12.2,266.0,-2.1,2,274.0,3.5,430,121.0,11.0,271.0
"2025-01-07 12:15:00",5.4,132.0,9.0,0.0,2,275.0,0.26,650,118.0,13.8,254.0,0.4,2,275.0,1.2,540,108.0,12.9,254.0,-5.4,2,275.0,5.0,497,140.0,10.1,251.0
"2025-01-07 12:30:00",5.0,134.0,9.0,0.05,2,273.0,0.27,657,120.0,14.4,272.0,0.5,2,273.0,1.2,575,109.0,13.8,271.0,-5.0,2,273.0,4.7,504,147.0,10.5,270.0
"2025-01-07 12:45:00",4.8,129.0,9.0,0.09,2,274.0,0.35,692,128.0,14.3,271.0,0.1,2,274.0,1.5,550,114.0,13.2,268.0,-4.8,2,274.0,4.1,511,146.0,10.6,271.0
"2025-01-07 13:00:00",3.3,126.0,9.0,0.06,2,273.0,0.28,621,120.0,14.0,270.0,-0.1,2,273.0,1.2,506,104.0,13.2,264.0,-3.3,2,273.0,3.4,485,131.0,11.2,269.0
"2025-01-07 13:15:00",2.9,116.0,9.0,0.04,2,275.0,0.3,645,172.0,11.9,227.0,-0.6,2,275.0,1.3,501,142.0,11.0,230.0,-2.8,2,275.0,3.7,500,164.0,9.8,220.0
"2025-01-07 13:30:00",2.6,113.0,9.0,0.06,2,273.0,0.24,641,118.0,14.3,267.0,-0.7,2,273.0,1.0,458,105.0,12.3,258.0,-2.5,2,273.0,2.7,468,120.0,11.6,269.0
"2025-01-07 13:45:00",3.1,113.0,9.0,0.24,2,274.0,0.31,676,130.0,14.0,271.0,-0.8,2,274.0,1.1,581,112.0,13.6,268.0,-3.0,2,274.0,2.1,528,119.0,12.8,270.0
"2025-01-07 14:00:00",4.2,115.0,9.0,0.08,2,273.0,0.25,707,122.0,14.8,269.0,-1.0,2,273.0,1.2,541,112.0,12.9,267.0,-4.0,2,273.0,4.4,525,142.0,10.9,269.0
"2025-01-07 14:15:00",3.1,130.0,9.0,0.13,2,275.0,0.26,609,119.0,13.5,255.0,0.1,2,275.0,1.3,529,111.0,12.6,248.0,-3.1,2,275.0,3.0,448,119.0,11.0,253.0
"2025-01-07 14:30:00",3.8,132.0,9.0,0.35,2,273.0,0.43,759,149.0,14.0,271.0,0.3,2,273.0,1.5,631,125.0,13.2,266.0,-3.8,2,273.0,2.2,654,134.0,13.3,273.0
"2025-01-07 14:45:00",2.4,113.0,9.0,0.13,2,273.0,0.27,627,121.0,13.9,268.0,-0.6,2,273.0,1.1,417,105.0,11.4,258.0,-2.3,2,273.0,3.0,440,118.0,11.2,272.0
"2025-01-07 15:00:00",3.6,116.0,9.0,0.11,2,273.0,0.25,657,136.0,13.9,262.0,-0.7,2,273.0,1.3,444,118.0,11.5,248.0,-3.5,2,273.0,4.5,459,139.0,10.4,258.0
"2025-01-07 15:15:00",2.4,122.0,9.0,0.11,2,276.0,0.24,632,137.0,13.3,238.0,-0.2,2,276.0,1.2,397,116.0,10.4,197.0,-2.4,2,276.0,3.4,400,125.0,10.1,173.0
"2025-01-07 15:30:00",1.0,135.0,9.0,0.1,2,273.0,0.23,595,112.0,14.2,261.0,0.1,2,273.0,1.2,356,101.0,10.5,196.0,-1.0,2,273.0,1.3,415,101.0,12.3,232.0
"2025-01-07 15:45:00",1.2,110.0,9.0,0.07,2,273.0,0.23,597,113.0,14.2,257.0,-0.4,2,273.0,1.3,397,105.0,11.3,206.0,-1.1,2,273.0,1.8,404,105.0,11.8,227.0
"2025-01-07 16:00:00",3.5,128.0,9.0,0.2,2,273.0,0.36,677,138.0,13.8,254.0,0.0,2,273.0,1.9,519,120.0,12.1,233.0,-3.5,2,273.0,3.3,480,124.0,11.4,209.0
"2025-01-07 16:15:00",5.3,128.0,9.0,0.13,2,276.0,0.34,672,133.0,13.3,251.0,0.0,2,276.0,1.9,516,117.0,11.9,247.0,-5.3,2,276.0,4.4,503,138.0,10.5,251.0
"2025-01-07 16:30:00",4.1,122.0,9.0,0.11,2,273.0,0.29,729,128.0,14.7,269.0,-0.4,2,273.0,1.3,528,119.0,12.1,263.0,-4.1,2,273.0,4.0,535,139.0,11.3,265.0
"2025-01-07 16:45:00",1.4,133.0,9.0,0.14,2,273.0,0.22,628,124.0,13.7,267.0,0.1,2,273.0,1.3,411,104.0,11.5,258.0,-1.4,2,273.0,1.8,433,106.0,12.1,268.0
"2025-01-07 17:00:00",4.5,132.0,9.0,0.3,2,273.0,0.36,703,149.0,13.5,263.0,0.3,2,273.0,1.6,537,126.0,12.3,256.0,-4.5,2,273.0,3.4,534,148.0,10.8,260.0
"2025-01-07 17:15:00",2.3,138.0,9.0,0.44,2,275.0,0.76,728,150.0,13.2,254.0,0.4,2,275.0,2.5,571,128.0,12.1,253.0,-2.3,2,275.0,1.6,582,111.0,13.7,253.0
"2025-01-07 17:30:00",0.6,158.0,9.0,0.06,2,274.0,0.22,783,125.0,15.5,273.0,0.3,2,274.0,1.5,524,116.0,12.6,267.0,-0.5,2,274.0,1.3,542,103.0,14.5,268.0
"2025-01-07 17:45:00",0.7,105.0,9.0,0.08,2,273.0,0.22,697,115.0,15.3,269.0,-0.3,2,273.0,1.2,433,100.0,12.4,263.0,-0.7,2,273.0,1.5,504,97.0,14.3,267.0
"2025-01-07 18:00:00",2.1,131.0,9.0,0.14,9,273.0,0.26,732,123.0,15.2,269.0,0.1,9,273.0,1.8,573,116.0,13.6,271.0,-2.1,9,273.0,2.5,543,120.0,13.1,273.0
"2025-01-07 18:15:00",4.1,130.0,9.0,0.65,9,275.0,0.73,796,176.0,12.4,256.0,0.2,9,275.0,1.9,652,139.0,12.5,255.0,-4.1,2,275.0,2.3,709,140.0,13.2,256.0
"2025-01-07 18:30:00",3.2,130.0,9.0,0.35,9,273.0,0.43,818,158.0,14.1,268.0,0.1,9,273.0,2.1,727,139.0,13.9,272.0,-3.2,2,273.0,2.3,644,143.0,12.9,271.0
"2025-01-07 18:45:00",3.0,129.0,9.0,0.32,9,273.0,0.4,761,152.0,14.0,265.0,0.1,9,273.0,1.4,555,119.0,13.2,260.0,-3.0,2,273.0,2.3,537,131.0,12.2,270.0
"2025-01-07 19:00:00",2.1,130.0,9.0,0.3,9,274.0,0.42,704,146.0,13.6,268.0,0.1,9,274.0,1.3,475,108.0,12.3,262.0,-2.1,9,274.0,1.8,516,113.0,12.9,266.0
"2025-01-07 19:15:00",3.9,125.0,9.0,0.26,9,275.0,0.38,677,134.0,13.2,249.0,-0.2,9,275.0,1.4,498,109.0,12.0,249.0,-3.8,2,275.0,3.4,509,132.0,11.0,253.0
"2025-01-07 19:30:00",3.7,129.0,9.0,0.26,9,273.0,0.34,676,130.0,14.0,268.0,0.0,9,273.0,1.3,502,108.0,12.7,260.0,-3.7,2,273.0,3.5,486,130.0,11.3,268.0
"2025-01-07 19:45:00",4.8,124.0,9.0,0.35,9,273.0,0.47,701,140.0,13.8,270.0,-0.3,9,273.0,1.6,618,120.0,13.6,268.0,-4.7,2,273.0,3.7,550,141.0,11.6,270.0
"2025-01-07 20:00:00",4.7,135.0,9.0,0.41,9,273.0,0.49,705,147.0,13.4,267.0,0.5,9,273.0,1.9,601,122.0,13.3,268.0,-4.6,2,273.0,3.1,575,143.0,11.8,271.0
"2025-01-07 20:15:00",5.4,129.0,9.0,0.35,9,275.0,0.41,663,140.0,12.8,251.0,0.1,9,275.0,1.9,527,113.0,12.3,255.0,-5.4,2,275.0,3.9,508,136.0,10.8,255.0
"2025-01-07 20:30:00",2.3,147.0,9.0,0.3,9,273.0,0.53,611,146.0,12.5,263.0,0.7,9,273.0,1.8,470,118.0,11.7,261.0,-2.1,9,273.0,1.9,503,109.0,13.1,262.0
"2025-01-07 20:45:00",0.6,143.0,9.0,0.08,9,273.0,0.21,657,111.0,15.0,268.0,0.1,9,273.0,1.5,392,101.0,11.6,258.0,-0.5,9,273.0,1.2,458,90.0,14.0,267.0
"2025-01-07 21:00:00",2.0,147.0,9.0,0.18,9,273.0,0.32,602,121.0,13.8,268.0,0.7,9,273.0,1.6,448,108.0,12.1,262.0,-1.9,9,273.0,2.3,472,105.0,13.0,269.0
"2025-01-07 21:15:00",4.0,153.0,9.0,0.64,9,276.0,0.86,625,160.0,11.4,253.0,1.7,9,276.0,2.8,507,131.0,10.9,251.0,-3.6,2,276.0,2.0,529,113.0,12.7,254.0
"2025-01-07 21:30:00",2.1,144.0,9.0,0.18,9,273.0,0.28,651,118.0,14.5,269.0,0.6,9,273.0,1.6,434,105.0,11.9,261.0,-2.0,9,273.0,1.9,448,103.0,12.7,267.0
"2025-01-07 21:45:00",4.4,137.0,9.0,0.26,9,273.0,0.44,683,136.0,13.7,269.0,0.7,9,273.0,2.2,519,117.0,12.4,267.0,-4.4,2,273.0,4.1,532,136.0,11.5,269.0
"2025-01-07 22:00:00",4.7,138.0,9.0,0.44,9,274.0,0.66,648,146.0,13.0,274.0,0.8,9,274.0,2.6,516,124.0,11.8,258.0,-4.6,2,274.0,3.6,549,133.0,12.1,271.0
"2025-01-07 22:15:00",1.3,166.0,9.0,0.14,9,275.0,0.45,561,121.0,12.8,249.0,0.8,9,275.0,2.5,386,103.0,10.8,242.0,-1.0,9,275.0,1.4,393,86.0,12.7,249.0
"2025-01-07 22:30:00",1.9,157.0,9.0,0.09,9,273.0,0.34,585,116.0,13.8,267.0,0.9,9,273.0,1.9,388,98.0,11.6,258.0,-1.6,9,273.0,2.2,409,93.0,12.6,266.0
"2025-01-07 22:45:00",1.9,154.0,9.0,0.28,9,273.0,0.41,665,128.0,14.0,265.0,0.9,9,273.0,1.9,412,103.0,11.6,253.0,-1.7,9,273.0,1.6,484,96.0,13.8,267.0
"2025-01-07 23:00:00",1.2,142.0,9.0,0.12,9,273.0,0.23,616,104.0,15.0,272.0,0.3,9,273.0,1.2,353,91.0,11.6,265.0,-1.2,9,273.0,1.6,372,89.0,12.2,266.0
"2025-01-07 23:15:00",3.0,130.0,9.0,0.24,9,276.0,0.28,587,113.0,13.5,252.0,0.1,9,276.0,1.2,431,100.0,12.0,249.0,-3.0,2,276.0,2.7,422,107.0,11.4,253.0
"2025-01-07 23:30:00",3.1,121.0,9.0,0.13,9,273.0,0.27,626,113.0,14.5,267.0,-0.4,9,273.0,1.1,441,103.0,11.8,256.0,-3.0,2,273.0,4.0,424,115.0,11.2,270.0
"2025-01-07 23:45:00",2.4,122.0,9.0,0.11,9,273.0,0.21,636,113.0,14.6,268.0,-0.3,9,273.0,0.9,378,98.0,11.2,247.0,-2.4,2,273.0,3.8,406,118.0,10.5,262.0
"2025-01-08 00:00:00",2.9,129.0,9.0,0.07,9,273.0,0.22,639,113.0,14.6,269.0,0.1,9,273.0,1.0,420,107.0,11.4,254.0,-2.9,2,273.0,4.1,416,122.0,10.4,267.0
"2025-01-08 00:15:00",4.1,130.0,9.0,0.24,9,276.0,0.38,646,153.0,11.9,245.0,0.2,9,276.0,1.7,452,131.0,10.1,229.0,-4.1,2,276.0,3.6,445,137.0,9.7,241.0
"2025-01-08 00:30:00",3.7,130.0,9.0,0.39,9,273.0,0.6,735,158.0,13.3,268.0,0.1,9,273.0,2.0,613,142.0,12.0,265.0,-3.7,2,273.0,3.2,591,148.0,11.9,267.0
"2025-01-08 00:45:00",0.6,124.0,9.0,0.01,9,274.0,0.22,676,124.0,14.9,260.0,0.0,9,274.0,1.1,424,121.0,11.1,235.0,-0.6,9,274.0,1.2,452,113.0,12.8,243.0
"2025-01-08 01:00:00",0.4,108.0,9.0,0.1,9,273.0,0.18,710,98.0,16.8,268.0,-0.1,9,273.0,1.1,407,89.0,12.9,260.0,-0.3,9,273.0,0.7,502,77.0,16.1,273.0
"2025-01-08 01:15:00",0.3,79.0,9.0,0.11,9,276.0,0.13,725,105.0,15.7,254.0,-0.2,9,276.0,0.6,370,96.0,11.2,244.0,-0.2,9,276.0,0.4,544,71.0,16.6,255.0
"2025-01-08 01:30:00",0.7,108.0,9.0,0.08,9,273.0,0.18,799,108.0,17.1,272.0,-0.3,9,273.0,0.8,450,95.0,13.3,265.0,-0.7,9,273.0,0.9,466,81.0,14.9,272.0
"2025-01-08 01:45:00",0.4,140.0,9.0,0.08,9,274.0,0.17,729,100.0,16.8,274.0,0.1,9,274.0,0.7,374,91.0,12.0,260.0,-0.4,9,274.0,0.7,465,77.0,15.4,269.0
"2025-01-08 02:00:00",0.5,116.0,9.0,0.12,9,273.0,0.21,761,158.0,15.2,253.0,-0.1,9,273.0,1.2,413,123.0,11.2,240.0,-0.5,9,273.0,0.8,495,116.0,14.0,246.0
"2025-01-08 02:15:00",0.3,126.0,9.0,0.07,9,276.0,0.16,611,92.0,15.5,256.0,0.0,9,276.0,0.8,294,80.0,10.8,241.0,-0.3,9,276.0,0.8,393,67.0,14.6,253.0
"2025-01-08 02:30:00",0.3,107.0,9.0,0.08,9,273.0,0.16,744,139.0,15.3,255.0,-0.1,9,273.0,0.8,335,116.0,10.0,212.0,-0.3,9,273.0,0.8,422,133.0,11.6,233.0
"2025-01-08 02:45:00",0.3,146.0,9.0,0.08,9,273.0,0.18,708,107.0,16.0,272.0,0.1,9,273.0,0.5,347,95.0,11.3,235.0,-0.2,9,273.0,0.7,400,93.0,13.1,255.0
"2025-01-08 03:00:00",0.6,170.0,9.0,0.03,9,274.0,0.16,628,157.0,12.2,242.0,0.4,9,274.0,0.8,404,154.0,8.6,184.0,-0.4,9,274.0,1.0,456,169.0,9.2,194.0
"2025-01-08 03:15:00",1.2,142.0,9.0,0.1,9,275.0,0.18,654,104.0,15.1,254.0,0.3,9,275.0,0.9,440,93.0,12.9,251.0,-1.2,9,275.0,1.6,439,103.0,12.1,249.0
"2025-01-08 03:30:00",1.5,120.0,9.0,0.06,9,274.0,0.19,726,108.0,16.1,273.0,-0.2,9,274.0,1.1,474,104.0,12.7,264.0,-1.5,9,274.0,2.2,476,119.0,12.0,262.0
"2025-01-08 03:45:00",1.7,112.0,9.0,0.08,9,273.0,0.23,706,157.0,13.8,250.0,-0.5,9,273.0,1.3,470,133.0,11.3,247.0,-1.7,9,273.0,2.0,506,142.0,11.6,244.0
"2025-01-08 04:00:00",2.5,136.0,9.0,0.05,9,274.0,0.22,743,112.0,16.1,272.0,0.3,9,274.0,1.2,516,102.0,13.7,267.0,-2.5,9,274.0,2.6,553,125.0,12.9,273.0
"2025-01-08 04:15:00",2.1,128.0,9.0,0.05,9,275.0,0.21,664,110.0,14.7,255.0,0.0,9,275.0,1.0,449,103.0,12.1,250.0,-2.1,9,275.0,2.7,479,121.0,11.5,253.0
"2025-01-08 04:30:00",0.9,136.0,9.0,0.09,9,273.0,0.19,700,108.0,15.9,271.0,0.1,9,273.0,0.9,412,101.0,11.9,262.0,-0.9,9,273.0,1.2,471,96.0,13.8,268.0
"2025-01-08 04:45:00",0.5,144.0,9.0,0.05,9,274.0,0.16,667,108.0,15.4,267.0,0.1,9,274.0,0.8,410,99.0,12.1,265.0,-0.5,9,274.0,0.9,453,92.0,13.7,267.0
"2025-01-08 05:00:00",0.7,138.0,9.0,0.06,9,273.0,0.17,649,103.0,15.6,272.0,0.1,9,273.0,0.9,385,94.0,12.0,258.0,-0.7,9,273.0,1.2,484,94.0,14.1,268.0
"2025-01-08 05:15:00",0.3,145.0,9.0,0.02,9,275.0,0.18,633,104.0,14.9,253.0,0.1,9,275.0,0.8,359,95.0,10.9,235.0,-0.3,9,275.0,0.9,411,89.0,12.7,247.0
"2025-01-08 05:30:00",0.3,106.0,9.0,0.03,9,274.0,0.19,686,143.0,14.2,250.0,-0.1,9,274.0,1.4,402,120.0,10.8,240.0,-0.3,9,274.0,0.8,479,118.0,12.9,243.0
"2025-01-08 05:45:00",0.4,145.0,9.0,0.06,9,273.0,0.18,610,93.0,15.8,272.0,0.1,9,273.0,0.8,342,78.0,12.6,270.0,-0.3,9,273.0,0.6,461,71.0,16.1,268.0
"2025-01-08 06:00:00",0.1,86.0,9.0,0.05,9,273.0,0.2,589,97.0,15.4,272.0,-0.1,9,273.0,0.8,334,81.0,11.9,257.0,-0.1,9,273.0,0.7,423,73.0,15.0,268.0
"2025-01-08 06:15:00",0.3,143.0,9.0,0.05,9,276.0,0.18,599,97.0,14.9,252.0,0.1,9,276.0,1.0,308,82.0,10.9,240.0,-0.3,9,276.0,0.8,384,77.0,13.4,250.0
"2025-01-08 06:30:00",0.6,116.0,9.0,0.07,9,273.0,0.19,650,96.0,16.3,272.0,-0.1,9,273.0,1.1,373,83.0,12.6,266.0,-0.6,9,273.0,0.9,427,77.0,14.8,268.0
"2025-01-08 06:45:00",0.4,116.0,9.0,0.06,9,273.0,0.18,729,100.0,16.9,273.0,-0.1,9,273.0,0.8,387,83.0,12.9,262.0,-0.4,9,273.0,0.9,468,77.0,15.5,267.0
"2025-01-08 07:00:00",0.6,131.0,9.0,0.08,9,274.0,0.2,693,98.0,16.6,273.0,0.0,9,274.0,0.8,393,84.0,12.9,270.0,-0.6,9,274.0,0.9,490,77.0,15.9,269.0
"2025-01-08 07:15:00",0.7,120.0,9.0,0.13,9,275.0,0.21,692,138.0,14.1,231.0,-0.1,9,275.0,1.1,426,113.0,11.6,224.0,-0.7,9,275.0,1.2,491,110.0,13.2,229.0
"2025-01-08 07:30:00",0.8,110.0,9.0,0.14,9,273.0,0.21,699,113.0,15.5,273.0,-0.2,9,273.0,0.7,475,93.0,13.8,263.0,-0.7,9,273.0,1.0,465,85.0,14.6,270.0
"2025-01-08 07:45:00",0.5,96.0,9.0,0.12,9,273.0,0.15,771,105.0,17.1,272.0,-0.3,9,273.0,0.7,401,86.0,12.9,264.0,-0.4,9,273.0,0.7,437,74.0,15.1,271.0
"2025-01-08 08:00:00",0.9,86.0,9.0,0.2,9,273.0,0.21,715,104.0,16.3,272.0,-0.6,9,273.0,0.6,415,85.0,13.5,268.0,-0.7,9,273.0,0.6,431,76.0,15.0,271.0
"2025-01-08 08:15:00",0.7,76.0,9.0,0.17,9,276.0,0.15,641,112.0,14.4,254.0,-0.6,9,276.0,0.4,506,88.0,14.7,255.0,-0.5,9,276.0,0.6,401,80.0,13.5,254.0
"2025-01-08 08:30:00",0.2,229.0,9.0,0.05,9,273.0,0.14,898,103.0,18.5,272.0,0.2,9,273.0,0.7,361,89.0,11.9,257.0,0.0,9,273.0,0.6,603,80.0,17.4,269.0
"2025-01-08 08:45:00",0.2,243.0,9.0,0.02,9,273.0,0.13,870,104.0,18.1,271.0,0.2,9,273.0,0.6,404,89.0,12.8,259.0,0.1,9,273.0,0.6,493,80.0,15.6,268.0
"2025-01-08 09:00:00",0.1,199.0,9.0,0.04,9,274.0,0.16,775,124.0,16.2,265.0,0.1,9,274.0,0.7,424,103.0,12.3,250.0,0.0,9,274.0,0.7,531,95.0,15.3,262.0
"2025-01-08 09:15:00",0.3,128.0,9.0,0.07,9,275.0,0.15,720,125.0,15.2,250.0,0.0,9,275.0,0.7,330,102.0,10.2,191.0,-0.3,9,275.0,0.7,437,90.0,13.8,253.0
"2025-01-08 09:30:00",0.2,144.0,9.0,0.04,9,273.0,0.2,648,97.0,16.1,272.0,0.1,9,273.0,0.7,326,83.0,11.6,238.0,-0.2,9,273.0,0.6,458,75.0,15.5,267.0
"2025-01-08 09:45:00",0.6,111.0,9.0,0.08,9,273.0,0.19,659,96.0,16.3,272.0,-0.2,9,273.0,0.8,338,86.0,11.6,226.0,-0.6,9,273.0,1.2,419,79.0,14.2,264.0
"2025-01-08 10:00:00",0.2,199.0,9.0,0.01,9,273.0,0.2,631,96.0,15.9,268.0,0.2,9,273.0,0.9,358,84.0,12.2,240.0,-0.1,9,273.0,0.8,441,78.0,14.8,259.0
"2025-01-08 10:15:00",0.8,128.0,9.0,0.07,2,275.0,0.2,574,97.0,14.5,252.0,0.0,2,275.0,1.1,348,93.0,10.9,232.0,-0.8,2,275.0,1.5,401,86.0,12.7,246.0
"2025-01-08 10:30:00",1.0,136.0,9.0,0.02,2,273.0,0.2,639,100.0,15.7,272.0,0.1,2,273.0,1.1,381,92.0,11.8,255.0,-1.0,2,273.0,1.9,450,90.0,13.9,266.0
"2025-01-08 10:45:00",0.6,166.0,9.0,0.03,2,274.0,0.19,635,97.0,15.9,270.0,0.4,2,274.0,1.2,381,85.0,12.7,264.0,-0.5,2,274.0,1.0,427,77.0,14.8,268.0
"2025-01-08 11:00:00",0.6,144.0,9.0,-0.01,2,273.0,0.21,598,109.0,14.8,268.0,0.2,2,273.0,1.2,352,100.0,10.9,247.0,-0.6,2,273.0,1.4,385,92.0,12.5,262.0
"2025-01-08 11:15:00",0.5,110.0,9.0,0.04,9,275.0,0.18,558,89.0,14.9,255.0,-0.2,9,275.0,0.9,304,80.0,11.0,245.0,-0.5,9,275.0,1.0,333,69.0,13.0,251.0
"2025-01-08 11:30:00",0.2,132.0,9.0,0.0,9,272.0,0.18,574,96.0,15.1,268.0,0.0,9,272.0,1.0,317,88.0,10.8,254.0,-0.2,9,272.0,1.0,365,73.0,13.7,264.0
"2025-01-08 11:45:00",0.6,180.0,9.0,0.02,2,273.0,0.21,620,107.0,14.9,268.0,0.4,2,273.0,1.7,368,100.0,10.9,255.0,-0.3,2,273.0,0.9,388,80.0,13.4,266.0
"2025-01-08 12:00:00",0.6,129.0,9.0,0.01,9,273.0,0.2,610,101.0,15.1,270.0,0.0,9,273.0,0.9,365,95.0,11.5,251.0,-0.6,9,273.0,1.0,389,81.0,13.4,265.0
"2025-01-08 12:15:00",0.7,127.0,9.0,0.08,2,276.0,0.25,609,114.0,13.7,251.0,0.0,2,276.0,1.2,380,112.0,10.1,228.0,-0.7,2,276.0,1.1,409,81.0,13.4,248.0
"2025-01-08 12:30:00",0.9,163.0,9.0,0.01,2,273.0,0.22,654,115.0,14.7,271.0,0.5,2,273.0,1.5,391,117.0,10.1,243.0,-0.7,2,273.0,1.3,403,93.0,12.6,262.0
"2025-01-08 12:45:00",0.7,123.0,9.0,0.01,2,273.0,0.22,590,114.0,14.2,266.0,-0.1,2,273.0,1.2,358,107.0,10.5,244.0,-0.7,2,273.0,1.4,383,90.0,12.7,255.0
"2025-01-08 13:00:00",0.6,155.0,9.0,-0.01,2,273.0,0.2,613,106.0,14.9,269.0,0.3,2,273.0,1.5,366,103.0,10.9,261.0,-0.5,2,273.0,1.3,387,86.0,13.0,266.0
"2025-01-08 13:15:00",0.5,143.0,9.0,0.03,2,275.0,0.2,615,110.0,14.1,253.0,0.1,2,275.0,1.2,354,106.0,10.0,225.0,-0.5,2,275.0,1.4,379,80.0,12.9,250.0
"2025-01-08 13:30:00",0.6,137.0,9.0,0.04,2,273.0,0.23,642,113.0,14.7,271.0,0.1,2,273.0,1.4,357,113.0,9.7,237.0,-0.6,2,273.0,1.1,404,81.0,13.8,267.0
"2025-01-08 13:45:00",0.5,92.0,9.0,0.02,9,274.0,0.18,605,108.0,14.6,268.0,-0.3,9,274.0,1.2,378,108.0,10.6,245.0,-0.4,9,274.0,1.0,383,76.0,13.8,267.0
"2025-01-08 14:00:00",0.9,188.0,9.0,0.07,2,275.0,0.28,689,119.0,14.9,270.0,0.8,2,275.0,1.7,407,114.0,10.7,251.0,-0.5,2,275.0,1.1,441,81.0,14.5,269.0
"2025-01-08 14:15:00",0.3,159.0,9.0,0.06,2,276.0,0.2,616,95.0,15.3,255.0,0.2,2,276.0,0.9,327,87.0,11.0,239.0,-0.3,2,276.0,0.8,369,68.0,14.0,252.0
"2025-01-08 14:30:00",0.2,174.0,9.0,0.06,2,275.0,0.18,696,110.0,15.8,269.0,0.2,2,275.0,0.8,354,93.0,11.5,258.0,-0.2,2,275.0,0.9,411,78.0,14.6,266.0
"2025-01-08 14:45:00",0.4,203.0,9.0,0.04,2,275.0,0.16,857,116.0,16.9,273.0,0.4,2,275.0,1.0,404,106.0,11.4,266.0,-0.1,2,275.0,0.7,438,75.0,15.0,271.0
"2025-01-08 15:00:00",0.4,144.0,9.0,0.06,2,275.0,0.15,985,117.0,18.0,273.0,0.1,2,275.0,0.8,382,100.0,11.3,260.0,-0.3,2,275.0,0.6,493,71.0,16.4,273.0
"2025-01-08 15:15:00",0.5,168.0,9.0,0.06,2,275.0,0.15,984,112.0,17.8,255.0,0.3,2,275.0,0.9,409,91.0,12.5,249.0,-0.4,2,275.0,0.6,485,75.0,15.3,256.0
"2025-01-08 15:30:00",0.6,191.0,9.0,-0.01,2,273.0,0.16,1010,114.0,18.4,272.0,0.5,2,273.0,0.8,424,88.0,13.2,268.0,-0.2,2,273.0,0.7,482,75.0,15.9,272.0
"2025-01-08 15:45:00",0.4,166.0,9.0,0.03,2,273.0,0.13,1172,113.0,19.8,271.0,0.2,2,273.0,0.8,411,87.0,13.1,269.0,-0.3,2,273.0,0.7,518,79.0,16.0,270.0
"2025-01-08 16:00:00",0.4,164.0,9.0,0.07,9,273.0,0.14,957,112.0,18.0,270.0,0.2,9,273.0,0.8,407,95.0,12.4,264.0,-0.3,9,273.0,0.7,515,82.0,15.6,270.0
"2025-01-08 16:15:00",0.3,177.0,9.0,0.07,2,275.0,0.13,937,121.0,16.9,252.0,0.2,2,275.0,0.8,380,100.0,11.3,242.0,-0.2,2,275.0,0.7,458,85.0,14.2,252.0
"2025-01-08 16:30:00",0.4,131.0,9.0,0.12,9,273.0,0.15,1025,122.0,17.8,273.0,0.0,9,273.0,0.8,360,101.0,10.8,254.0,-0.4,9,273.0,0.6,518,87.0,15.2,271.0
"2025-01-08 16:45:00",0.4,97.0,9.0,0.14,9,273.0,0.15,1068,118.0,18.5,272.0,-0.2,9,273.0,0.8,357,99.0,10.9,256.0,-0.3,9,273.0,0.7,488,89.0,14.5,270.0
"2025-01-08 17:00:00",0.3,121.0,9.0,0.08,9,273.0,0.12,1160,121.0,19.1,272.0,0.0,9,273.0,0.7,386,99.0,11.6,255.0,-0.3,9,273.0,0.6,541,87.0,15.5,270.0
"2025-01-08 17:15:00",0.5,158.0,9.0,0.1,2,275.0,0.13,1156,129.0,17.9,253.0,0.3,2,275.0,0.9,403,104.0,11.1,243.0,-0.5,2,275.0,0.7,552,93.0,14.6,253.0
"2025-01-08 17:30:00",0.5,145.0,9.0,0.1,2,273.0,0.17,1003,128.0,17.1,271.0,0.1,2,273.0,0.8,458,107.0,12.5,268.0,-0.4,2,273.0,0.7,620,100.0,15.6,272.0
"2025-01-08 17:45:00",0.2,132.0,9.0,0.06,2,273.0,0.14,893,126.0,16.4,267.0,0.0,2,273.0,0.8,420,106.0,11.8,261.0,-0.2,2,273.0,0.5,638,95.0,16.3,272.0
"2025-01-08 18:00:00",0.5,121.0,9.0,0.11,9,273.0,0.15,1078,131.0,17.6,271.0,-0.1,9,273.0,0.8,433,112.0,11.3,247.0,-0.5,9,273.0,0.7,574,96.0,15.1,269.0
"2025-01-08 18:15:00",0.3,135.0,9.0,0.06,9,275.0,0.16,1199,134.0,17.6,256.0,0.0,9,275.0,0.7,452,112.0,11.7,243.0,-0.3,9,275.0,0.6,601,101.0,14.6,254.0
"2025-01-08 18:30:00",0.6,115.0,9.0,0.11,9,273.0,0.15,1026,143.0,16.7,267.0,-0.1,9,273.0,0.8,423,129.0,10.3,238.0,-0.6,9,273.0,0.6,601,111.0,14.7,268.0
"2025-01-08 18:45:00",0.8,117.0,9.0,0.09,9,272.0,0.17,1041,148.0,16.6,271.0,-0.2,9,272.0,0.7,496,130.0,11.4,247.0,-0.8,9,272.0,0.9,607,119.0,13.8,266.0
"2025-01-08 19:00:00",0.9,132.0,9.0,0.11,9,273.0,0.16,967,133.0,16.9,272.0,0.1,9,273.0,0.8,487,116.0,12.3,264.0,-0.9,9,273.0,0.8,638,113.0,15.0,268.0
"2025-01-08 19:15:00",0.9,132.0,9.0,0.09,9,275.0,0.16,973,129.0,16.4,253.0,0.1,9,275.0,0.8,469,107.0,12.1,248.0,-0.9,9,275.0,1.0,593,106.0,14.1,252.0
"2025-01-08 19:30:00",0.4,98.0,9.0,0.11,9,273.0,0.17,967,131.0,17.0,273.0,-0.2,9,273.0,0.7,429,108.0,11.7,254.0,-0.4,9,273.0,0.8,546,100.0,14.5,271.0
"2025-01-08 19:45:00",0.3,124.0,9.0,0.07,9,273.0,0.16,969,131.0,17.0,271.0,0.0,9,273.0,0.7,434,110.0,11.8,253.0,-0.3,9,273.0,0.8,602,100.0,15.3,271.0
"2025-01-08 20:00:00",0.4,124.0,9.0,0.09,9,273.0,0.16,998,130.0,17.4,272.0,0.0,9,273.0,0.8,455,110.0,12.1,253.0,-0.4,9,273.0,0.7,579,99.0,15.1,269.0
"2025-01-08 20:15:00",0.1,323.0,9.0,0.1,9,275.0,0.16,1024,179.0,15.6,237.0,0.0,9,275.0,1.0,523,160.0,11.1,222.0,0.1,9,275.0,2.3,612,138.0,13.6,236.0
"2025-01-08 20:30:00",0.2,162.0,9.0,0.07,9,273.0,0.17,866,128.0,16.2,272.0,0.1,9,273.0,0.7,424,110.0,11.7,260.0,-0.1,9,273.0,0.6,558,101.0,14.6,268.0
"2025-01-08 20:45:00",0.1,95.0,9.0,0.06,9,273.0,0.16,953,124.0,17.2,271.0,-0.1,9,273.0,0.6,433,106.0,12.1,253.0,-0.1,9,273.0,0.6,567,93.0,15.4,272.0
"2025-01-08 21:00:00",0.1,147.0,9.0,0.02,9,272.0,0.16,1031,133.0,17.4,272.0,0.0,9,272.0,0.7,459,106.0,12.4,262.0,-0.1,9,272.0,0.7,618,97.0,15.7,272.0
"2025-01-08 21:15:00",0.3,150.0,9.0,0.01,9,275.0,0.15,962,140.0,15.6,255.0,0.1,9,275.0,0.8,439,122.0,10.6,228.0,-0.2,9,275.0,0.8,574,112.0,13.4,248.0
"2025-01-08 21:30:00",0.6,169.0,9.0,0.05,9,273.0,0.17,895,140.0,15.7,269.0,0.4,9,273.0,1.0,461,117.0,11.6,245.0,-0.4,9,273.0,0.9,526,111.0,13.3,264.0
"2025-01-08 21:45:00",0.7,162.0,9.0,0.05,9,271.0,0.17,1076,136.0,17.1,271.0,0.4,9,271.0,0.9,505,112.0,12.8,252.0,-0.6,9,271.0,1.2,614,114.0,14.3,261.0
"2025-01-08 22:00:00",0.5,174.0,9.0,0.05,9,272.0,0.16,1156,136.0,17.8,270.0,0.4,9,272.0,1.0,493,106.0,13.0,260.0,-0.4,9,272.0,0.8,595,108.0,14.5,265.0
"2025-01-08 22:15:00",0.7,153.0,9.0,0.06,9,274.0,0.2,999,168.0,15.4,250.0,0.3,9,274.0,1.1,509,139.0,11.6,225.0,-0.6,9,274.0,1.1,560,140.0,12.5,232.0
"2025-01-08 22:30:00",0.4,163.0,9.0,0.04,9,273.0,0.15,976,122.0,17.5,272.0,0.3,9,273.0,0.9,421,98.0,12.3,259.0,-0.4,9,273.0,0.9,492,95.0,14.0,266.0
"2025-01-08 22:45:00",0.5,171.0,9.0,0.03,9,273.0,0.16,890,119.0,17.0,271.0,0.3,9,273.0,1.1,421,101.0,12.3,259.0,-0.4,9,273.0,0.8,492,97.0,13.8,261.0
"2025-01-08 23:00:00",0.6,192.0,9.0,0.01,9,273.0,0.14,899,115.0,17.4,273.0,0.6,9,273.0,1.0,413,96.0,12.4,257.0,-0.3,9,273.0,0.8,477,92.0,14.1,261.0
"2025-01-08 23:15:00",0.5,187.0,9.0,0.0,9,275.0,0.17,751,106.0,16.0,256.0,0.4,9,275.0,0.8,389,93.0,12.0,249.0,-0.2,9,275.0,0.8,445,87.0,13.5,248.0
"2025-01-08 23:30:00",0.4,172.0,9.0,0.01,9,273.0,0.17,821,109.0,17.0,271.0,0.3,9,273.0,1.0,386,94.0,12.0,261.0,-0.3,9,273.0,0.8,473,89.0,14.3,265.0
"2025-01-08 23:45:00",0.4,186.0,9.0,-0.02,9,273.0,0.17,790,110.0,16.6,269.0,0.3,9,273.0,0.7,379,96.0,11.7,253.0,-0.2,9,273.0,0.7,459,90.0,13.9,266.0
"2025-01-09 00:00:00",0.4,186.0,9.0,-0.01,9,272.0,0.17,845,146.0,15.6,253.0,0.4,9,272.0,0.9,409,125.0,10.6,222.0,-0.2,9,272.0,1.1,467,118.0,12.3,243.0
"2025-01-09 00:15:00",0.5,182.0,9.0,-0.04,9,276.0,0.16,794,108.0,16.3,256.0,0.4,9,276.0,0.9,387,99.0,11.4,245.0,-0.3,9,276.0,1.0,426,86.0,13.2,250.0
"2025-01-09 00:30:00",0.6,175.0,9.0,0.01,9,273.0,0.17,836,110.0,17.1,271.0,0.5,9,273.0,0.8,397,98.0,11.9,256.0,-0.4,9,273.0,1.1,465,88.0,14.2,267.0
"2025-01-09 00:45:00",0.5,207.0,9.0,-0.01,9,273.0,0.17,820,110.0,17.0,271.0,0.5,9,273.0,0.9,392,99.0,11.6,260.0,-0.1,9,273.0,0.7,472,86.0,14.5,268.0
"2025-01-09 01:00:00",0.4,198.0,9.0,0.01,9,274.0,0.17,794,109.0,16.7,272.0,0.4,9,274.0,0.8,397,100.0,11.7,259.0,-0.1,9,274.0,0.7,451,90.0,13.7,268.0
"2025-01-09 01:15:00",0.6,155.0,9.0,0.03,9,275.0,0.18,679,105.0,15.2,255.0,0.3,9,275.0,0.8,387,94.0,11.7,244.0,-0.5,9,275.0,1.1,417,90.0,12.7,249.0
"2025-01-09 01:30:00",0.3,126.0,9.0,0.03,9,273.0,0.18,724,111.0,15.7,272.0,0.0,9,273.0,0.9,364,100.0,11.0,251.0,-0.3,9,273.0,0.8,434,93.0,13.1,264.0
"2025-01-09 01:45:00",0.4,141.0,9.0,0.03,9,274.0,0.21,733,157.0,14.1,256.0,0.1,9,274.0,0.9,415,130.0,10.6,218.0,-0.4,9,274.0,1.5,453,125.0,11.7,239.0
"2025-01-09 02:00:00",0.4,187.0,9.0,0.02,9,273.0,0.16,808,102.0,17.5,271.0,0.4,9,273.0,0.9,381,91.0,12.1,263.0,-0.2,9,273.0,0.8,437,84.0,14.1,267.0
"2025-01-09 02:15:00",0.7,196.0,9.0,0.01,9,275.0,0.15,766,101.0,16.3,254.0,0.6,9,275.0,1.0,337,86.0,11.3,248.0,-0.2,9,275.0,1.0,410,82.0,13.3,248.0
"2025-01-09 02:30:00",0.7,190.0,9.0,0.01,9,274.0,0.17,844,107.0,17.5,272.0,0.6,9,274.0,1.0,394,91.0,12.4,263.0,-0.3,9,274.0,1.1,441,85.0,14.1,268.0
"2025-01-09 02:45:00",0.7,205.0,9.0,0.0,9,273.0,0.17,804,108.0,17.0,273.0,0.7,9,273.0,1.1,396,99.0,11.8,268.0,-0.2,9,273.0,0.8,459,87.0,14.1,267.0
"2025-01-09 03:00:00",0.7,193.0,9.0,0.0,9,273.0,0.17,819,107.0,17.2,272.0,0.6,9,273.0,1.0,401,102.0,11.6,258.0,-0.3,9,273.0,1.0,467,93.0,13.8,264.0
"2025-01-09 03:15:00",0.6,201.0,9.0,0.01,9,276.0,0.17,720,105.0,15.8,255.0,0.6,9,276.0,1.0,354,101.0,10.4,242.0,-0.2,9,276.0,0.7,442,84.0,13.6,249.0
"2025-01-09 03:30:00",0.5,168.0,9.0,0.05,9,273.0,0.17,763,112.0,16.1,270.0,0.3,9,273.0,1.0,381,107.0,10.7,251.0,-0.4,9,273.0,0.8,463,93.0,13.6,266.0
"2025-01-09 03:45:00",0.7,172.0,9.0,0.04,9,274.0,0.18,875,163.0,15.1,259.0,0.5,9,274.0,1.5,455,144.0,10.2,231.0,-0.5,9,274.0,1.3,530,138.0,12.2,243.0
"2025-01-09 04:00:00",0.8,191.0,9.0,0.02,9,273.0,0.18,748,113.0,15.9,271.0,0.7,9,273.0,1.4,387,110.0,10.7,252.0,-0.4,9,273.0,1.0,449,101.0,12.7,264.0
"2025-01-09 04:15:00",1.0,169.0,9.0,0.05,9,276.0,0.17,675,108.0,14.9,254.0,0.7,9,276.0,1.2,372,106.0,10.4,238.0,-0.7,9,276.0,1.5,409,97.0,11.9,246.0
"2025-01-09 04:30:00",0.7,166.0,9.0,0.06,9,273.0,0.2,720,113.0,15.7,268.0,0.4,9,273.0,1.4,406,110.0,11.1,249.0,-0.5,9,273.0,1.3,453,100.0,12.9,265.0
"2025-01-09 04:45:00",1.1,127.0,9.0,0.03,9,274.0,0.2,709,115.0,15.3,274.0,0.0,9,274.0,1.1,402,111.0,10.9,251.0,-1.1,9,274.0,2.5,422,110.0,11.5,262.0
"2025-01-09 05:00:00",0.8,126.0,9.0,0.04,9,273.0,0.2,712,112.0,15.6,273.0,0.0,9,273.0,0.8,401,110.0,10.9,256.0,-0.8,9,273.0,2.0,450,109.0,12.1,260.0
"2025-01-09 05:15:00",1.7,107.0,9.0,0.11,9,275.0,0.22,685,137.0,13.3,254.0,-0.6,9,275.0,0.9,441,129.0,10.1,229.0,-1.6,9,275.0,2.1,474,140.0,10.1,239.0
"2025-01-09 05:30:00",0.8,115.0,9.0,0.11,9,273.0,0.2,722,138.0,14.2,263.0,-0.2,9,273.0,0.7,438,126.0,10.5,231.0,-0.8,9,273.0,1.3,491,126.0,11.8,257.0
"2025-01-09 05:45:00",0.1,98.0,9.0,0.05,9,273.0,0.17,682,114.0,14.9,266.0,0.0,9,273.0,0.7,351,108.0,9.9,233.0,-0.1,9,273.0,0.6,441,97.0,12.8,264.0
"2025-01-09 06:00:00",0.8,109.0,9.0,0.07,9,273.0,0.18,699,114.0,15.3,271.0,-0.3,9,273.0,0.7,388,107.0,10.8,249.0,-0.7,9,273.0,2.1,445,110.0,12.0,261.0
"2025-01-09 06:15:00",1.9,121.0,9.0,0.12,9,276.0,0.21,671,121.0,14.0,251.0,-0.2,9,276.0,0.9,410,111.0,10.8,235.0,-1.9,9,276.0,3.1,441,124.0,10.6,248.0
"2025-01-09 06:30:00",3.8,123.0,9.0,0.18,9,273.0,0.25,755,132.0,14.7,270.0,-0.3,9,273.0,1.2,530,119.0,12.4,265.0,-3.7,2,273.0,4.0,548,152.0,11.0,266.0
"2025-01-09 06:45:00",5.5,124.0,9.0,0.19,9,273.0,0.28,806,144.0,14.6,272.0,-0.4,9,273.0,1.3,636,127.0,13.3,266.0,-5.5,2,273.0,4.5,638,173.0,10.9,268.0
"2025-01-09 07:00:00",4.2,123.0,9.0,0.19,9,273.0,0.29,720,146.0,13.8,264.0,-0.3,9,273.0,1.1,525,128.0,12.1,260.0,-4.2,2,273.0,4.4,524,158.0,10.1,260.0
"2025-01-09 07:15:00",1.5,110.0,9.0,0.12,9,276.0,0.2,636,121.0,13.6,253.0,-0.5,9,276.0,1.2,416,114.0,10.7,246.0,-1.5,9,276.0,2.7,430,128.0,10.2,252.0
"2025-01-09 07:30:00",1.5,124.0,9.0,0.14,9,273.0,0.24,666,124.0,14.3,269.0,-0.1,9,273.0,1.3,467,119.0,11.5,261.0,-1.5,9,273.0,2.3,486,133.0,11.1,265.0
"2025-01-09 07:45:00",2.1,132.0,9.0,0.11,9,273.0,0.23,718,131.0,14.4,268.0,0.2,9,273.0,1.3,462,125.0,11.1,255.0,-2.1,9,273.0,3.1,492,143.0,10.8,260.0
"2025-01-09 08:00:00",1.6,130.0,9.0,0.1,9,273.0,0.22,710,127.0,14.7,267.0,0.1,9,273.0,1.3,447,121.0,11.1,254.0,-1.6,9,273.0,2.9,495,131.0,11.4,269.0
"2025-01-09 08:15:00",3.1,131.0,9.0,0.1,9,276.0,0.24,715,131.0,13.9,255.0,0.1,9,276.0,1.6,524,130.0,11.4,246.0,-3.1,2,276.0,3.8,514,147.0,10.5,253.0
"2025-01-09 08:30:00",3.9,126.0,9.0,0.19,9,273.0,0.29,726,149.0,13.6,263.0,-0.2,9,273.0,1.4,554,137.0,11.9,262.0,-3.9,2,273.0,3.8,544,167.0,10.2,264.0
"2025-01-09 08:45:00",2.6,120.0,9.0,0.15,9,273.0,0.21,753,130.0,14.9,268.0,-0.3,9,273.0,1.4,497,120.0,12.0,265.0,-2.5,2,273.0,3.1,496,142.0,10.7,270.0
"2025-01-09 09:00:00",2.8,122.0,9.0,0.15,9,273.0,0.24,701,125.0,14.5,268.0,-0.3,9,273.0,1.4,488,115.0,12.1,265.0,-2.8,2,273.0,3.5,503,137.0,11.2,268.0
"2025-01-09 09:15:00",1.1,115.0,9.0,0.12,9,275.0,0.19,659,115.0,14.2,256.0,-0.2,9,275.0,1.2,425,110.0,11.2,247.0,-1.1,9,275.0,1.5,443,111.0,11.5,245.0
"2025-01-09 09:30:00",0.7,116.0,9.0,0.11,9,273.0,0.2,668,113.0,15.0,270.0,-0.2,9,273.0,1.0,384,100.0,11.3,250.0,-0.7,9,273.0,1.3,451,106.0,12.4,267.0
"2025-01-09 09:45:00",0.8,131.0,9.0,0.1,9,273.0,0.23,642,164.0,11.9,250.0,0.0,9,273.0,1.0,393,150.0,8.6,194.0,-0.8,9,273.0,1.7,455,146.0,10.0,232.0
"2025-01-09 10:00:00",0.8,123.0,9.0,0.06,2,273.0,0.21,667,145.0,13.3,264.0,-0.1,2,273.0,1.0,402,127.0,9.9,240.0,-0.8,2,273.0,1.8,455,127.0,11.0,254.0
"2025-01-09 10:15:00",0.9,132.0,9.0,0.07,2,276.0,0.21,608,134.0,12.4,251.0,0.1,2,276.0,1.1,393,121.0,9.7,235.0,-0.9,2,276.0,1.7,422,120.0,10.4,241.0
"2025-01-09 10:30:00",1.6,128.0,9.0,0.04,2,273.0,0.23,689,141.0,13.4,266.0,0.0,2,273.0,1.6,465,134.0,10.3,247.0,-1.6,2,273.0,3.1,476,137.0,10.5,259.0
"2025-01-09 10:45:00",2.4,120.0,9.0,0.08,2,273.0,0.28,719,150.0,13.1,268.0,-0.3,2,273.0,1.3,508,138.0,10.7,253.0,-2.4,2,273.0,3.9,495,154.0,9.7,242.0
"2025-01-09 11:00:00",1.4,121.0,9.0,0.04,2,273.0,0.2,672,143.0,12.9,268.0,-0.2,2,273.0,1.4,425,131.0,9.8,235.0,-1.4,2,273.0,3.2,443,136.0,9.9,250.0
"2025-01-09 11:15:00",2.2,120.0,9.0,0.08,2,275.0,0.27,640,152.0,11.7,246.0,-0.3,2,275.0,1.4,440,138.0,9.3,227.0,-2.2,2,275.0,3.4,425,141.0,9.2,232.0
"2025-01-09 11:30:00",2.2,119.0,9.0,0.01,2,273.0,0.19,707,159.0,12.7,265.0,-0.3,2,273.0,1.2,480,145.0,9.7,237.0,-2.2,2,273.0,3.7,479,153.0,9.6,241.0
"2025-01-09 11:45:00",4.1,124.0,9.0,0.08,2,273.0,0.28,773,162.0,13.1,268.0,-0.3,2,273.0,1.4,552,144.0,10.8,250.0,-4.1,2,273.0,4.2,550,162.0,10.1,258.0
"2025-01-09 12:00:00",4.9,124.0,9.0,0.08,2,273.0,0.27,888,159.0,14.4,266.0,-0.4,2,273.0,1.5,704,143.0,12.9,263.0,-4.9,2,273.0,3.8,666,166.0,11.2,266.0
"2025-01-09 12:15:00",5.7,120.0,9.0,0.13,2,275.0,0.32,868,157.0,13.9,254.0,-0.8,2,275.0,1.3,745,148.0,12.7,249.0,-5.7,2,275.0,3.7,714,179.0,10.7,247.0
"2025-01-09 12:30:00",3.3,122.0,9.0,0.07,2,273.0,0.3,758,146.0,13.7,269.0,-0.4,2,273.0,1.5,576,132.0,11.9,268.0,-3.3,2,273.0,3.4,598,151.0,11.2,265.0
"2025-01-09 12:45:00",1.0,134.0,9.0,0.11,2,273.0,0.26,648,138.0,13.1,264.0,0.1,2,273.0,1.2,434,120.0,10.7,250.0,-1.0,2,273.0,1.2,452,106.0,12.2,270.0
"2025-01-09 13:00:00",1.3,116.0,9.0,0.03,2,273.0,0.3,763,187.0,13.2,250.0,-0.3,2,273.0,2.0,536,156.0,11.3,246.0,-1.3,2,273.0,2.1,546,155.0,11.8,250.0
"2025-01-09 13:15:00",1.3,124.0,9.0,0.09,2,277.0,0.22,637,133.0,12.9,250.0,-0.1,2,277.0,1.0,405,119.0,10.2,231.0,-1.3,2,277.0,1.7,422,115.0,10.8,246.0
"2025-01-09 13:30:00",1.6,133.0,9.0,0.19,2,275.0,0.27,680,140.0,13.4,269.0,0.1,2,275.0,0.9,427,118.0,10.7,261.0,-1.6,2,275.0,1.3,457,115.0,11.7,270.0
"2025-01-09 13:45:00",1.7,133.0,9.0,0.13,2,274.0,0.25,697,137.0,13.7,268.0,0.1,2,274.0,1.1,492,115.0,12.0,260.0,-1.7,2,274.0,1.7,497,116.0,12.3,270.0
"2025-01-09 14:00:00",1.1,147.0,9.0,0.1,2,275.0,0.2,685,129.0,14.0,269.0,0.4,2,275.0,0.9,404,115.0,10.5,249.0,-1.1,2,275.0,1.1,453,102.0,12.7,268.0
"2025-01-09 14:15:00",0.6,161.0,9.0,0.11,2,277.0,0.22,725,130.0,14.1,251.0,0.3,2,277.0,1.2,409,108.0,10.9,245.0,-0.5,2,277.0,0.9,467,92.0,13.4,251.0
"2025-01-09 14:30:00",1.2,120.0,9.0,0.12,2,274.0,0.27,783,182.0,13.3,253.0,-0.2,2,274.0,1.2,522,141.0,11.4,237.0,-1.2,2,274.0,1.6,508,132.0,12.0,249.0
"2025-01-09 14:45:00",0.4,159.0,9.0,0.05,2,275.0,0.21,769,133.0,14.7,274.0,0.2,2,275.0,1.0,403,107.0,11.2,264.0,-0.3,2,275.0,1.0,506,99.0,13.9,268.0
"2025-01-09 15:00:00",3.7,123.0,9.0,0.13,2,275.0,0.24,815,140.0,14.9,272.0,-0.3,2,275.0,1.0,556,117.0,13.1,271.0,-3.7,2,275.0,2.9,583,143.0,11.9,273.0
"2025-01-09 15:15:00",3.5,118.0,9.0,0.14,2,276.0,0.21,802,136.0,14.5,257.0,-0.6,2,276.0,0.9,590,119.0,12.9,252.0,-3.4,2,276.0,2.5,567,140.0,11.5,256.0
"2025-01-09 15:30:00",3.3,128.0,9.0,0.24,2,275.0,0.26,952,153.0,15.5,275.0,0.0,2,275.0,1.0,740,130.0,14.6,272.0,-3.3,2,275.0,2.0,682,150.0,12.9,274.0
"2025-01-09 15:45:00",2.5,134.0,9.0,0.14,2,273.0,0.23,862,149.0,14.8,268.0,0.3,2,273.0,1.0,543,117.0,12.7,265.0,-2.5,2,273.0,2.6,548,142.0,11.4,266.0
"2025-01-09 16:00:00",1.4,144.0,9.0,0.12,2,273.0,0.24,795,182.0,13.1,259.0,0.4,2,273.0,1.0,475,141.0,10.7,233.0,-1.3,2,273.0,1.6,503,149.0,10.7,240.0
"2025-01-09 16:15:00",0.8,147.0,9.0,0.07,9,275.0,0.17,704,138.0,13.2,245.0,0.2,9,275.0,0.9,378,111.0,10.1,235.0,-0.7,9,275.0,1.3,430,107.0,11.4,243.0
"2025-01-09 16:30:00",0.7,141.0,9.0,0.07,9,273.0,0.19,681,137.0,13.4,267.0,0.1,9,273.0,0.9,373,107.0,10.3,246.0,-0.6,9,273.0,1.6,434,106.0,11.8,262.0
"2025-01-09 16:45:00",0.5,150.0,9.0,0.08,2,273.0,0.2,661,129.0,13.8,267.0,0.2,2,273.0,0.8,370,103.0,10.6,247.0,-0.5,2,273.0,1.2,417,98.0,12.4,261.0
"2025-01-09 17:00:00",1.0,139.0,9.0,0.08,2,273.0,0.2,646,120.0,14.1,268.0,0.2,2,273.0,0.9,379,103.0,10.9,259.0,-0.9,2,273.0,1.4,416,100.0,12.2,266.0
"2025-01-09 17:15:00",0.8,142.0,9.0,0.11,2,275.0,0.19,765,159.0,13.3,244.0,0.2,2,275.0,1.0,403,125.0,10.1,224.0,-0.8,2,275.0,1.2,478,125.0,11.7,242.0
"2025-01-09 17:30:00",1.1,143.0,9.0,0.08,2,273.0,0.19,934,167.0,14.7,267.0,0.3,2,273.0,1.2,545,126.0,11.9,256.0,-1.1,2,273.0,1.7,563,133.0,12.3,259.0
"2025-01-09 17:45:00",2.1,133.0,9.0,0.11,2,273.0,0.25,819,145.0,14.6,268.0,0.2,2,273.0,1.2,588,122.0,12.8,262.0,-2.0,2,273.0,2.0,555,124.0,12.7,268.0
"2025-01-09 18:00:00",3.8,126.0,9.0,0.23,9,273.0,0.27,924,145.0,15.6,267.0,-0.1,9,273.0,1.3,754,122.0,15.1,273.0,-3.8,2,273.0,2.5,705,151.0,13.1,273.0
"2025-01-09 18:15:00",4.6,124.0,9.0,0.16,9,275.0,0.38,978,150.0,15.4,252.0,-0.3,9,275.0,1.7,857,137.0,14.8,253.0,-4.6,2,275.0,3.0,796,164.0,12.9,255.0
"2025-01-09 18:30:00",4.2,124.0,9.0,0.19,9,273.0,0.33,941,146.0,15.9,272.0,-0.3,9,273.0,1.6,809,130.0,15.4,271.0,-4.2,2,273.0,2.6,795,160.0,13.6,273.0
"2025-01-09 18:45:00",4.2,123.0,9.0,0.2,9,273.0,0.29,950,142.0,16.1,271.0,-0.4,9,273.0,1.2,748,123.0,15.1,273.0,-4.2,2,273.0,2.8,716,165.0,12.5,273.0
"2025-01-09 19:00:00",4.1,128.0,9.0,0.21,9,273.0,0.29,849,135.0,15.6,273.0,0.0,9,273.0,1.2,589,109.0,14.1,269.0,-4.1,2,273.0,3.0,634,150.0,12.3,273.0
"2025-01-09 19:15:00",5.5,128.0,9.0,0.55,9,275.0,0.52,850,202.0,12.2,240.0,0.0,9,275.0,1.7,797,164.0,13.1,242.0,-5.5,2,275.0,2.6,774,183.0,12.0,244.0
"2025-01-09 19:30:00",3.4,142.0,9.0,0.3,9,273.0,0.37,803,147.0,14.5,268.0,0.8,9,273.0,1.7,750,133.0,14.6,272.0,-3.3,2,273.0,2.4,716,139.0,14.2,273.0
"2025-01-09 19:45:00",2.1,153.0,9.0,0.19,9,273.0,0.28,793,126.0,15.7,269.0,0.9,9,273.0,1.6,619,116.0,14.2,273.0,-1.9,9,273.0,1.7,661,115.0,15.1,271.0
"2025-01-09 20:00:00",3.1,140.0,9.0,0.33,9,273.0,0.34,817,150.0,14.6,268.0,0.6,9,273.0,1.9,690,129.0,14.2,272.0,-3.0,2,273.0,2.2,654,123.0,14.4,273.0
"2025-01-09 20:15:00",2.6,131.0,9.0,0.13,9,275.0,0.28,650,115.0,14.2,254.0,0.1,9,275.0,1.7,486,107.0,12.2,249.0,-2.6,9,275.0,2.5,498,113.0,12.4,255.0
"2025-01-09 20:30:00",2.3,149.0,9.0,0.09,9,273.0,0.42,711,137.0,14.1,268.0,0.8,9,273.0,2.5,600,135.0,12.6,271.0,-2.2,9,273.0,2.7,552,125.0,12.9,265.0
"2025-01-09 20:45:00",2.5,138.0,9.0,0.02,9,273.0,0.33,708,128.0,14.6,271.0,0.5,9,273.0,2.0,567,123.0,12.7,269.0,-2.5,9,273.0,3.4,554,131.0,12.5,271.0
"2025-01-09 21:00:00",4.0,123.0,9.0,0.16,9,273.0,0.32,789,151.0,14.4,268.0,-0.3,9,273.0,1.9,687,148.0,12.8,269.0,-4.0,2,273.0,3.3,639,160.0,12.1,265.0
"2025-01-09 21:15:00",2.4,129.0,9.0,0.09,9,274.0,0.35,716,133.0,13.9,253.0,0.0,9,274.0,1.9,564,128.0,12.1,250.0,-2.4,2,274.0,3.1,571,132.0,12.3,255.0
"2025-01-09 21:30:00",2.2,137.0,9.0,0.03,9,273.0,0.28,628,115.0,14.5,269.0,0.3,9,273.0,1.8,501,109.0,12.8,270.0,-2.2,2,273.0,3.2,480,116.0,12.4,271.0
"2025-01-09 21:45:00",3.1,128.0,9.0,0.11,9,273.0,0.43,718,140.0,14.0,271.0,0.0,9,273.0,2.3,615,137.0,12.7,271.0,-3.1,2,273.0,3.4,632,145.0,12.8,273.0
"2025-01-09 22:00:00",4.3,137.0,9.0,0.21,9,273.0,0.45,824,163.0,13.9,269.0,0.7,9,273.0,2.2,853,171.0,13.4,270.0,-4.2,2,273.0,3.4,794,180.0,12.6,273.0
"2025-01-09 22:15:00",2.8,142.0,9.0,0.09,9,275.0,0.47,732,147.0,13.3,249.0,0.7,9,275.0,2.4,664,139.0,12.3,249.0,-2.7,2,275.0,3.5,643,148.0,12.2,254.0
"2025-01-09 22:30:00",6.2,132.0,9.0,0.55,9,273.0,0.85,1071,236.0,12.9,270.0,0.5,9,273.0,3.1,1094,224.0,13.2,272.0,-6.1,2,273.0,3.8,1057,242.0,12.5,272.0
"2025-01-09 22:45:00",6.0,138.0,9.0,0.82,9,273.0,0.86,1030,240.0,12.4,268.0,1.0,9,273.0,3.0,1029,205.0,13.4,270.0,-6.0,2,273.0,3.5,1067,232.0,13.0,271.0
"2025-01-09 23:00:00",5.9,142.0,9.0,0.73,9,273.0,0.74,1067,235.0,12.8,273.0,1.4,9,273.0,2.5,1173,216.0,14.1,271.0,-5.8,2,273.0,3.2,1150,243.0,13.2,273.0
"2025-01-09 23:15:00",3.8,143.0,9.0,0.42,9,275.0,0.64,858,188.0,12.5,251.0,1.0,9,275.0,2.8,921,184.0,12.7,254.0,-3.7,2,275.0,3.1,877,189.0,12.5,255.0
"2025-01-09 23:30:00",1.5,134.0,9.0,0.22,9,273.0,0.49,742,152.0,13.7,268.0,0.2,9,273.0,2.4,659,150.0,12.5,270.0,-1.5,9,273.0,3.0,666,148.0,13.1,271.0
"2025-01-09 23:45:00",1.2,136.0,9.0,0.17,9,273.0,0.36,660,133.0,13.8,268.0,0.2,9,273.0,2.9,538,136.0,11.6,269.0,-1.2,9,273.0,3.0,603,128.0,13.4,271.0
"2025-01-10 00:00:00",4.3,138.0,9.0,0.44,9,273.0,0.69,890,198.0,12.6,270.0,0.8,9,273.0,2.9,888,195.0,12.5,272.0,-4.2,2,273.0,3.9,893,193.0,12.7,272.0
"2025-01-10 00:15:00",2.0,129.0,9.0,-0.07,9,274.0,0.5,672,142.0,12.9,248.0,0.0,9,274.0,3.1,553,130.0,11.8,250.0,-2.0,2,274.0,3.3,546,124.0,12.3,251.0
"2025-01-10 00:30:00",3.8,120.0,9.0,0.14,9,273.0,0.43,721,136.0,14.0,271.0,-0.5,9,273.0,1.8,658,119.0,14.2,268.0,-3.8,2,273.0,3.0,633,135.0,12.9,272.0
"2025-01-10 00:45:00",1.8,132.0,9.0,0.08,9,273.0,0.28,633,129.0,13.7,262.0,0.1,9,273.0,1.2,527,108.0,13.4,262.0,-1.8,9,273.0,1.6,546,109.0,13.9,268.0
"2025-01-10 01:00:00",0.7,133.0,9.0,0.02,9,273.0,0.2,578,105.0,14.4,272.0,0.1,9,273.0,1.0,429,93.0,12.6,266.0,-0.7,9,273.0,1.3,495,92.0,14.3,273.0
"2025-01-10 01:15:00",1.1,157.0,9.0,0.03,9,275.0,0.22,607,114.0,13.8,255.0,0.5,9,275.0,1.0,457,97.0,12.6,250.0,-0.9,9,275.0,1.1,485,90.0,13.8,253.0
"2025-01-10 01:30:00",1.7,125.0,9.0,0.06,9,273.0,0.21,629,117.0,14.1,267.0,-0.1,9,273.0,1.0,480,97.0,13.5,270.0,-1.7,9,273.0,1.5,502,99.0,13.8,272.0
"2025-01-10 01:45:00",1.8,128.0,9.0,0.02,9,272.0,0.19,696,127.0,14.6,272.0,0.0,9,272.0,0.9,501,103.0,13.3,271.0,-1.8,9,272.0,2.0,486,109.0,12.8,272.0
"2025-01-10 02:00:00",1.8,122.0,9.0,0.03,9,273.0,0.18,630,121.0,14.0,268.0,-0.2,9,273.0,0.8,431,102.0,12.1,263.0,-1.8,9,273.0,2.4,460,121.0,11.4,268.0
"2025-01-10 02:15:00",4.4,128.0,9.0,0.1,9,274.0,0.24,829,134.0,14.9,254.0,0.0,9,274.0,1.2,756,128.0,14.2,252.0,-4.4,2,274.0,2.2,756,153.0,12.9,255.0
"2025-01-10 02:30:00",3.8,125.0,9.0,0.07,9,273.0,0.23,785,144.0,14.6,269.0,-0.2,9,273.0,1.2,670,127.0,14.1,269.0,-3.8,2,273.0,2.4,686,161.0,12.4,271.0
"2025-01-10 02:45:00",2.0,133.0,9.0,0.03,9,273.0,0.22,604,121.0,13.6,273.0,0.2,9,273.0,1.2,495,108.0,12.6,265.0,-2.0,9,273.0,1.9,517,118.0,12.7,272.0
"2025-01-10 03:00:00",1.0,133.0,9.0,0.0,9,272.0,0.22,638,113.0,14.6,269.0,0.1,9,272.0,1.1,461,99.0,12.9,268.0,-1.0,9,272.0,1.2,496,95.0,14.2,269.0
"2025-01-10 03:15:00",1.3,118.0,9.0,0.04,9,275.0,0.23,530,100.0,13.7,255.0,-0.2,9,275.0,1.0,411,92.0,12.1,249.0,-1.3,9,275.0,1.4,410,83.0,13.2,254.0
"2025-01-10 03:30:00",1.3,124.0,9.0,0.04,9,274.0,0.19,558,107.0,14.0,269.0,-0.1,9,274.0,0.9,387,95.0,11.7,261.0,-1.3,9,274.0,1.2,443,87.0,13.7,269.0
"2025-01-10 03:45:00",0.4,170.0,9.0,0.04,9,273.0,0.17,550,110.0,13.7,266.0,0.3,9,273.0,0.9,376,96.0,11.4,261.0,-0.3,9,273.0,0.9,443,81.0,14.4,268.0
"2025-01-10 04:00:00",0.7,38.0,9.0,0.09,9,273.0,0.15,548,112.0,13.5,272.0,-0.7,9,273.0,0.8,405,102.0,11.6,264.0,0.0,9,273.0,0.6,401,85.0,13.2,268.0
"2025-01-10 04:15:00",0.3,62.0,9.0,0.09,9,275.0,0.18,490,145.0,10.3,227.0,-0.3,9,275.0,1.1,402,122.0,10.0,221.0,-0.1,9,275.0,0.8,385,114.0,10.2,220.0
"2025-01-10 04:30:00",0.3,190.0,9.0,0.02,9,274.0,0.22,509,160.0,10.0,247.0,0.3,9,274.0,0.6,384,138.0,8.5,193.0,-0.2,9,274.0,0.6,388,127.0,9.5,230.0
"2025-01-10 04:45:00",0.6,141.0,9.0,0.03,9,272.0,0.18,559,135.0,12.2,258.0,0.1,9,272.0,0.9,440,120.0,11.1,250.0,-0.5,9,272.0,0.8,514,120.0,12.5,259.0
"2025-01-10 05:00:00",0.3,170.0,9.0,-0.03,9,273.0,0.16,638,112.0,14.8,271.0,0.2,9,273.0,0.7,406,95.0,12.3,260.0,-0.2,9,273.0,0.8,453,91.0,13.6,262.0
"2025-01-10 05:15:00",1.0,134.0,9.0,-0.06,9,275.0,0.23,594,175.0,10.2,217.0,0.1,9,275.0,0.9,479,171.0,8.7,192.0,-1.0,9,275.0,1.4,522,196.0,8.4,192.0
"2025-01-10 05:30:00",0.4,218.0,9.0,-0.08,9,272.0,0.26,710,347.0,6.6,123.0,0.4,9,272.0,1.0,618,333.0,5.7,83.0,0.0,9,272.0,1.0,695,395.0,5.2,61.0
"2025-01-10 05:45:00",0.4,146.0,9.0,-0.01,9,273.0,0.22,673,290.0,7.3,152.0,0.1,9,273.0,1.5,581,287.0,6.0,98.0,-0.4,9,273.0,1.1,627,330.0,5.6,85.0
"2025-01-10 06:00:00",1.3,142.0,9.0,0.04,9,272.0,0.21,708,277.0,8.2,177.0,0.3,9,272.0,0.8,608,279.0,6.7,121.0,-1.3,9,272.0,1.6,613,315.0,5.9,101.0
"2025-01-10 06:15:00",0.9,126.0,0.0,0.02,2,274.0,0.23,973,576.0,4.6,30.0,0.0,2,274.0,1.7,896,543.0,4.3,20.0,-0.9,2,274.0,7.3,1009,633.0,4.0,13.0
"2025-01-10 06:30:00",0.2,260.0,0.0,-0.01,9,273.0,0.18,894,454.0,5.9,100.0,0.2,9,273.0,0.8,741,449.0,4.3,21.0,0.2,9,273.0,1.4,806,501.0,4.1,18.0
"2025-01-10 06:45:00",0.3,230.0,9.0,-0.03,9,272.0,0.24,768,382.0,6.0,114.0,0.3,9,272.0,1.0,686,387.0,4.9,49.0,0.1,9,272.0,1.2,735,433.0,4.6,45.0
"2025-01-10 07:00:00",2.3,15.0,0.0,0.01,9,273.0,0.18,953,532.0,5.1,56.0,-2.2,9,273.0,2.4,803,519.0,3.8,5.0,0.9,9,273.0,2.3,939,592.0,4.0,6.0
"2025-01-10 07:15:00",0.9,42.0,0.0,-0.08,9,274.0,0.23,948,530.0,5.0,52.0,-0.9,9,274.0,1.6,806,501.0,4.1,14.0,-0.1,9,274.0,1.2,941,566.0,4.5,35.0
"2025-01-10 07:30:00",2.1,167.0,0.0,0.06,9,273.0,0.25,1046,613.0,4.6,37.0,1.3,9,273.0,2.3,884,564.0,3.9,3.0,-1.6,9,273.0,3.0,1033,661.0,3.8,7.0
"2025-01-10 07:45:00",0.4,122.0,9.0,0.08,9,272.0,0.19,747,236.0,11.3,211.0,0.0,9,272.0,0.8,496,213.0,8.6,178.0,-0.4,9,272.0,0.7,660,228.0,11.1,192.0
"2025-01-10 08:00:00",1.1,126.0,9.0,0.03,9,272.0,0.2,717,118.0,15.4,269.0,0.0,9,272.0,0.9,497,103.0,13.3,269.0,-1.1,9,272.0,1.3,537,105.0,14.2,268.0
"2025-01-10 08:15:00",0.3,111.0,9.0,-0.05,9,275.0,0.15,660,103.0,15.3,254.0,-0.1,9,275.0,0.8,413,97.0,11.8,246.0,-0.3,9,275.0,1.0,486,85.0,14.5,251.0
"2025-01-10 08:30:00",0.4,108.0,9.0,0.02,9,272.0,0.14,695,107.0,15.8,269.0,-0.1,9,272.0,0.7,491,97.0,13.8,269.0,-0.4,9,272.0,0.8,511,81.0,15.8,269.0
"2025-01-10 08:45:00",0.4,165.0,9.0,-0.04,9,272.0,0.18,775,107.0,16.8,271.0,0.3,9,272.0,0.7,463,98.0,13.1,260.0,-0.4,9,272.0,1.0,499,83.0,15.3,268.0
"2025-01-10 09:00:00",0.4,150.0,9.0,-0.05,9,273.0,0.19,701,110.0,15.7,272.0,0.2,9,273.0,0.7,426,93.0,12.8,268.0,-0.4,9,273.0,1.0,477,87.0,14.5,270.0
"2025-01-10 09:15:00",0.2,99.0,9.0,-0.06,9,274.0,0.17,638,137.0,13.5,233.0,-0.1,9,274.0,0.8,444,122.0,11.7,225.0,-0.2,9,274.0,0.9,478,113.0,12.7,239.0
"2025-01-10 09:30:00",0.5,84.0,9.0,0.02,9,272.0,0.18,663,114.0,15.0,269.0,-0.3,9,272.0,0.9,372,99.0,11.3,253.0,-0.4,9,272.0,0.8,444,91.0,13.7,261.0
"2025-01-10 09:45:00",0.5,109.0,9.0,0.02,9,273.0,0.18,646,135.0,13.5,258.0,-0.2,9,273.0,0.7,446,112.0,11.7,239.0,-0.5,9,273.0,0.9,494,108.0,13.0,259.0
"2025-01-10 10:00:00",1.4,128.0,9.0,0.04,2,272.0,0.46,1058,169.0,15.6,268.0,0.0,2,272.0,1.7,1012,171.0,14.3,261.0,-1.4,2,272.0,2.0,912,165.0,14.5,267.0
"2025-01-10 10:15:00",0.5,102.0,9.0,-0.02,2,274.0,0.28,980,160.0,14.9,250.0,-0.2,2,274.0,1.3,953,145.0,15.0,254.0,-0.4,2,274.0,1.3,855,136.0,14.9,255.0
"2025-01-10 10:30:00",0.4,99.0,9.0,-0.01,2,272.0,0.26,849,151.0,14.6,265.0,-0.2,2,272.0,1.3,676,137.0,12.7,253.0,-0.3,2,272.0,1.0,658,123.0,13.8,258.0
"2025-01-10 10:45:00",0.3,87.0,9.0,0.01,2,273.0,0.22,804,175.0,13.9,258.0,-0.2,2,273.0,0.9,707,148.0,13.5,256.0,-0.3,2,273.0,0.8,592,125.0,13.6,245.0
"2025-01-10 11:00:00",1.0,274.0,9.0,0.04,2,273.0,0.73,1599,289.0,14.3,270.0,0.6,2,273.0,4.0,1529,283.0,14.0,269.0,0.9,2,273.0,3.6,1333,267.0,13.5,268.0
"2025-01-10 11:15:00",2.3,297.0,9.0,-0.03,2,276.0,0.33,865,174.0,13.3,251.0,0.4,2,276.0,1.7,605,141.0,12.0,250.0,2.2,2,276.0,3.3,668,154.0,12.3,256.0
"2025-01-10 11:30:00",1.6,311.0,9.0,-0.06,2,273.0,0.32,898,177.0,13.9,267.0,-0.1,2,273.0,2.1,697,155.0,12.6,264.0,1.6,2,273.0,2.4,652,144.0,12.9,266.0
"2025-01-10 11:45:00",1.3,284.0,9.0,-0.06,2,273.0,0.34,860,162.0,14.2,266.0,0.5,2,273.0,1.4,612,131.0,13.1,264.0,1.2,2,273.0,1.6,712,134.0,14.5,268.0
"2025-01-10 12:00:00",2.3,311.0,9.0,0.12,2,273.0,0.54,1003,258.0,11.6,245.0,-0.1,2,273.0,2.4,826,220.0,10.8,236.0,2.3,2,273.0,3.7,772,235.0,10.0,234.0
"2025-01-10 12:15:00",2.0,299.0,9.0,-0.03,2,275.0,0.32,855,201.0,12.5,242.0,0.3,2,275.0,1.7,708,178.0,11.7,239.0,2.0,2,275.0,2.9,664,182.0,11.1,247.0
"2025-01-10 12:30:00",0.4,266.0,9.0,0.03,9,273.0,0.22,760,135.0,14.7,266.0,0.3,9,273.0,1.4,481,116.0,12.2,263.0,0.3,9,273.0,1.4,522,104.0,13.9,263.0
"2025-01-10 12:45:00",0.4,283.0,9.0,-0.01,9,273.0,0.22,780,167.0,13.2,260.0,0.2,9,273.0,1.4,492,146.0,10.5,238.0,0.4,9,273.0,1.1,545,140.0,11.9,242.0
"2025-01-10 13:00:00",0.6,293.0,9.0,0.0,2,273.0,0.27,771,159.0,13.4,268.0,0.2,2,273.0,1.8,492,135.0,11.1,255.0,0.6,2,273.0,1.5,532,133.0,12.0,262.0
"2025-01-10 13:15:00",0.4,289.0,9.0,0.0,9,275.0,0.21,765,156.0,13.1,245.0,0.1,9,275.0,1.4,470,132.0,10.6,242.0,0.3,9,275.0,1.3,494,126.0,11.3,245.0
"2025-01-10 13:30:00",0.3,266.0,9.0,0.02,9,273.0,0.23,773,157.0,13.5,266.0,0.2,9,273.0,1.5,507,134.0,11.5,262.0,0.3,9,273.0,1.0,544,130.0,12.4,262.0
"2025-01-10 13:45:00",0.7,310.0,9.0,-0.02,9,273.0,0.25,785,198.0,12.2,246.0,0.0,9,273.0,1.4,549,181.0,10.1,222.0,0.7,9,273.0,1.9,541,169.0,10.5,232.0
