"2025-01-07 00:00:00",3.5,115.0,9.0,0.07,2,273.0,0.21,870,136.0,15.7,273.0,-0.8,2,273.0,1.1,678,130.0,14.0,269.0,-3.4,2,273.0,4.9,670,195.0,10.7,269.0
"2025-01-07 00:15:00",5.5,119.0,9.0,0.1,2,276.0,0.29,885,147.0,14.6,254.0,-0.9,2,276.0,1.4,758,141.0,13.7,252.0,-5.4,2,276.0,4.9,721,207.0,10.2,255.0
"2025-01-07 00:30:00",6.4,119.0,9.0,0.12,2,273.0,0.3,987,167.0,15.3,271.0,-1.0,2,273.0,1.3,867,155.0,14.5,272.0,-6.3,2,273.0,5.2,785,229.0,10.4,271.0
"2025-01-07 00:45:00",4.7,120.0,9.0,0.03,2,273.0,0.27,875,151.0,15.0,266.0,-0.7,2,273.0,1.3,720,146.0,13.7,267.0,-4.7,2,273.0,5.4,680,207.0,10.2,268.0
"2025-01-07 01:00:00",3.9,123.0,9.0,0.08,2,274.0,0.24,865,144.0,15.3,269.0,-0.4,2,274.0,1.2,754,139.0,14.4,273.0,-3.8,2,274.0,4.9,676,199.0,10.5,273.0
"2025-01-07 01:15:00",5.8,123.0,9.0,0.17,2,275.0,0.29,829,145.0,14.2,253.0,-0.5,2,275.0,1.3,723,134.0,13.7,255.0,-5.8,2,275.0,5.1,694,200.0,10.1,251.0
"2025-01-07 01:30:00",5.2,126.0,9.0,0.14,2,274.0,0.3,900,152.0,15.1,274.0,-0.2,2,274.0,1.2,740,138.0,14.1,270.0,-5.2,2,274.0,5.0,722,212.0,10.4,271.0
"2025-01-07 01:45:00",5.5,127.0,9.0,0.13,2,273.0,0.26,914,153.0,15.3,269.0,-0.1,2,273.0,1.3,787,140.0,14.5,271.0,-5.5,2,273.0,4.9,744,219.0,10.3,269.0
"2025-01-07 02:00:00",4.7,121.0,9.0,0.19,9,274.0,0.26,884,143.0,15.5,269.0,-0.5,9,274.0,1.3,767,131.0,14.9,272.0,-4.7,2,274.0,4.4,690,200.0,10.6,273.0
"2025-01-07 02:15:00",6.0,123.0,9.0,0.19,9,274.0,0.3,927,160.0,14.4,254.0,-0.5,9,274.0,1.3,804,153.0,13.4,253.0,-6.0,2,274.0,4.5,777,211.0,10.5,251.0
"2025-01-07 02:30:00",5.9,129.0,9.0,0.23,9,273.0,0.37,964,180.0,14.4,268.0,0.1,9,273.0,1.3,894,161.0,14.5,267.0,-5.9,2,273.0,4.5,862,234.0,11.0,269.0
"2025-01-07 02:45:00",7.1,127.0,9.0,0.13,2,273.0,0.32,1002,178.0,14.7,269.0,-0.1,2,273.0,1.3,857,159.0,14.1,273.0,-7.1,2,273.0,5.4,817,235.0,10.4,266.0
"2025-01-07 03:00:00",7.2,128.0,9.0,0.12,2,272.0,0.33,982,177.0,14.6,268.0,0.0,2,272.0,1.3,845,159.0,14.1,268.0,-7.2,2,272.0,5.3,822,243.0,10.3,264.0
"2025-01-07 03:15:00",6.8,126.0,9.0,0.03,2,275.0,0.32,925,169.0,13.9,251.0,-0.3,2,275.0,1.3,807,154.0,13.5,254.0,-6.8,2,275.0,5.3,832,227.0,10.3,247.0
"2025-01-07 03:30:00",7.1,123.0,9.0,0.13,2,273.0,0.27,1019,171.0,15.1,270.0,-0.6,2,273.0,1.4,883,155.0,14.6,271.0,-7.1,2,273.0,4.8,877,227.0,11.1,269.0
"2025-01-07 03:45:00",6.8,130.0,9.0,0.15,9,272.0,0.33,1007,185.0,14.4,267.0,0.2,9,272.0,1.3,941,164.0,14.5,270.0,-6.8,2,272.0,4.6,941,240.0,11.2,271.0
"2025-01-07 04:00:00",8.3,138.0,9.0,0.3,9,273.0,0.52,1388,268.0,13.8,271.0,1.4,9,273.0,2.0,1466,262.0,14.4,272.0,-8.2,2,273.0,3.4,1358,303.0,12.4,271.0
"2025-01-07 04:15:00",8.1,134.0,9.0,0.32,9,274.0,0.45,1335,253.0,13.5,252.0,0.9,9,274.0,1.8,1365,250.0,13.8,253.0,-8.1,2,274.0,3.2,1259,298.0,11.6,253.0
"2025-01-07 04:30:00",8.5,131.0,9.0,0.34,9,273.0,0.42,1272,233.0,14.3,272.0,0.4,9,273.0,1.6,1289,216.0,15.1,273.0,-8.5,2,273.0,2.8,1303,287.0,12.5,273.0
"2025-01-07 04:45:00",7.9,134.0,9.0,0.22,9,273.0,0.36,1240,215.0,14.8,271.0,0.9,9,273.0,1.7,1241,213.0,14.9,273.0,-7.9,2,273.0,2.9,1144,267.0,12.2,269.0
"2025-01-07 05:00:00",6.8,138.0,9.0,0.24,9,273.0,0.37,1201,221.0,14.3,273.0,1.1,9,273.0,1.4,1145,203.0,14.4,269.0,-6.7,2,273.0,2.8,1148,253.0,12.5,273.0
"2025-01-07 05:15:00",6.6,141.0,9.0,0.25,9,274.0,0.35,1092,211.0,13.4,251.0,1.5,9,274.0,1.8,988,192.0,13.1,255.0,-6.4,2,274.0,3.2,1029,232.0,11.7,253.0
"2025-01-07 05:30:00",6.8,137.0,9.0,0.33,9,273.0,0.41,1311,229.0,14.7,272.0,1.0,9,273.0,1.5,1171,209.0,14.5,272.0,-6.8,2,273.0,2.8,1173,255.0,12.7,273.0
"2025-01-07 05:45:00",6.3,139.0,9.0,0.21,9,272.0,0.42,1212,223.0,14.1,269.0,1.2,9,272.0,1.8,1182,211.0,14.5,272.0,-6.1,2,272.0,3.1,1165,248.0,12.8,271.0
"2025-01-07 06:00:00",6.2,136.0,9.0,0.33,9,273.0,0.37,1175,216.0,14.2,267.0,0.8,9,273.0,1.6,1091,192.0,14.6,271.0,-6.1,2,273.0,3.0,1076,228.0,12.9,272.0
"2025-01-07 06:15:00",6.3,135.0,9.0,0.47,9,274.0,0.57,1593,277.0,14.0,253.0,0.7,9,274.0,2.3,1637,265.0,14.4,255.0,-6.2,2,274.0,2.5,1607,291.0,13.5,255.0
"2025-01-07 06:30:00",4.9,134.0,9.0,0.17,9,273.0,0.49,1897,276.0,16.4,273.0,0.5,9,273.0,1.6,1934,275.0,16.6,273.0,-4.9,2,273.0,2.1,2017,318.0,15.7,273.0
"2025-01-07 06:45:00",4.0,136.0,9.0,-0.03,9,272.0,0.39,1477,207.0,16.7,271.0,0.5,9,272.0,1.8,1434,208.0,16.4,272.0,-3.9,2,272.0,2.2,1448,239.0,15.4,272.0
"2025-01-07 07:00:00",4.7,129.0,9.0,0.08,9,273.0,0.4,1577,216.0,16.8,273.0,0.1,9,273.0,1.7,1485,206.0,16.7,273.0,-4.7,2,273.0,2.1,1533,244.0,15.4,273.0
"2025-01-07 07:15:00",5.1,129.0,9.0,0.06,9,274.0,0.32,1422,195.0,16.2,253.0,0.1,9,274.0,1.5,1357,191.0,15.7,254.0,-5.1,2,274.0,2.1,1477,240.0,14.5,255.0
"2025-01-07 07:30:00",4.0,135.0,9.0,0.21,9,272.0,0.33,1503,195.0,17.2,270.0,0.5,9,272.0,1.2,1411,183.0,17.3,272.0,-4.0,2,272.0,1.7,1493,223.0,16.1,272.0
"2025-01-07 07:45:00",5.2,137.0,9.0,0.26,9,273.0,0.38,1670,240.0,16.4,271.0,0.8,9,273.0,1.6,1760,244.0,16.6,273.0,-5.1,2,273.0,1.9,1747,281.0,15.4,273.0
"2025-01-07 08:00:00",4.1,141.0,9.0,0.14,9,272.0,0.31,1396,245.0,14.8,257.0,0.9,9,272.0,1.3,1380,223.0,15.3,266.0,-4.0,2,272.0,2.1,1364,254.0,14.1,261.0
"2025-01-07 08:15:00",4.9,135.0,9.0,0.26,9,275.0,0.31,1468,198.0,16.3,255.0,0.6,9,275.0,1.2,1413,198.0,16.0,254.0,-4.9,2,275.0,2.0,1397,224.0,14.7,254.0
"2025-01-07 08:30:00",4.2,133.0,9.0,0.12,9,271.0,0.34,1593,208.0,17.2,269.0,0.3,9,271.0,1.4,1512,199.0,17.1,270.0,-4.2,2,271.0,2.0,1594,241.0,15.9,271.0
"2025-01-07 08:45:00",3.0,151.0,9.0,0.0,9,271.0,0.24,1081,145.0,17.0,270.0,1.2,9,271.0,0.9,1001,146.0,16.3,270.0,-2.8,2,271.0,1.5,1027,161.0,15.7,271.0
"2025-01-07 09:00:00",4.8,149.0,9.0,0.15,9,272.0,0.31,1225,187.0,15.9,271.0,1.7,9,272.0,1.3,1081,175.0,15.3,270.0,-4.5,2,272.0,2.1,1145,215.0,14.1,272.0
"2025-01-07 09:15:00",5.4,130.0,9.0,0.29,9,275.0,0.39,1385,216.0,15.0,254.0,0.2,9,275.0,1.7,1305,205.0,14.9,255.0,-5.4,2,275.0,2.4,1401,239.0,13.9,255.0
"2025-01-07 09:30:00",6.6,128.0,9.0,0.31,9,272.0,0.48,1693,246.0,16.5,270.0,-0.1,9,272.0,1.9,1715,245.0,16.6,272.0,-6.6,2,272.0,2.6,1668,295.0,14.6,271.0
"2025-01-07 09:45:00",7.7,133.0,9.0,0.5,9,272.0,0.72,1770,361.0,13.5,266.0,0.7,9,272.0,2.7,1844,339.0,14.1,261.0,-7.7,2,272.0,3.2,1820,364.0,13.3,266.0
"2025-01-07 10:00:00",7.3,133.0,9.0,0.42,2,273.0,0.58,1585,265.0,15.0,273.0,0.6,2,273.0,2.0,1599,258.0,15.3,272.0,-7.3,2,273.0,2.6,1579,294.0,14.0,272.0
"2025-01-07 10:15:00",6.9,141.0,9.0,0.28,2,275.0,0.46,1482,266.0,13.6,250.0,1.6,2,275.0,1.8,1472,246.0,14.3,253.0,-6.7,2,275.0,2.8,1454,281.0,12.9,254.0
"2025-01-07 10:30:00",6.2,137.0,9.0,0.23,2,272.0,0.4,1093,204.0,14.0,270.0,1.0,2,272.0,1.8,979,183.0,14.1,270.0,-6.1,2,272.0,3.4,974,231.0,11.9,269.0
"2025-01-07 10:45:00",6.8,139.0,9.0,0.12,2,272.0,0.41,958,180.0,14.2,267.0,1.3,2,272.0,2.0,938,165.0,14.6,270.0,-6.7,2,272.0,3.9,836,212.0,11.4,271.0
"2025-01-07 11:00:00",6.2,134.0,9.0,0.11,2,274.0,0.33,944,165.0,14.7,269.0,0.6,2,274.0,1.5,882,151.0,14.8,274.0,-6.1,2,274.0,3.5,824,206.0,11.6,274.0
"2025-01-07 11:15:00",6.9,133.0,9.0,0.09,2,275.0,0.32,905,165.0,13.9,253.0,0.6,2,275.0,1.2,812,142.0,14.0,255.0,-6.9,2,275.0,3.8,835,209.0,11.1,255.0
"2025-01-07 11:30:00",6.1,138.0,9.0,0.19,2,273.0,0.32,1007,195.0,14.1,257.0,1.0,2,273.0,1.4,933,169.0,14.5,267.0,-6.0,2,273.0,3.3,874,226.0,11.3,265.0
"2025-01-07 11:45:00",1.8,148.0,9.0,0.06,2,273.0,0.23,694,129.0,14.2,271.0,0.6,2,273.0,1.1,522,109.0,13.1,266.0,-1.7,2,273.0,3.0,557,134.0,12.3,268.0
"2025-01-07 12:00:00",2.6,141.0,9.0,0.07,2,274.0,0.24,694,129.0,14.2,271.0,0.6,2,274.0,1.0,577,110.0,13.9,269.0,-2.5,2,274.0,3.5,549,145.0,11.6,271.0
"2025-01-07 12:15:00",6.0,130.0,9.0,0.02,2,275.0,0.24,811,135.0,14.5,252.0,0.2,2,275.0,1.2,755,125.0,14.4,256.0,-6.0,2,275.0,4.8,656,175.0,10.5,255.0
"2025-01-07 12:30:00",5.6,131.0,9.0,0.06,2,273.0,0.29,829,135.0,15.4,272.0,0.3,2,273.0,1.2,751,123.0,15.1,271.0,-5.6,2,273.0,4.8,652,180.0,10.9,273.0
"2025-01-07 12:45:00",4.8,126.0,9.0,0.11,2,274.0,0.32,820,143.0,14.8,270.0,-0.1,2,274.0,1.4,680,127.0,14.2,271.0,-4.8,2,274.0,4.1,628,170.0,10.9,271.0
"2025-01-07 13:00:00",3.5,125.0,9.0,0.05,2,273.0,0.23,761,134.0,14.8,268.0,-0.2,2,273.0,1.2,659,113.0,14.8,272.0,-3.5,2,273.0,3.5,592,155.0,11.6,272.0
"2025-01-07 13:15:00",2.8,114.0,9.0,0.04,2,275.0,0.3,718,180.0,12.3,236.0,-0.7,2,275.0,1.4,596,150.0,12.0,242.0,-2.7,2,275.0,3.5,579,174.0,10.4,229.0
"2025-01-07 13:30:00",2.6,113.0,9.0,0.05,2,273.0,0.23,744,127.0,15.0,270.0,-0.7,2,273.0,0.9,579,109.0,14.0,269.0,-2.5,2,273.0,2.7,559,135.0,12.2,266.0
"2025-01-07 13:45:00",2.5,114.0,9.0,0.2,2,274.0,0.29,769,137.0,14.7,270.0,-0.6,2,274.0,1.0,668,116.0,14.6,272.0,-2.5,2,274.0,1.9,593,127.0,13.3,273.0
"2025-01-07 14:00:00",4.1,115.0,9.0,0.09,2,273.0,0.26,827,132.0,15.6,272.0,-0.9,2,273.0,1.1,651,122.0,14.0,269.0,-3.9,2,273.0,4.3,615,163.0,11.2,271.0
"2025-01-07 14:15:00",3.3,129.0,9.0,0.16,2,275.0,0.27,751,136.0,14.1,256.0,0.0,2,275.0,1.2,720,128.0,13.9,253.0,-3.3,2,275.0,3.0,567,142.0,11.5,253.0
"2025-01-07 14:30:00",3.4,132.0,9.0,0.29,2,273.0,0.36,855,158.0,14.5,270.0,0.2,2,273.0,1.5,766,133.0,14.5,273.0,-3.4,2,273.0,2.2,716,143.0,13.6,273.0
"2025-01-07 14:45:00",2.5,116.0,9.0,0.13,2,273.0,0.25,725,130.0,14.6,266.0,-0.5,2,273.0,1.0,525,111.0,12.8,264.0,-2.5,2,273.0,3.0,535,132.0,12.0,271.0
"2025-01-07 15:00:00",3.1,115.0,9.0,0.11,2,273.0,0.21,745,140.0,14.7,264.0,-0.7,2,273.0,1.1,530,124.0,12.7,259.0,-3.0,2,273.0,4.3,528,152.0,10.9,263.0
"2025-01-07 15:15:00",1.7,116.0,9.0,0.1,2,276.0,0.24,716,145.0,13.9,248.0,-0.4,2,276.0,1.1,491,119.0,12.0,230.0,-1.6,2,276.0,2.6,464,134.0,10.8,196.0
"2025-01-07 15:30:00",0.9,125.0,9.0,0.11,2,273.0,0.23,679,119.0,14.9,268.0,-0.1,2,273.0,0.8,478,106.0,12.7,240.0,-0.9,2,273.0,1.3,491,104.0,13.5,247.0
"2025-01-07 15:45:00",0.9,111.0,9.0,0.05,2,273.0,0.23,680,118.0,14.9,260.0,-0.2,2,273.0,1.0,501,112.0,12.8,248.0,-0.8,2,273.0,1.4,479,112.0,12.6,237.0
"2025-01-07 16:00:00",3.3,127.0,9.0,0.22,2,273.0,0.36,772,148.0,14.3,262.0,-0.1,2,273.0,1.7,624,129.0,13.2,252.0,-3.3,2,273.0,3.2,573,139.0,12.0,233.0
"2025-01-07 16:15:00",4.7,126.0,9.0,0.14,2,276.0,0.32,757,140.0,13.9,251.0,-0.2,2,276.0,1.7,614,125.0,12.8,252.0,-4.7,2,276.0,4.2,586,156.0,10.8,251.0
"2025-01-07 16:30:00",3.1,122.0,9.0,0.1,2,273.0,0.26,783,134.0,15.0,267.0,-0.3,2,273.0,1.2,618,122.0,13.4,267.0,-3.1,2,273.0,3.7,575,150.0,11.6,272.0
"2025-01-07 16:45:00",1.3,127.0,9.0,0.15,2,273.0,0.29,723,133.0,14.4,268.0,0.0,2,273.0,1.2,510,110.0,13.0,264.0,-1.3,2,273.0,1.4,532,115.0,13.1,267.0
"2025-01-07 17:00:00",4.3,128.0,9.0,0.31,2,273.0,0.39,802,161.0,14.0,263.0,0.0,2,273.0,1.4,661,135.0,13.6,263.0,-4.3,2,273.0,3.5,644,165.0,11.6,268.0
"2025-01-07 17:15:00",2.1,133.0,9.0,0.44,2,275.0,0.72,825,163.0,13.6,255.0,0.2,2,275.0,2.3,662,137.0,12.9,255.0,-2.1,2,275.0,1.4,672,118.0,14.3,254.0
"2025-01-07 17:30:00",0.4,147.0,9.0,0.07,9,274.0,0.18,896,129.0,16.4,271.0,0.1,9,274.0,1.3,624,123.0,13.6,268.0,-0.4,9,274.0,1.0,645,111.0,15.4,269.0
"2025-01-07 17:45:00",0.6,107.0,9.0,0.08,2,273.0,0.19,798,121.0,16.1,270.0,-0.2,2,273.0,1.0,540,108.0,13.7,266.0,-0.6,2,273.0,1.4,585,107.0,14.7,268.0
"2025-01-07 18:00:00",1.3,131.0,9.0,0.12,9,273.0,0.25,851,132.0,15.9,271.0,0.1,9,273.0,1.4,688,124.0,14.6,268.0,-1.3,9,273.0,1.9,628,127.0,13.9,268.0
"2025-01-07 18:15:00",4.0,126.0,9.0,0.64,9,275.0,0.71,936,201.0,12.7,255.0,-0.2,9,275.0,1.8,794,154.0,13.4,255.0,-4.0,2,275.0,2.1,805,159.0,13.4,256.0
"2025-01-07 18:30:00",2.6,132.0,9.0,0.27,9,273.0,0.33,914,168.0,14.6,268.0,0.2,9,273.0,1.8,824,147.0,14.5,270.0,-2.6,2,273.0,2.3,731,158.0,13.2,271.0
"2025-01-07 18:45:00",3.1,129.0,9.0,0.3,9,273.0,0.35,889,168.0,14.5,266.0,0.0,9,273.0,1.3,696,131.0,14.3,268.0,-3.1,2,273.0,2.5,666,147.0,13.1,272.0
"2025-01-07 19:00:00",2.0,128.0,9.0,0.28,9,274.0,0.39,835,162.0,14.2,269.0,0.0,9,274.0,1.2,612,121.0,13.6,271.0,-2.0,9,274.0,1.9,649,129.0,13.8,270.0
"2025-01-07 19:15:00",3.7,122.0,9.0,0.31,9,275.0,0.35,808,151.0,13.8,251.0,-0.4,9,275.0,1.3,652,123.0,13.4,253.0,-3.7,2,275.0,3.3,624,156.0,11.4,255.0
"2025-01-07 19:30:00",3.6,127.0,9.0,0.3,9,273.0,0.35,768,143.0,14.4,268.0,-0.1,9,273.0,1.3,620,116.0,14.0,271.0,-3.6,2,273.0,3.4,583,148.0,11.8,271.0
"2025-01-07 19:45:00",4.5,125.0,9.0,0.33,9,273.0,0.42,821,158.0,14.2,268.0,-0.3,9,273.0,1.5,739,132.0,14.4,268.0,-4.5,2,273.0,3.5,653,161.0,12.0,271.0
"2025-01-07 20:00:00",4.4,132.0,9.0,0.41,9,273.0,0.49,840,163.0,14.1,268.0,0.3,9,273.0,1.7,725,135.0,14.1,271.0,-4.4,2,273.0,3.0,675,162.0,12.1,273.0
"2025-01-07 20:15:00",4.7,127.0,9.0,0.34,9,275.0,0.4,758,152.0,13.3,250.0,-0.1,9,275.0,1.8,630,125.0,13.0,254.0,-4.7,2,275.0,3.8,594,157.0,10.9,254.0
"2025-01-07 20:30:00",1.9,154.0,9.0,0.23,9,273.0,0.45,702,157.0,13.1,263.0,0.8,9,273.0,1.8,551,125.0,12.7,265.0,-1.7,9,273.0,1.6,593,116.0,14.2,268.0
"2025-01-07 20:45:00",0.4,139.0,9.0,0.07,9,273.0,0.2,770,118.0,15.9,270.0,0.1,9,273.0,1.2,519,108.0,13.4,265.0,-0.4,9,273.0,0.9,549,95.0,15.0,267.0
"2025-01-07 21:00:00",1.4,142.0,9.0,0.15,9,273.0,0.31,697,129.0,14.5,267.0,0.3,9,273.0,1.3,553,116.0,13.4,268.0,-1.4,9,273.0,1.9,542,112.0,13.7,267.0
"2025-01-07 21:15:00",3.2,154.0,9.0,0.49,9,276.0,0.73,700,169.0,11.9,253.0,1.4,9,276.0,2.7,580,143.0,11.4,251.0,-2.9,2,276.0,2.0,608,122.0,13.2,254.0
"2025-01-07 21:30:00",1.6,141.0,9.0,0.17,9,273.0,0.26,751,128.0,15.1,268.0,0.4,9,273.0,1.4,522,112.0,13.1,265.0,-1.6,9,273.0,1.6,528,110.0,13.4,268.0
"2025-01-07 21:45:00",3.6,132.0,9.0,0.26,9,273.0,0.44,771,143.0,14.3,268.0,0.3,9,273.0,1.8,599,124.0,13.2,269.0,-3.6,2,273.0,3.7,600,151.0,11.7,270.0
"2025-01-07 22:00:00",4.2,137.0,9.0,0.39,9,274.0,0.59,732,156.0,13.5,269.0,0.6,9,274.0,2.3,605,133.0,12.8,266.0,-4.1,2,274.0,3.6,635,148.0,12.7,273.0
"2025-01-07 22:15:00",1.0,152.0,9.0,0.15,9,275.0,0.43,642,130.0,13.3,250.0,0.4,9,275.0,2.2,464,110.0,11.9,246.0,-0.9,9,275.0,1.2,463,95.0,13.4,249.0
"2025-01-07 22:30:00",1.5,153.0,9.0,0.11,9,273.0,0.34,658,120.0,14.5,268.0,0.6,9,273.0,1.7,471,102.0,12.9,267.0,-1.3,9,273.0,2.0,483,101.0,13.4,266.0
"2025-01-07 22:45:00",1.6,152.0,9.0,0.22,9,273.0,0.3,749,136.0,14.6,268.0,0.6,9,273.0,1.6,499,112.0,12.7,262.0,-1.4,9,273.0,1.5,553,102.0,14.5,267.0
"2025-01-07 23:00:00",1.0,129.0,9.0,0.12,9,273.0,0.18,698,112.0,15.6,272.0,0.0,9,273.0,1.0,424,97.0,12.6,263.0,-1.0,9,273.0,1.3,450,96.0,13.3,267.0
"2025-01-07 23:15:00",2.4,128.0,9.0,0.2,9,276.0,0.26,672,118.0,14.2,252.0,0.0,9,276.0,1.0,504,104.0,13.0,249.0,-2.4,2,276.0,2.4,484,112.0,12.2,255.0
"2025-01-07 23:30:00",3.6,121.0,9.0,0.16,9,273.0,0.25,765,126.0,15.4,267.0,-0.4,9,273.0,1.2,592,114.0,13.7,266.0,-3.6,2,273.0,4.0,548,144.0,11.6,269.0
"2025-01-07 23:45:00",2.7,122.0,9.0,0.13,9,273.0,0.22,742,123.0,15.2,269.0,-0.3,9,273.0,0.8,519,108.0,13.0,259.0,-2.7,2,273.0,3.9,522,142.0,11.2,267.0
"2025-01-08 00:00:00",2.9,128.0,9.0,0.09,9,273.0,0.19,730,119.0,15.3,269.0,0.0,9,273.0,0.9,524,114.0,12.8,268.0,-2.9,2,273.0,4.2,524,143.0,11.1,270.0
"2025-01-08 00:15:00",3.6,131.0,9.0,0.23,9,276.0,0.35,746,161.0,12.7,243.0,0.2,9,276.0,1.6,571,140.0,11.4,246.0,-3.6,2,276.0,3.2,540,153.0,10.4,247.0
"2025-01-08 00:30:00",3.5,125.0,9.0,0.38,9,273.0,0.58,869,170.0,14.1,272.0,-0.2,9,273.0,1.7,723,153.0,12.9,269.0,-3.5,2,273.0,3.1,697,163.0,12.4,269.0
"2025-01-08 00:45:00",0.4,113.0,9.0,0.01,9,274.0,0.21,760,130.0,15.6,265.0,-0.1,9,274.0,0.7,568,127.0,13.2,245.0,-0.4,9,274.0,1.0,525,123.0,13.4,241.0
"2025-01-08 01:00:00",0.4,99.0,9.0,0.09,9,273.0,0.18,788,105.0,17.2,271.0,-0.2,9,273.0,0.9,530,94.0,14.7,267.0,-0.3,9,273.0,0.6,632,82.0,17.5,268.0
"2025-01-08 01:15:00",0.1,108.0,9.0,0.07,9,276.0,0.16,845,109.0,16.7,255.0,0.0,9,276.0,0.5,568,99.0,14.3,249.0,-0.1,9,276.0,0.4,712,75.0,18.4,254.0
"2025-01-08 01:30:00",1.0,104.0,9.0,0.13,9,273.0,0.17,1004,119.0,18.2,272.0,-0.4,9,273.0,0.7,590,99.0,15.1,269.0,-0.9,9,273.0,0.8,588,90.0,16.0,271.0
"2025-01-08 01:45:00",0.3,137.0,9.0,0.08,9,274.0,0.17,850,106.0,17.6,274.0,0.1,9,274.0,0.7,526,96.0,14.4,267.0,-0.3,9,274.0,0.7,562,82.0,16.5,269.0
"2025-01-08 02:00:00",0.6,102.0,9.0,0.11,9,273.0,0.29,831,164.0,15.5,256.0,-0.2,9,273.0,0.9,531,127.0,13.1,240.0,-0.5,9,273.0,0.7,552,121.0,14.6,249.0
"2025-01-08 02:15:00",0.2,150.0,9.0,0.05,9,276.0,0.17,734,98.0,16.5,256.0,0.1,9,276.0,0.7,387,85.0,12.5,246.0,-0.2,9,276.0,0.6,471,69.0,15.8,253.0
"2025-01-08 02:30:00",0.3,124.0,9.0,0.08,9,273.0,0.16,853,140.0,16.4,265.0,0.0,9,273.0,0.7,419,122.0,11.5,225.0,-0.3,9,273.0,0.7,506,135.0,12.9,242.0
"2025-01-08 02:45:00",0.5,124.0,9.0,0.1,9,273.0,0.18,852,115.0,17.0,273.0,0.0,9,273.0,0.6,474,101.0,13.4,256.0,-0.5,9,273.0,0.6,507,101.0,14.4,261.0
"2025-01-08 03:00:00",0.4,156.0,9.0,0.02,9,274.0,0.16,711,165.0,12.8,250.0,0.2,9,274.0,0.7,472,160.0,9.7,209.0,-0.4,9,274.0,0.8,586,173.0,11.1,234.0
"2025-01-08 03:15:00",1.1,144.0,9.0,0.07,9,275.0,0.15,808,111.0,16.2,255.0,0.3,9,275.0,0.9,538,100.0,13.9,253.0,-1.1,9,275.0,1.4,533,109.0,13.2,249.0
"2025-01-08 03:30:00",1.0,122.0,9.0,0.05,9,274.0,0.19,825,113.0,16.8,274.0,-0.1,9,274.0,1.0,582,110.0,14.1,267.0,-1.0,9,274.0,1.7,564,128.0,12.9,267.0
"2025-01-08 03:45:00",1.3,115.0,9.0,0.09,9,273.0,0.2,805,165.0,14.5,250.0,-0.3,9,273.0,1.4,568,137.0,12.7,255.0,-1.2,9,273.0,1.7,586,149.0,12.6,252.0
"2025-01-08 04:00:00",1.6,140.0,9.0,0.04,9,274.0,0.18,882,119.0,17.1,272.0,0.3,9,274.0,1.0,623,107.0,14.8,274.0,-1.6,9,274.0,2.0,646,132.0,13.8,269.0
"2025-01-08 04:15:00",1.8,128.0,9.0,0.07,9,275.0,0.2,795,118.0,15.6,255.0,0.0,9,275.0,1.0,540,108.0,13.2,253.0,-1.8,9,275.0,2.6,564,132.0,12.1,255.0
"2025-01-08 04:30:00",0.6,136.0,9.0,0.08,9,273.0,0.18,792,114.0,16.5,271.0,0.1,9,273.0,0.8,496,105.0,13.2,263.0,-0.6,9,273.0,1.2,549,103.0,14.4,268.0
"2025-01-08 04:45:00",0.5,136.0,9.0,0.05,9,274.0,0.17,803,113.0,16.7,272.0,0.1,9,274.0,0.7,515,104.0,13.5,265.0,-0.5,9,274.0,0.8,544,95.0,15.0,268.0
"2025-01-08 05:00:00",0.7,135.0,9.0,0.04,9,273.0,0.17,778,110.0,16.6,271.0,0.1,9,273.0,0.8,485,100.0,13.4,264.0,-0.7,9,273.0,1.1,577,100.0,15.1,268.0
"2025-01-08 05:15:00",0.4,129.0,9.0,0.05,9,275.0,0.17,731,110.0,15.6,254.0,0.0,9,275.0,0.7,471,100.0,12.6,236.0,-0.4,9,275.0,0.7,506,94.0,13.9,250.0
"2025-01-08 05:30:00",0.4,121.0,9.0,0.04,9,274.0,0.2,818,148.0,15.3,263.0,0.0,9,274.0,1.2,502,126.0,12.3,248.0,-0.4,9,274.0,1.1,576,123.0,14.1,251.0
"2025-01-08 05:45:00",0.3,153.0,9.0,0.02,9,273.0,0.15,744,99.0,17.0,268.0,0.1,9,273.0,0.8,438,84.0,14.1,273.0,-0.3,9,273.0,0.5,634,74.0,18.3,269.0
"2025-01-08 06:00:00",0.1,58.0,9.0,0.05,9,273.0,0.18,698,104.0,16.3,273.0,-0.1,9,273.0,0.7,448,88.0,13.6,266.0,0.0,9,273.0,0.7,512,79.0,16.0,268.0
"2025-01-08 06:15:00",0.3,152.0,9.0,0.02,9,276.0,0.2,644,103.0,14.9,255.0,0.1,9,276.0,0.8,395,87.0,12.4,248.0,-0.3,9,276.0,0.7,451,80.0,14.2,251.0
"2025-01-08 06:30:00",0.5,116.0,9.0,0.07,9,273.0,0.19,752,104.0,16.9,272.0,-0.1,9,273.0,0.9,457,88.0,13.9,265.0,-0.4,9,273.0,0.7,515,84.0,15.6,268.0
"2025-01-08 06:45:00",0.3,125.0,9.0,0.06,9,273.0,0.17,862,107.0,17.9,272.0,0.0,9,273.0,0.7,487,88.0,14.4,271.0,-0.3,9,273.0,0.7,560,83.0,16.4,268.0
"2025-01-08 07:00:00",0.5,143.0,9.0,0.07,9,274.0,0.2,821,107.0,17.4,274.0,0.1,9,274.0,0.7,509,88.0,14.7,272.0,-0.4,9,274.0,0.8,554,81.0,16.6,269.0
"2025-01-08 07:15:00",0.5,126.0,9.0,0.1,9,275.0,0.16,822,144.0,15.2,236.0,0.0,9,275.0,0.6,567,120.0,13.5,238.0,-0.5,9,275.0,0.8,600,112.0,14.5,247.0
"2025-01-08 07:30:00",0.4,132.0,9.0,0.08,9,273.0,0.18,792,119.0,16.1,271.0,0.0,9,273.0,0.5,694,98.0,16.6,269.0,-0.4,9,273.0,0.7,552,90.0,15.6,272.0
"2025-01-08 07:45:00",0.3,102.0,9.0,0.11,9,273.0,0.14,934,113.0,18.0,268.0,-0.1,9,273.0,0.5,574,92.0,15.4,271.0,-0.3,9,273.0,0.7,535,79.0,16.3,272.0
"2025-01-08 08:00:00",0.8,95.0,9.0,0.19,9,273.0,0.19,820,113.0,16.8,271.0,-0.4,9,273.0,0.4,609,92.0,16.0,269.0,-0.7,9,273.0,0.6,534,81.0,16.2,273.0
"2025-01-08 08:15:00",0.6,100.0,9.0,0.13,9,276.0,0.12,892,120.0,16.6,256.0,-0.3,9,276.0,0.2,777,94.0,17.6,254.0,-0.5,9,276.0,0.4,594,87.0,16.0,256.0
"2025-01-08 08:30:00",0.2,233.0,9.0,0.03,9,273.0,0.13,1024,114.0,18.7,270.0,0.2,9,273.0,0.6,490,95.0,13.9,262.0,0.0,9,273.0,0.5,716,83.0,18.5,271.0
"2025-01-08 08:45:00",0.2,221.0,9.0,0.01,9,273.0,0.15,918,114.0,17.8,269.0,0.2,9,273.0,0.6,518,96.0,14.3,266.0,0.0,9,273.0,0.6,571,85.0,16.3,268.0
"2025-01-08 09:00:00",0.2,186.0,9.0,0.03,9,274.0,0.18,888,131.0,16.9,263.0,0.2,9,274.0,0.7,534,108.0,14.1,256.0,-0.1,9,274.0,0.6,621,100.0,16.2,266.0
"2025-01-08 09:15:00",0.2,134.0,9.0,0.06,9,275.0,0.16,831,131.0,16.0,253.0,0.0,9,275.0,0.5,443,106.0,12.3,223.0,-0.2,9,275.0,0.6,533,93.0,15.0,254.0
"2025-01-08 09:30:00",0.1,178.0,9.0,0.03,9,273.0,0.17,789,103.0,17.3,272.0,0.1,9,273.0,0.6,449,89.0,13.7,255.0,-0.1,9,273.0,0.6,542,79.0,16.5,267.0
"2025-01-08 09:45:00",0.4,91.0,9.0,0.08,9,273.0,0.15,789,102.0,17.4,273.0,-0.2,9,273.0,0.7,440,91.0,13.4,251.0,-0.3,9,273.0,0.6,504,83.0,15.4,264.0
"2025-01-08 10:00:00",0.2,156.0,9.0,0.05,9,273.0,0.18,729,102.0,16.7,272.0,0.1,9,273.0,0.8,483,90.0,14.2,254.0,-0.2,9,273.0,0.7,542,81.0,16.3,265.0
"2025-01-08 10:15:00",0.6,127.0,9.0,0.07,2,275.0,0.18,678,104.0,15.3,254.0,0.0,2,275.0,0.9,448,97.0,12.5,244.0,-0.6,2,275.0,1.3,474,93.0,13.4,248.0
"2025-01-08 10:30:00",0.9,136.0,9.0,0.03,2,273.0,0.21,731,107.0,16.3,271.0,0.1,2,273.0,1.0,472,98.0,13.2,263.0,-0.9,2,273.0,1.8,542,96.0,15.0,268.0
"2025-01-08 10:45:00",0.6,148.0,9.0,0.06,2,274.0,0.2,729,106.0,16.4,271.0,0.2,2,274.0,1.0,507,92.0,14.5,268.0,-0.5,2,274.0,1.0,540,83.0,16.1,269.0
"2025-01-08 11:00:00",0.5,154.0,9.0,-0.02,2,273.0,0.2,696,115.0,15.6,268.0,0.2,2,273.0,0.9,442,104.0,12.5,258.0,-0.4,2,273.0,1.5,463,100.0,13.5,267.0
"2025-01-08 11:15:00",0.4,120.0,9.0,0.03,9,275.0,0.16,649,94.0,15.8,255.0,0.0,9,275.0,0.8,400,85.0,12.8,249.0,-0.4,9,275.0,0.9,418,73.0,14.4,250.0
"2025-01-08 11:30:00",0.2,149.0,9.0,0.0,9,272.0,0.18,662,101.0,16.0,268.0,0.1,9,272.0,0.8,435,92.0,13.1,265.0,-0.2,9,272.0,0.8,425,78.0,14.4,265.0
"2025-01-08 11:45:00",0.6,167.0,9.0,0.04,2,273.0,0.22,733,116.0,15.8,268.0,0.4,2,273.0,1.5,479,110.0,12.5,262.0,-0.4,2,273.0,0.8,481,86.0,14.6,272.0
"2025-01-08 12:00:00",0.4,125.0,9.0,0.02,9,273.0,0.18,685,107.0,15.7,271.0,0.0,9,273.0,0.7,473,100.0,13.4,262.0,-0.4,9,273.0,0.8,476,86.0,14.6,267.0
"2025-01-08 12:15:00",0.7,118.0,9.0,0.08,2,276.0,0.23,701,120.0,14.5,252.0,-0.1,2,276.0,1.1,494,116.0,11.9,246.0,-0.7,2,276.0,0.9,475,86.0,14.1,251.0
"2025-01-08 12:30:00",0.7,150.0,9.0,0.01,2,273.0,0.2,737,121.0,15.3,271.0,0.3,2,273.0,1.2,512,121.0,12.0,260.0,-0.7,2,273.0,1.4,477,100.0,13.5,267.0
"2025-01-08 12:45:00",0.4,125.0,9.0,0.0,2,273.0,0.21,677,119.0,15.1,266.0,0.0,2,273.0,1.1,464,111.0,12.4,258.0,-0.4,2,273.0,1.0,460,97.0,13.6,260.0
"2025-01-08 13:00:00",0.7,151.0,9.0,-0.01,2,273.0,0.2,712,113.0,15.6,269.0,0.3,2,273.0,1.4,479,109.0,12.7,266.0,-0.6,2,273.0,1.7,470,93.0,14.0,267.0
"2025-01-08 13:15:00",0.4,155.0,9.0,0.01,2,275.0,0.2,696,116.0,14.6,255.0,0.2,2,275.0,1.1,462,113.0,11.7,245.0,-0.3,2,275.0,1.2,443,85.0,13.6,251.0
"2025-01-08 13:30:00",0.4,141.0,9.0,0.01,2,273.0,0.21,739,120.0,15.4,271.0,0.1,2,273.0,1.2,482,117.0,12.0,265.0,-0.4,2,273.0,0.9,493,86.0,14.9,268.0
"2025-01-08 13:45:00",0.3,95.0,9.0,0.01,9,274.0,0.17,695,114.0,15.3,269.0,-0.2,9,274.0,0.9,498,111.0,12.7,260.0,-0.2,9,274.0,0.8,474,82.0,15.0,270.0
"2025-01-08 14:00:00",0.7,181.0,9.0,0.06,2,275.0,0.25,779,129.0,15.4,272.0,0.6,2,275.0,1.5,533,122.0,12.5,263.0,-0.4,2,275.0,1.1,538,88.0,15.5,270.0
"2025-01-08 14:15:00",0.3,157.0,9.0,0.07,2,276.0,0.2,685,101.0,15.6,256.0,0.1,2,276.0,0.8,444,92.0,13.0,250.0,-0.2,2,276.0,0.8,449,73.0,14.9,255.0
"2025-01-08 14:30:00",0.2,156.0,9.0,0.06,2,275.0,0.16,791,115.0,16.6,267.0,0.1,2,275.0,0.7,483,96.0,13.9,266.0,-0.2,2,275.0,0.8,511,84.0,15.8,266.0
"2025-01-08 14:45:00",0.2,191.0,9.0,0.04,2,275.0,0.17,951,123.0,17.3,273.0,0.2,2,275.0,0.8,575,112.0,13.9,271.0,-0.1,2,275.0,0.7,537,81.0,16.1,274.0
"2025-01-08 15:00:00",0.3,140.0,9.0,0.06,2,275.0,0.14,1058,122.0,18.4,273.0,0.1,2,275.0,0.7,534,105.0,13.8,273.0,-0.3,2,275.0,0.6,583,78.0,17.0,272.0
"2025-01-08 15:15:00",0.4,177.0,9.0,0.04,2,275.0,0.15,1063,117.0,18.0,256.0,0.3,2,275.0,0.8,539,97.0,14.2,251.0,-0.3,2,275.0,0.6,565,79.0,16.1,254.0
"2025-01-08 15:30:00",0.5,173.0,9.0,0.02,9,273.0,0.16,1057,120.0,18.4,272.0,0.3,9,273.0,0.8,543,94.0,14.9,273.0,-0.3,9,273.0,0.7,527,81.0,16.1,270.0
"2025-01-08 15:45:00",0.5,148.0,9.0,0.06,2,273.0,0.13,1149,121.0,19.2,272.0,0.2,2,273.0,0.7,533,95.0,14.7,269.0,-0.4,2,273.0,0.7,578,85.0,16.4,272.0
"2025-01-08 16:00:00",0.5,158.0,9.0,0.06,9,273.0,0.15,993,118.0,17.9,271.0,0.2,9,273.0,0.7,532,101.0,14.1,271.0,-0.4,9,273.0,0.8,588,88.0,16.1,272.0
"2025-01-08 16:15:00",0.3,163.0,9.0,0.07,2,275.0,0.14,983,128.0,16.9,252.0,0.1,2,275.0,0.7,497,106.0,12.9,247.0,-0.2,2,275.0,0.7,530,90.0,14.8,253.0
"2025-01-08 16:30:00",0.4,118.0,9.0,0.12,9,273.0,0.14,1057,127.0,18.0,273.0,-0.1,9,273.0,0.7,487,106.0,12.9,271.0,-0.4,9,273.0,0.6,581,91.0,15.7,270.0
"2025-01-08 16:45:00",0.4,99.0,9.0,0.13,9,273.0,0.16,1051,125.0,18.0,273.0,-0.2,9,273.0,0.7,486,105.0,13.1,266.0,-0.3,9,273.0,0.6,586,93.0,15.7,273.0
"2025-01-08 17:00:00",0.3,124.0,9.0,0.08,9,273.0,0.13,1156,126.0,18.8,271.0,0.0,9,273.0,0.7,519,104.0,13.7,266.0,-0.3,9,273.0,0.6,630,92.0,16.3,270.0
"2025-01-08 17:15:00",0.5,154.0,9.0,0.09,2,275.0,0.12,1275,136.0,18.3,253.0,0.2,2,275.0,0.9,527,112.0,12.7,250.0,-0.4,2,275.0,0.7,653,100.0,15.3,250.0
"2025-01-08 17:30:00",0.5,156.0,9.0,0.07,2,273.0,0.17,1094,136.0,17.6,273.0,0.2,2,273.0,0.7,593,114.0,14.0,267.0,-0.5,2,273.0,0.7,696,107.0,15.9,272.0
"2025-01-08 17:45:00",0.3,143.0,9.0,0.05,2,273.0,0.14,959,133.0,16.6,268.0,0.1,2,273.0,0.7,591,114.0,13.9,267.0,-0.3,2,273.0,0.6,729,100.0,16.9,269.0
"2025-01-08 18:00:00",0.4,119.0,9.0,0.09,9,273.0,0.13,1220,137.0,18.5,272.0,-0.1,9,273.0,0.6,590,118.0,13.5,263.0,-0.4,9,273.0,0.7,670,103.0,15.9,269.0
"2025-01-08 18:15:00",0.2,81.0,9.0,0.06,9,275.0,0.15,1257,141.0,17.6,255.0,-0.2,9,275.0,0.7,612,118.0,13.5,247.0,-0.2,9,275.0,0.6,663,105.0,15.1,255.0
"2025-01-08 18:30:00",0.3,119.0,9.0,0.08,9,273.0,0.16,1104,151.0,17.0,269.0,-0.1,9,273.0,0.7,590,135.0,12.9,253.0,-0.3,9,273.0,0.6,687,117.0,15.3,265.0
"2025-01-08 18:45:00",0.6,110.0,9.0,0.08,9,272.0,0.14,1137,154.0,17.0,270.0,-0.2,9,272.0,0.7,626,134.0,13.0,258.0,-0.6,9,272.0,0.8,715,125.0,14.9,265.0
"2025-01-08 19:00:00",0.8,128.0,9.0,0.12,9,273.0,0.17,1084,142.0,17.3,273.0,0.0,9,273.0,0.8,645,123.0,14.2,272.0,-0.8,9,273.0,0.8,809,121.0,16.5,269.0
"2025-01-08 19:15:00",1.0,132.0,9.0,0.08,9,275.0,0.15,1101,138.0,16.9,252.0,0.1,9,275.0,0.7,607,114.0,13.6,251.0,-1.0,9,275.0,1.0,727,118.0,15.0,252.0
"2025-01-08 19:30:00",0.3,103.0,9.0,0.09,9,273.0,0.14,1114,139.0,17.7,270.0,-0.1,9,273.0,0.6,600,115.0,14.1,267.0,-0.3,9,273.0,0.7,676,108.0,15.6,268.0
"2025-01-08 19:45:00",0.4,113.0,9.0,0.09,9,273.0,0.16,1091,139.0,17.5,273.0,-0.1,9,273.0,0.8,569,117.0,13.4,266.0,-0.4,9,273.0,0.8,701,107.0,16.0,273.0
"2025-01-08 20:00:00",0.3,130.0,9.0,0.08,9,273.0,0.14,1107,140.0,17.6,270.0,0.0,9,273.0,0.7,609,119.0,13.9,266.0,-0.3,9,273.0,0.7,742,108.0,16.4,270.0
"2025-01-08 20:15:00",0.2,111.0,9.0,0.11,9,275.0,0.16,1140,187.0,16.1,241.0,-0.1,9,275.0,0.7,673,166.0,12.9,231.0,-0.2,9,275.0,1.2,713,147.0,14.3,232.0
"2025-01-08 20:30:00",0.2,187.0,9.0,0.06,9,273.0,0.17,1014,138.0,16.9,271.0,0.2,9,273.0,0.6,588,117.0,13.8,266.0,-0.1,9,273.0,0.7,670,108.0,15.6,269.0
"2025-01-08 20:45:00",0.2,86.0,9.0,0.07,9,273.0,0.16,1063,134.0,17.6,272.0,-0.1,9,273.0,0.6,623,112.0,14.6,269.0,-0.1,9,273.0,0.6,714,99.0,16.8,270.0
"2025-01-08 21:00:00",0.1,164.0,9.0,0.03,9,272.0,0.16,1187,141.0,18.0,272.0,0.1,9,272.0,0.6,643,112.0,14.7,267.0,-0.1,9,272.0,0.6,798,103.0,17.2,269.0
"2025-01-08 21:15:00",0.4,140.0,9.0,0.02,9,275.0,0.14,1081,148.0,16.1,252.0,0.1,9,275.0,0.7,606,128.0,12.6,243.0,-0.4,9,275.0,0.9,687,117.0,14.4,252.0
"2025-01-08 21:30:00",0.6,162.0,9.0,0.03,9,273.0,0.16,1043,151.0,16.5,272.0,0.3,9,273.0,0.9,636,126.0,13.7,267.0,-0.5,9,273.0,1.0,683,122.0,14.7,267.0
"2025-01-08 21:45:00",0.6,152.0,9.0,0.04,9,271.0,0.16,1169,143.0,17.5,269.0,0.2,9,271.0,0.8,724,122.0,14.9,258.0,-0.5,9,271.0,1.1,777,126.0,15.2,264.0
"2025-01-08 22:00:00",0.4,168.0,9.0,0.03,9,272.0,0.15,1303,144.0,18.4,269.0,0.3,9,272.0,0.8,712,118.0,15.2,267.0,-0.3,9,272.0,0.9,786,121.0,15.8,267.0
"2025-01-08 22:15:00",0.6,150.0,9.0,0.05,9,274.0,0.17,1113,177.0,15.9,250.0,0.2,9,274.0,0.8,681,147.0,13.5,241.0,-0.5,9,274.0,1.0,686,152.0,13.3,238.0
"2025-01-08 22:30:00",0.4,163.0,9.0,0.03,9,273.0,0.16,1099,128.0,18.1,272.0,0.2,9,273.0,0.8,568,106.0,14.2,262.0,-0.3,9,273.0,0.9,613,106.0,14.8,265.0
"2025-01-08 22:45:00",0.3,174.0,9.0,0.03,9,273.0,0.15,1013,126.0,17.6,272.0,0.2,9,273.0,0.8,572,109.0,14.1,261.0,-0.2,9,273.0,0.7,607,104.0,15.1,267.0
"2025-01-08 23:00:00",0.5,180.0,9.0,0.03,9,273.0,0.14,1004,124.0,17.8,271.0,0.4,9,273.0,0.9,547,103.0,14.1,266.0,-0.3,9,273.0,0.7,579,99.0,15.0,267.0
"2025-01-08 23:15:00",0.4,178.0,9.0,0.02,9,275.0,0.15,864,112.0,16.6,254.0,0.3,9,275.0,0.7,532,98.0,14.0,254.0,-0.3,9,275.0,0.6,529,94.0,14.3,253.0
"2025-01-08 23:30:00",0.3,164.0,9.0,0.01,9,273.0,0.16,924,116.0,17.5,272.0,0.2,9,273.0,0.7,539,101.0,14.2,264.0,-0.3,9,273.0,0.7,563,97.0,15.0,268.0
"2025-01-08 23:45:00",0.3,165.0,9.0,-0.01,9,273.0,0.16,891,116.0,17.2,269.0,0.2,9,273.0,0.7,531,100.0,14.1,267.0,-0.3,9,273.0,0.7,545,98.0,14.7,269.0
"2025-01-09 00:00:00",0.4,176.0,9.0,0.0,9,272.0,0.17,924,152.0,15.9,257.0,0.3,9,272.0,0.9,547,130.0,12.7,240.0,-0.3,9,272.0,1.1,540,126.0,13.1,246.0
"2025-01-09 00:15:00",0.5,189.0,9.0,-0.02,9,276.0,0.14,900,113.0,16.8,256.0,0.5,9,276.0,0.8,510,104.0,13.1,249.0,-0.3,9,276.0,0.8,490,93.0,13.7,250.0
"2025-01-09 00:30:00",0.5,181.0,9.0,0.01,9,273.0,0.15,936,116.0,17.6,271.0,0.4,9,273.0,0.7,541,105.0,13.9,270.0,-0.3,9,273.0,0.7,548,94.0,15.1,267.0
"2025-01-09 00:45:00",0.5,194.0,9.0,0.02,9,273.0,0.17,903,116.0,17.3,272.0,0.4,9,273.0,0.7,532,104.0,13.8,268.0,-0.2,9,273.0,0.6,567,93.0,15.5,268.0
"2025-01-09 01:00:00",0.4,182.0,9.0,0.02,9,274.0,0.16,908,116.0,17.4,272.0,0.4,9,274.0,0.7,562,106.0,14.1,270.0,-0.3,9,274.0,0.8,527,97.0,14.5,269.0
"2025-01-09 01:15:00",0.5,168.0,9.0,0.03,9,275.0,0.17,778,110.0,16.0,255.0,0.3,9,275.0,0.8,513,100.0,13.5,253.0,-0.4,9,275.0,0.8,523,98.0,13.9,251.0
"2025-01-09 01:30:00",0.3,126.0,9.0,0.03,9,273.0,0.17,817,115.0,16.4,272.0,0.0,9,273.0,0.7,497,105.0,13.1,260.0,-0.3,9,273.0,0.8,528,100.0,14.2,265.0
"2025-01-09 01:45:00",0.3,152.0,9.0,0.03,9,274.0,0.21,808,160.0,14.7,259.0,0.1,9,274.0,0.8,532,137.0,12.3,243.0,-0.3,9,274.0,1.6,524,133.0,12.4,245.0
"2025-01-09 02:00:00",0.4,177.0,9.0,0.05,9,273.0,0.15,872,109.0,17.6,271.0,0.3,9,273.0,0.8,512,98.0,14.1,264.0,-0.3,9,273.0,0.6,539,92.0,15.1,268.0
"2025-01-09 02:15:00",0.5,188.0,9.0,0.03,9,275.0,0.14,870,106.0,17.0,255.0,0.5,9,275.0,0.8,454,93.0,13.0,248.0,-0.3,9,275.0,0.7,486,91.0,13.8,250.0
"2025-01-09 02:30:00",0.6,182.0,9.0,0.02,9,274.0,0.15,917,113.0,17.8,269.0,0.5,9,274.0,0.9,514,100.0,13.8,269.0,-0.3,9,274.0,1.0,521,93.0,14.7,269.0
"2025-01-09 02:45:00",0.6,195.0,9.0,0.01,9,273.0,0.16,880,114.0,17.3,273.0,0.6,9,273.0,0.9,542,106.0,13.9,270.0,-0.2,9,273.0,0.8,562,94.0,15.2,268.0
"2025-01-09 03:00:00",0.6,186.0,9.0,0.01,9,273.0,0.15,906,114.0,17.6,271.0,0.5,9,273.0,0.9,539,110.0,13.5,267.0,-0.3,9,273.0,0.7,537,98.0,14.6,268.0
"2025-01-09 03:15:00",0.6,188.0,9.0,0.02,9,276.0,0.16,797,110.0,16.1,253.0,0.5,9,276.0,0.9,480,107.0,12.3,248.0,-0.3,9,276.0,0.8,518,90.0,14.3,251.0
"2025-01-09 03:30:00",0.4,163.0,9.0,0.05,9,273.0,0.16,861,118.0,16.8,272.0,0.3,9,273.0,0.8,496,112.0,12.6,265.0,-0.4,9,273.0,0.8,545,101.0,14.3,268.0
"2025-01-09 03:45:00",0.7,169.0,9.0,0.06,9,274.0,0.19,949,170.0,15.5,262.0,0.4,9,274.0,1.0,564,151.0,11.7,247.0,-0.5,9,274.0,1.0,619,146.0,12.9,253.0
"2025-01-09 04:00:00",0.7,175.0,9.0,0.02,9,273.0,0.17,833,119.0,16.4,271.0,0.5,9,273.0,1.2,517,117.0,12.6,264.0,-0.5,9,273.0,1.2,556,112.0,13.7,268.0
"2025-01-09 04:15:00",0.7,176.0,9.0,0.05,9,276.0,0.18,738,113.0,15.2,253.0,0.5,9,276.0,1.0,460,111.0,11.6,247.0,-0.5,9,276.0,0.9,505,105.0,12.9,246.0
"2025-01-09 04:30:00",0.7,161.0,9.0,0.05,9,273.0,0.2,793,119.0,16.1,268.0,0.4,9,273.0,1.0,527,115.0,12.9,267.0,-0.6,9,273.0,1.3,536,110.0,13.5,264.0
"2025-01-09 04:45:00",0.9,129.0,9.0,0.02,9,274.0,0.19,795,121.0,15.9,273.0,0.0,9,274.0,1.0,529,116.0,12.8,263.0,-0.9,9,274.0,2.2,511,120.0,12.4,262.0
"2025-01-09 05:00:00",0.8,120.0,9.0,0.04,9,273.0,0.17,814,118.0,16.4,271.0,-0.1,9,273.0,0.8,531,115.0,12.9,265.0,-0.8,9,273.0,2.1,548,119.0,13.0,266.0
"2025-01-09 05:15:00",1.6,107.0,9.0,0.11,9,275.0,0.2,804,143.0,14.2,253.0,-0.6,9,275.0,0.9,548,134.0,11.5,243.0,-1.5,9,275.0,2.2,584,149.0,11.3,247.0
"2025-01-09 05:30:00",0.9,114.0,9.0,0.12,9,273.0,0.19,819,146.0,14.7,261.0,-0.2,9,273.0,0.7,594,134.0,12.5,254.0,-0.9,9,273.0,1.4,584,138.0,12.7,261.0
"2025-01-09 05:45:00",0.2,97.0,9.0,0.06,9,273.0,0.18,771,122.0,15.5,270.0,-0.1,9,273.0,0.6,478,114.0,12.1,257.0,-0.2,9,273.0,0.6,530,104.0,13.9,265.0
"2025-01-09 06:00:00",0.7,106.0,9.0,0.08,9,273.0,0.19,778,123.0,15.6,271.0,-0.3,9,273.0,0.7,526,113.0,12.9,266.0,-0.7,9,273.0,1.9,534,121.0,12.8,264.0
"2025-01-09 06:15:00",2.3,119.0,9.0,0.15,9,276.0,0.23,776,128.0,14.6,253.0,-0.4,9,276.0,0.8,541,117.0,12.6,246.0,-2.3,2,276.0,3.1,546,144.0,11.1,252.0
"2025-01-09 06:30:00",3.7,126.0,9.0,0.14,9,273.0,0.22,858,138.0,15.5,271.0,-0.2,9,273.0,0.9,660,130.0,13.7,266.0,-3.7,2,273.0,4.1,628,171.0,11.2,271.0
"2025-01-09 06:45:00",5.4,125.0,9.0,0.19,9,273.0,0.25,945,158.0,15.3,270.0,-0.2,9,273.0,1.2,773,140.0,14.3,271.0,-5.4,2,273.0,4.5,747,203.0,11.0,271.0
"2025-01-09 07:00:00",4.1,123.0,9.0,0.19,9,273.0,0.25,817,156.0,14.3,264.0,-0.4,9,273.0,1.0,658,138.0,13.4,264.0,-4.1,2,273.0,4.4,630,179.0,10.8,269.0
"2025-01-09 07:15:00",1.4,109.0,9.0,0.14,9,276.0,0.2,710,126.0,14.2,254.0,-0.4,9,276.0,1.0,515,122.0,11.9,248.0,-1.3,9,276.0,2.3,508,135.0,11.0,249.0
"2025-01-09 07:30:00",1.3,128.0,9.0,0.13,9,273.0,0.24,752,130.0,14.9,270.0,0.0,9,273.0,1.2,576,125.0,12.9,263.0,-1.3,9,273.0,2.0,570,146.0,11.8,267.0
"2025-01-09 07:45:00",1.5,132.0,9.0,0.11,9,273.0,0.23,816,139.0,15.0,270.0,0.1,9,273.0,1.3,583,133.0,12.6,268.0,-1.5,9,273.0,2.6,576,152.0,11.6,259.0
"2025-01-09 08:00:00",1.0,133.0,9.0,0.08,9,273.0,0.21,790,133.0,15.1,269.0,0.1,9,273.0,1.1,571,128.0,12.7,264.0,-1.0,9,273.0,2.0,589,141.0,12.2,265.0
"2025-01-09 08:15:00",2.6,129.0,9.0,0.09,9,276.0,0.24,790,137.0,14.3,255.0,0.1,9,276.0,1.4,597,137.0,12.1,248.0,-2.6,2,276.0,3.7,584,155.0,11.1,253.0
"2025-01-09 08:30:00",3.4,128.0,9.0,0.13,9,273.0,0.28,827,156.0,14.4,265.0,0.0,9,273.0,1.5,679,147.0,13.0,267.0,-3.4,2,273.0,3.7,621,177.0,11.0,269.0
"2025-01-09 08:45:00",2.1,120.0,9.0,0.14,9,273.0,0.23,839,136.0,15.4,270.0,-0.3,9,273.0,1.2,621,129.0,13.3,268.0,-2.1,9,273.0,3.0,594,155.0,11.5,272.0
"2025-01-09 09:00:00",2.3,122.0,9.0,0.13,9,273.0,0.23,783,133.0,14.9,271.0,-0.2,9,273.0,1.2,582,123.0,13.2,268.0,-2.3,2,273.0,3.3,586,151.0,11.7,271.0
"2025-01-09 09:15:00",0.9,121.0,9.0,0.11,9,275.0,0.18,745,121.0,14.8,253.0,-0.1,9,275.0,1.1,535,115.0,12.4,254.0,-0.9,9,275.0,1.6,525,118.0,12.4,250.0
"2025-01-09 09:30:00",0.5,114.0,9.0,0.11,9,273.0,0.17,763,118.0,15.8,271.0,-0.1,9,273.0,1.0,480,106.0,12.7,262.0,-0.5,9,273.0,1.1,521,110.0,13.3,267.0
"2025-01-09 09:45:00",0.5,126.0,9.0,0.11,9,273.0,0.21,730,167.0,12.8,259.0,0.0,9,273.0,0.8,491,153.0,10.3,221.0,-0.5,9,273.0,1.2,527,148.0,11.1,249.0
"2025-01-09 10:00:00",0.5,117.0,9.0,0.05,2,273.0,0.19,765,150.0,14.1,264.0,-0.1,2,273.0,1.0,513,131.0,11.7,259.0,-0.5,2,273.0,1.3,525,132.0,11.8,259.0
"2025-01-09 10:15:00",0.5,140.0,9.0,0.05,2,276.0,0.2,685,138.0,13.1,252.0,0.1,2,276.0,1.1,506,128.0,11.3,244.0,-0.5,2,276.0,1.1,502,127.0,11.4,242.0
"2025-01-09 10:30:00",1.1,130.0,9.0,0.05,2,273.0,0.22,773,149.0,14.0,271.0,0.0,2,273.0,1.4,557,140.0,11.7,259.0,-1.1,2,273.0,2.6,541,144.0,11.3,257.0
"2025-01-09 10:45:00",1.6,119.0,9.0,0.07,2,273.0,0.24,748,151.0,13.4,267.0,-0.3,2,273.0,1.0,564,139.0,11.6,259.0,-1.5,2,273.0,3.2,547,159.0,10.4,255.0
"2025-01-09 11:00:00",0.6,121.0,9.0,0.04,2,273.0,0.24,727,146.0,13.5,271.0,-0.1,2,273.0,1.1,526,137.0,11.3,255.0,-0.6,2,273.0,1.9,507,141.0,10.9,259.0
"2025-01-09 11:15:00",1.6,119.0,9.0,0.08,2,275.0,0.24,694,156.0,12.3,247.0,-0.3,2,275.0,1.0,530,142.0,10.7,240.0,-1.6,2,275.0,2.7,495,148.0,10.1,241.0
"2025-01-09 11:30:00",1.5,117.0,9.0,0.03,2,273.0,0.18,776,162.0,13.4,264.0,-0.3,2,273.0,1.0,554,146.0,11.1,253.0,-1.5,2,273.0,3.1,544,157.0,10.7,260.0
"2025-01-09 11:45:00",3.1,122.0,9.0,0.08,2,273.0,0.25,822,165.0,13.7,267.0,-0.3,2,273.0,1.2,592,145.0,11.7,265.0,-3.1,2,273.0,4.0,596,166.0,10.7,266.0
"2025-01-09 12:00:00",4.0,121.0,9.0,0.08,2,273.0,0.25,873,160.0,14.4,268.0,-0.5,2,273.0,1.2,732,143.0,13.4,264.0,-4.0,2,273.0,3.8,680,172.0,11.3,271.0
"2025-01-09 12:15:00",4.6,119.0,9.0,0.1,2,275.0,0.28,885,156.0,14.1,255.0,-0.8,2,275.0,1.3,735,146.0,12.8,252.0,-4.5,2,275.0,3.8,666,179.0,10.4,251.0
"2025-01-09 12:30:00",2.7,121.0,9.0,0.07,2,273.0,0.24,769,146.0,13.9,268.0,-0.3,2,273.0,1.4,619,131.0,12.8,271.0,-2.7,2,273.0,3.2,604,151.0,11.6,267.0
"2025-01-09 12:45:00",1.1,123.0,9.0,0.13,2,273.0,0.27,740,145.0,13.8,267.0,-0.1,2,273.0,1.1,533,123.0,12.3,260.0,-1.1,2,273.0,1.0,535,112.0,13.2,269.0
"2025-01-09 13:00:00",1.3,115.0,9.0,0.04,2,273.0,0.31,834,194.0,13.7,250.0,-0.3,2,273.0,1.4,629,161.0,12.5,246.0,-1.2,2,273.0,1.9,632,164.0,12.5,246.0
"2025-01-09 13:15:00",1.2,123.0,9.0,0.08,2,277.0,0.22,720,139.0,13.6,255.0,-0.1,2,277.0,1.1,520,122.0,11.9,250.0,-1.2,2,277.0,1.7,496,121.0,11.7,246.0
"2025-01-09 13:30:00",1.8,124.0,9.0,0.21,2,275.0,0.26,787,149.0,14.2,268.0,-0.1,2,275.0,0.8,566,122.0,12.9,271.0,-1.7,2,275.0,1.3,573,123.0,13.1,270.0
"2025-01-09 13:45:00",1.7,133.0,9.0,0.12,2,274.0,0.24,811,145.0,14.6,272.0,0.1,2,274.0,0.9,636,121.0,13.9,273.0,-1.7,2,274.0,1.8,593,129.0,13.0,272.0
"2025-01-09 14:00:00",0.9,143.0,9.0,0.1,2,275.0,0.19,774,135.0,14.7,271.0,0.2,2,275.0,0.8,524,119.0,12.5,261.0,-0.9,2,275.0,1.1,539,109.0,13.6,270.0
"2025-01-09 14:15:00",0.5,155.0,9.0,0.12,2,277.0,0.21,811,137.0,14.6,253.0,0.2,2,277.0,1.0,553,114.0,13.0,251.0,-0.5,2,277.0,0.9,552,97.0,14.2,254.0
"2025-01-09 14:30:00",1.1,116.0,9.0,0.11,2,274.0,0.26,841,184.0,13.7,255.0,-0.2,2,274.0,1.0,616,146.0,12.7,245.0,-1.1,2,274.0,1.4,590,137.0,13.1,252.0
"2025-01-09 14:45:00",0.2,150.0,9.0,0.06,2,275.0,0.19,851,139.0,15.4,272.0,0.1,2,275.0,0.8,537,112.0,13.2,268.0,-0.2,2,275.0,0.6,598,104.0,14.9,271.0
"2025-01-09 15:00:00",3.1,120.0,9.0,0.14,2,275.0,0.24,891,144.0,15.4,274.0,-0.4,2,275.0,0.9,695,125.0,14.5,272.0,-3.1,2,275.0,2.7,661,157.0,12.4,275.0
"2025-01-09 15:15:00",3.0,116.0,9.0,0.14,2,276.0,0.22,891,141.0,15.1,257.0,-0.6,2,276.0,0.9,696,125.0,14.0,253.0,-3.0,2,276.0,2.4,647,151.0,12.1,257.0
"2025-01-09 15:30:00",2.8,127.0,9.0,0.2,2,275.0,0.24,1008,158.0,15.8,274.0,0.0,2,275.0,1.0,828,135.0,15.2,273.0,-2.8,2,275.0,1.8,749,157.0,13.4,274.0
"2025-01-09 15:45:00",2.8,129.0,9.0,0.15,2,273.0,0.21,1028,161.0,15.7,269.0,0.0,2,273.0,0.9,731,129.0,14.4,270.0,-2.8,2,273.0,2.8,686,166.0,12.0,272.0
"2025-01-09 16:00:00",2.0,134.0,9.0,0.15,2,273.0,0.24,934,194.0,13.9,263.0,0.2,2,273.0,1.0,649,149.0,12.9,256.0,-2.0,2,273.0,2.4,603,168.0,11.2,253.0
"2025-01-09 16:15:00",0.9,143.0,9.0,0.1,2,275.0,0.19,811,150.0,13.7,253.0,0.2,2,275.0,0.9,522,117.0,12.2,250.0,-0.9,2,275.0,1.5,523,122.0,12.1,246.0
"2025-01-09 16:30:00",1.0,137.0,9.0,0.08,2,273.0,0.21,779,150.0,13.9,268.0,0.2,2,273.0,0.8,546,116.0,12.5,260.0,-1.0,2,273.0,2.1,543,120.0,12.8,266.0
"2025-01-09 16:45:00",0.6,150.0,9.0,0.07,2,273.0,0.19,774,140.0,14.4,267.0,0.2,2,273.0,0.8,526,111.0,13.0,266.0,-0.5,2,273.0,1.5,523,110.0,13.3,267.0
"2025-01-09 17:00:00",1.0,135.0,9.0,0.1,2,273.0,0.18,735,128.0,14.8,270.0,0.1,2,273.0,0.8,501,108.0,12.9,267.0,-1.0,2,273.0,1.4,497,110.0,12.9,268.0
"2025-01-09 17:15:00",0.8,139.0,9.0,0.11,2,275.0,0.19,842,167.0,13.8,245.0,0.2,2,275.0,1.0,515,132.0,11.7,233.0,-0.8,2,275.0,1.2,578,134.0,12.6,244.0
"2025-01-09 17:30:00",1.1,137.0,9.0,0.1,2,273.0,0.21,1049,182.0,14.9,265.0,0.2,2,273.0,1.1,735,137.0,13.8,267.0,-1.1,2,273.0,1.4,701,148.0,13.3,263.0
"2025-01-09 17:45:00",2.5,128.0,9.0,0.14,2,273.0,0.27,977,160.0,15.3,267.0,0.0,2,273.0,1.1,761,133.0,14.4,266.0,-2.5,2,273.0,2.3,715,147.0,13.4,272.0
"2025-01-09 18:00:00",3.8,123.0,9.0,0.26,9,273.0,0.32,1053,157.0,16.1,271.0,-0.3,9,273.0,1.1,851,130.0,15.8,272.0,-3.7,2,273.0,2.5,823,168.0,13.7,273.0
"2025-01-09 18:15:00",4.2,123.0,9.0,0.16,9,275.0,0.34,1071,167.0,15.3,251.0,-0.3,9,275.0,1.6,1021,153.0,15.5,254.0,-4.2,2,275.0,3.0,901,182.0,13.2,255.0
"2025-01-09 18:30:00",4.0,124.0,9.0,0.15,9,273.0,0.32,1047,156.0,16.2,271.0,-0.3,9,273.0,1.5,978,143.0,16.2,270.0,-4.0,2,273.0,2.7,886,179.0,13.7,273.0
"2025-01-09 18:45:00",3.8,122.0,9.0,0.16,9,273.0,0.28,1040,154.0,16.3,270.0,-0.4,9,273.0,1.2,880,137.0,15.8,273.0,-3.8,2,273.0,2.9,822,187.0,12.7,273.0
"2025-01-09 19:00:00",4.0,127.0,9.0,0.2,9,273.0,0.26,971,149.0,16.1,272.0,-0.1,9,273.0,1.1,748,123.0,15.3,270.0,-4.0,2,273.0,2.9,746,169.0,12.8,272.0
"2025-01-09 19:15:00",5.1,128.0,9.0,0.5,9,275.0,0.46,949,214.0,12.6,241.0,0.0,9,275.0,1.6,872,171.0,13.6,245.0,-5.1,2,275.0,2.7,844,202.0,12.0,242.0
"2025-01-09 19:30:00",3.1,141.0,9.0,0.27,9,273.0,0.39,880,154.0,15.0,268.0,0.7,9,273.0,1.7,813,143.0,14.8,272.0,-3.0,2,273.0,2.5,773,150.0,14.4,273.0
"2025-01-09 19:45:00",1.6,157.0,9.0,0.15,9,273.0,0.24,902,132.0,16.3,271.0,0.8,9,273.0,1.6,694,123.0,14.8,272.0,-1.4,9,273.0,1.4,741,121.0,15.8,268.0
"2025-01-09 20:00:00",2.7,137.0,9.0,0.31,9,273.0,0.37,909,156.0,15.1,270.0,0.4,9,273.0,1.9,768,140.0,14.5,272.0,-2.6,2,273.0,2.1,741,135.0,14.7,271.0
"2025-01-09 20:15:00",1.9,132.0,9.0,0.11,9,275.0,0.26,697,121.0,14.4,252.0,0.1,9,275.0,1.4,563,112.0,13.1,249.0,-1.9,9,275.0,2.2,552,121.0,12.8,251.0
"2025-01-09 20:30:00",1.6,137.0,9.0,0.08,9,273.0,0.31,783,143.0,14.7,268.0,0.2,9,273.0,1.8,644,139.0,13.2,263.0,-1.6,9,273.0,2.7,624,134.0,13.5,267.0
"2025-01-09 20:45:00",1.9,137.0,9.0,0.04,9,273.0,0.29,760,135.0,14.8,267.0,0.3,9,273.0,1.5,624,126.0,13.6,265.0,-1.9,9,273.0,3.1,587,135.0,13.0,272.0
"2025-01-09 21:00:00",3.3,126.0,9.0,0.11,9,273.0,0.34,835,156.0,14.6,267.0,-0.1,9,273.0,1.7,729,151.0,13.3,267.0,-3.3,2,273.0,3.4,680,166.0,12.3,270.0
"2025-01-09 21:15:00",1.9,130.0,9.0,0.07,9,274.0,0.35,762,137.0,14.2,251.0,0.1,9,274.0,1.8,624,133.0,12.7,253.0,-1.9,9,274.0,2.9,630,136.0,13.0,254.0
"2025-01-09 21:30:00",1.8,134.0,9.0,0.03,9,273.0,0.28,681,121.0,14.7,271.0,0.2,9,273.0,1.5,572,112.0,13.9,268.0,-1.8,9,273.0,2.9,536,121.0,13.0,273.0
"2025-01-09 21:45:00",2.8,129.0,9.0,0.09,9,273.0,0.38,798,142.0,14.8,268.0,0.1,9,273.0,2.0,676,139.0,13.5,270.0,-2.8,2,273.0,3.3,672,149.0,13.3,272.0
"2025-01-09 22:00:00",3.6,139.0,9.0,0.17,9,273.0,0.36,836,165.0,14.0,268.0,0.7,9,273.0,2.0,868,169.0,13.7,273.0,-3.5,2,273.0,3.3,770,176.0,12.7,273.0
"2025-01-09 22:15:00",2.1,144.0,9.0,0.05,9,275.0,0.42,773,147.0,13.7,251.0,0.6,9,275.0,2.4,719,148.0,12.7,252.0,-2.0,9,275.0,3.3,703,153.0,12.9,254.0
"2025-01-09 22:30:00",4.8,136.0,9.0,0.38,9,273.0,0.76,1129,249.0,13.2,271.0,0.7,9,273.0,2.9,1238,240.0,13.7,273.0,-4.7,2,273.0,3.6,1094,258.0,12.3,268.0
"2025-01-09 22:45:00",5.6,136.0,9.0,0.77,9,273.0,0.95,1106,252.0,12.6,272.0,0.8,9,273.0,2.9,1159,229.0,13.7,272.0,-5.6,2,273.0,3.7,1160,253.0,13.0,272.0
"2025-01-09 23:00:00",5.6,140.0,9.0,0.64,9,273.0,0.77,1152,254.0,12.9,273.0,1.2,9,273.0,2.4,1337,249.0,14.1,271.0,-5.5,2,273.0,3.3,1261,263.0,13.3,273.0
"2025-01-09 23:15:00",3.6,143.0,9.0,0.4,9,275.0,0.68,932,196.0,12.8,255.0,0.9,9,275.0,2.8,993,200.0,12.9,255.0,-3.4,2,275.0,3.3,950,203.0,12.7,255.0
"2025-01-09 23:30:00",1.5,130.0,9.0,0.2,9,273.0,0.45,816,157.0,14.4,268.0,0.1,9,273.0,2.1,746,157.0,13.3,268.0,-1.4,9,273.0,3.1,736,152.0,13.8,272.0
"2025-01-09 23:45:00",0.7,144.0,9.0,0.14,9,273.0,0.32,739,136.0,14.6,268.0,0.2,9,273.0,2.5,612,142.0,12.5,267.0,-0.7,9,273.0,2.6,651,132.0,13.9,269.0
"2025-01-10 00:00:00",3.4,139.0,9.0,0.37,9,273.0,0.62,954,203.0,13.0,269.0,0.6,9,273.0,2.7,947,204.0,12.8,271.0,-3.3,2,273.0,3.6,913,200.0,12.8,272.0
"2025-01-10 00:15:00",1.4,134.0,9.0,-0.05,9,274.0,0.52,725,144.0,13.4,248.0,0.1,9,274.0,2.7,602,134.0,12.4,250.0,-1.4,9,274.0,2.8,581,125.0,12.9,252.0
"2025-01-10 00:30:00",3.4,122.0,9.0,0.11,9,273.0,0.42,806,145.0,14.4,272.0,-0.4,9,273.0,1.5,765,127.0,15.0,267.0,-3.4,2,273.0,2.9,722,149.0,13.3,271.0
"2025-01-10 00:45:00",1.8,128.0,9.0,0.11,9,273.0,0.28,712,138.0,14.1,262.0,0.0,9,273.0,1.3,646,117.0,14.5,267.0,-1.8,9,273.0,1.7,665,117.0,14.9,270.0
"2025-01-10 01:00:00",0.5,139.0,9.0,0.0,9,273.0,0.22,648,111.0,14.9,272.0,0.1,9,273.0,0.9,511,97.0,13.8,268.0,-0.5,9,273.0,1.1,587,97.0,15.5,271.0
"2025-01-10 01:15:00",0.9,155.0,9.0,0.01,9,275.0,0.19,679,115.0,14.6,253.0,0.4,9,275.0,0.9,538,101.0,13.7,252.0,-0.8,9,275.0,1.1,539,94.0,14.4,254.0
"2025-01-10 01:30:00",1.3,129.0,9.0,0.03,9,273.0,0.19,718,124.0,14.8,273.0,0.0,9,273.0,0.8,611,105.0,14.8,267.0,-1.3,9,273.0,1.4,612,107.0,14.8,273.0
"2025-01-10 01:45:00",1.7,129.0,9.0,0.03,9,272.0,0.18,754,132.0,14.9,271.0,0.0,9,272.0,0.9,643,109.0,15.0,271.0,-1.7,9,272.0,1.8,547,113.0,13.5,271.0
"2025-01-10 02:00:00",2.1,124.0,9.0,0.03,9,273.0,0.2,739,128.0,14.8,272.0,-0.2,9,273.0,0.7,586,108.0,14.3,268.0,-2.1,9,273.0,2.5,577,137.0,12.3,272.0
"2025-01-10 02:15:00",4.2,131.0,9.0,0.08,9,274.0,0.24,925,142.0,15.3,255.0,0.2,9,274.0,1.2,970,140.0,15.6,254.0,-4.2,2,274.0,2.2,870,171.0,13.2,254.0
"2025-01-10 02:30:00",3.6,128.0,9.0,0.06,9,273.0,0.24,856,151.0,14.9,270.0,0.0,9,273.0,1.1,802,135.0,15.1,271.0,-3.6,2,273.0,2.4,769,176.0,12.7,272.0
"2025-01-10 02:45:00",1.7,137.0,9.0,0.02,9,273.0,0.19,693,123.0,14.7,271.0,0.3,9,273.0,1.1,601,113.0,13.9,268.0,-1.6,9,273.0,1.6,583,124.0,13.3,272.0
"2025-01-10 03:00:00",1.0,136.0,9.0,0.0,9,272.0,0.19,714,115.0,15.5,270.0,0.1,9,272.0,1.1,530,102.0,13.8,271.0,-0.9,9,272.0,1.2,542,96.0,14.9,272.0
"2025-01-10 03:15:00",1.0,118.0,9.0,0.03,9,275.0,0.22,612,103.0,14.7,255.0,-0.2,9,275.0,0.8,490,94.0,13.3,254.0,-1.0,9,275.0,1.1,468,86.0,13.9,252.0
"2025-01-10 03:30:00",0.9,123.0,9.0,0.01,9,274.0,0.17,664,110.0,15.0,273.0,-0.1,9,274.0,0.8,465,98.0,13.1,269.0,-0.9,9,274.0,1.1,515,92.0,14.5,272.0
"2025-01-10 03:45:00",0.3,156.0,9.0,0.04,9,273.0,0.19,637,114.0,14.6,272.0,0.1,9,273.0,0.8,456,101.0,12.7,266.0,-0.2,9,273.0,0.8,484,83.0,15.0,268.0
"2025-01-10 04:00:00",0.6,34.0,9.0,0.08,9,273.0,0.14,715,116.0,15.5,270.0,-0.6,9,273.0,0.8,524,107.0,13.4,267.0,0.0,9,273.0,0.6,497,89.0,14.7,271.0
"2025-01-10 04:15:00",0.2,72.0,9.0,0.08,9,275.0,0.16,639,145.0,12.4,237.0,-0.2,9,275.0,1.2,505,126.0,11.8,235.0,-0.1,9,275.0,0.9,444,115.0,11.3,238.0
"2025-01-10 04:30:00",0.2,220.0,9.0,0.06,9,274.0,0.15,605,163.0,11.3,255.0,0.2,9,274.0,0.5,524,141.0,10.7,238.0,0.0,9,274.0,0.5,566,132.0,12.5,268.0
"2025-01-10 04:45:00",0.4,123.0,9.0,0.02,9,272.0,0.16,645,138.0,13.2,263.0,0.0,9,272.0,0.7,591,126.0,13.2,257.0,-0.4,9,272.0,0.7,686,125.0,14.5,264.0
"2025-01-10 05:00:00",0.3,110.0,9.0,0.01,9,273.0,0.13,807,118.0,16.4,271.0,-0.1,9,273.0,0.6,622,102.0,15.3,269.0,-0.3,9,273.0,0.7,610,97.0,15.6,266.0
"2025-01-10 05:15:00",0.6,133.0,9.0,-0.04,9,275.0,0.2,675,183.0,11.0,227.0,0.1,9,275.0,0.8,600,177.0,10.2,219.0,-0.6,9,275.0,1.1,666,197.0,10.3,220.0
"2025-01-10 05:30:00",0.3,242.0,9.0,-0.1,9,272.0,0.22,797,352.0,7.6,162.0,0.2,9,272.0,0.9,682,337.0,6.5,111.0,0.1,9,272.0,0.8,770,394.0,6.2,101.0
"2025-01-10 05:45:00",0.5,193.0,9.0,-0.07,9,273.0,0.22,766,295.0,8.3,180.0,0.5,9,273.0,1.0,661,295.0,6.9,138.0,-0.2,9,273.0,0.9,722,335.0,6.7,136.0
"2025-01-10 06:00:00",0.8,146.0,9.0,0.02,9,272.0,0.19,768,282.0,8.7,202.0,0.2,9,272.0,0.7,742,290.0,8.1,178.0,-0.7,9,272.0,1.1,704,316.0,7.1,144.0
"2025-01-10 06:15:00",0.4,136.0,0.0,-0.01,9,274.0,0.21,1025,578.0,5.0,57.0,0.1,9,274.0,1.5,952,553.0,4.7,37.0,-0.4,9,274.0,1.6,1017,626.0,4.2,20.0
"2025-01-10 06:30:00",0.4,93.0,0.0,0.0,9,273.0,0.23,899,462.0,5.8,93.0,-0.2,9,273.0,0.8,853,460.0,5.3,67.0,-0.3,9,273.0,1.0,863,512.0,4.5,40.0
"2025-01-10 06:45:00",0.4,245.0,9.0,-0.05,9,272.0,0.21,785,392.0,6.0,108.0,0.3,9,272.0,0.9,770,394.0,5.7,87.0,0.2,9,272.0,0.8,814,442.0,5.3,73.0
"2025-01-10 07:00:00",0.4,256.0,0.0,-0.1,9,273.0,0.23,965,546.0,5.0,44.0,0.3,9,273.0,1.5,839,524.0,4.1,16.0,0.2,9,273.0,2.2,982,601.0,4.2,19.0
"2025-01-10 07:15:00",0.2,360.0,0.0,-0.06,9,274.0,0.28,1000,540.0,5.3,69.0,-0.2,9,274.0,1.3,849,510.0,4.4,34.0,0.1,9,274.0,1.2,978,578.0,4.6,39.0
"2025-01-10 07:30:00",0.3,147.0,0.0,-0.03,9,273.0,0.2,1092,620.0,4.9,50.0,0.1,9,273.0,0.5,940,579.0,4.2,14.0,-0.2,9,273.0,0.7,1075,671.0,4.1,14.0
"2025-01-10 07:45:00",0.4,99.0,9.0,0.09,9,272.0,0.17,831,238.0,12.1,221.0,-0.2,9,272.0,0.7,613,222.0,10.1,192.0,-0.4,9,272.0,0.7,725,232.0,11.8,208.0
"2025-01-10 08:00:00",0.8,124.0,9.0,0.02,9,272.0,0.19,821,125.0,16.2,272.0,-0.1,9,272.0,0.9,665,115.0,14.9,266.0,-0.8,9,272.0,1.0,631,114.0,14.8,263.0
"2025-01-10 08:15:00",0.1,254.0,9.0,-0.06,9,275.0,0.15,749,108.0,16.0,255.0,0.1,9,275.0,0.7,532,105.0,13.2,250.0,0.1,9,275.0,0.7,606,87.0,16.1,248.0
"2025-01-10 08:30:00",0.1,154.0,9.0,-0.04,9,272.0,0.16,740,114.0,16.0,271.0,0.1,9,272.0,0.6,720,103.0,16.5,270.0,-0.1,9,272.0,0.6,667,87.0,17.6,270.0
"2025-01-10 08:45:00",0.4,182.0,9.0,-0.06,9,272.0,0.15,881,114.0,17.5,272.0,0.3,9,272.0,0.7,622,107.0,14.8,268.0,-0.2,9,272.0,0.7,647,88.0,17.0,268.0
"2025-01-10 09:00:00",0.3,163.0,9.0,-0.06,9,273.0,0.17,793,117.0,16.3,273.0,0.2,9,273.0,0.7,559,102.0,14.3,270.0,-0.3,9,273.0,0.9,599,92.0,15.9,273.0
"2025-01-10 09:15:00",0.1,245.0,9.0,-0.08,9,274.0,0.15,715,141.0,14.1,238.0,0.1,9,274.0,0.8,547,129.0,12.9,234.0,0.1,9,274.0,0.8,585,115.0,14.1,240.0
"2025-01-10 09:30:00",0.1,158.0,9.0,-0.04,9,272.0,0.18,711,120.0,15.1,270.0,0.1,9,272.0,0.8,482,106.0,12.9,264.0,-0.1,9,272.0,0.7,536,95.0,14.9,264.0
"2025-01-10 09:45:00",0.3,119.0,9.0,0.02,9,273.0,0.15,766,142.0,14.7,266.0,0.0,9,273.0,0.7,595,120.0,13.5,256.0,-0.3,9,273.0,0.7,583,115.0,13.9,261.0
"2025-01-10 10:00:00",1.2,135.0,9.0,0.01,2,272.0,0.33,1070,166.0,16.0,267.0,0.2,2,272.0,1.5,985,161.0,15.0,264.0,-1.2,2,272.0,1.8,902,158.0,14.9,267.0
"2025-01-10 10:15:00",0.2,107.0,9.0,-0.05,2,274.0,0.26,1022,166.0,15.2,252.0,-0.1,2,274.0,1.1,983,141.0,15.8,254.0,-0.2,2,274.0,1.1,811,135.0,14.7,254.0
"2025-01-10 10:30:00",0.2,90.0,9.0,-0.02,2,272.0,0.21,852,149.0,14.9,269.0,-0.1,2,272.0,0.9,658,133.0,13.2,263.0,-0.2,2,272.0,0.8,645,120.0,14.2,265.0
"2025-01-10 10:45:00",0.2,125.0,9.0,-0.02,2,273.0,0.16,889,182.0,14.6,251.0,0.0,2,273.0,0.8,788,152.0,14.5,259.0,-0.2,2,273.0,0.7,638,128.0,14.4,251.0
"2025-01-10 11:00:00",0.7,261.0,9.0,0.09,2,273.0,0.73,1642,298.0,14.5,270.0,0.5,2,273.0,3.8,1712,304.0,14.5,270.0,0.5,2,273.0,3.3,1443,284.0,13.8,268.0
"2025-01-10 11:15:00",2.0,300.0,9.0,-0.04,2,276.0,0.36,1008,190.0,13.8,251.0,0.3,2,276.0,1.4,784,157.0,13.1,250.0,2.0,2,276.0,3.1,812,171.0,13.2,256.0
"2025-01-10 11:30:00",1.2,309.0,9.0,-0.03,2,273.0,0.32,1040,190.0,14.6,268.0,0.0,2,273.0,1.6,895,171.0,14.0,268.0,1.2,2,273.0,2.1,762,157.0,13.7,267.0
"2025-01-10 11:45:00",1.3,283.0,9.0,-0.07,2,273.0,0.32,987,174.0,14.7,267.0,0.5,2,273.0,1.3,791,146.0,14.4,264.0,1.2,2,273.0,1.5,815,146.0,15.0,265.0
"2025-01-10 12:00:00",1.8,315.0,9.0,0.15,2,273.0,0.5,1189,278.0,12.3,255.0,-0.2,2,273.0,2.0,998,236.0,11.9,252.0,1.8,2,273.0,3.6,914,252.0,10.9,245.0
"2025-01-10 12:15:00",1.6,302.0,9.0,-0.02,2,275.0,0.29,962,215.0,12.9,240.0,0.2,2,275.0,1.5,861,192.0,12.8,244.0,1.6,2,275.0,2.4,798,200.0,11.9,245.0
"2025-01-10 12:30:00",0.2,287.0,9.0,0.05,9,273.0,0.25,865,144.0,15.3,268.0,0.1,9,273.0,1.1,632,128.0,13.7,264.0,0.2,9,273.0,0.9,634,114.0,14.9,266.0
"2025-01-10 12:45:00",0.4,285.0,9.0,-0.02,9,273.0,0.18,869,177.0,13.7,259.0,0.1,9,273.0,1.0,631,159.0,11.9,247.0,0.3,9,273.0,1.0,646,149.0,12.9,256.0
"2025-01-10 13:00:00",0.8,292.0,9.0,0.0,2,273.0,0.25,880,170.0,14.0,265.0,0.2,2,273.0,1.1,625,145.0,12.5,262.0,0.8,2,273.0,1.9,642,145.0,12.9,265.0
"2025-01-10 13:15:00",0.4,286.0,9.0,-0.01,9,275.0,0.18,858,169.0,13.6,249.0,0.1,9,275.0,1.1,602,142.0,12.0,248.0,0.3,9,275.0,0.9,585,134.0,12.2,247.0
"2025-01-10 13:30:00",0.3,279.0,9.0,0.03,9,273.0,0.21,875,163.0,14.3,268.0,0.1,9,273.0,1.0,648,143.0,12.9,261.0,0.3,9,273.0,1.1,642,137.0,13.4,266.0
"2025-01-10 13:45:00",0.5,302.0,9.0,-0.01,9,273.0,0.23,902,208.0,12.9,250.0,0.0,9,273.0,1.2,698,192.0,11.5,238.0,0.5,9,273.0,1.7,635,179.0,11.4,241.0
