"2025-01-07 00:00:00",7.7,118.0,9.0,0.1,2,273.0,0.32,507,113.0,12.7,272.0,-1.4,2,273.0,1.6,441,114.0,11.2,261.0,-7.6,2,273.0,5.1,434,141.0,9.3,240.0
"2025-01-07 00:15:00",7.8,121.0,9.0,0.14,9,276.0,0.34,524,120.0,11.9,250.0,-1.0,9,276.0,1.5,499,118.0,11.5,245.0,-7.7,2,276.0,4.4,469,144.0,9.3,239.0
"2025-01-07 00:30:00",9.0,121.0,9.0,0.18,9,273.0,0.42,599,134.0,12.6,270.0,-1.1,9,273.0,1.5,618,133.0,12.5,264.0,-9.0,2,273.0,4.1,568,157.0,10.4,259.0
"2025-01-07 00:45:00",8.9,120.0,9.0,0.06,2,273.0,0.35,543,124.0,12.6,263.0,-1.3,2,273.0,1.6,503,125.0,11.6,256.0,-8.8,2,273.0,4.7,473,148.0,9.7,246.0
"2025-01-07 01:00:00",8.1,124.0,9.0,0.12,9,274.0,0.33,543,118.0,12.9,269.0,-0.6,9,274.0,1.5,484,118.0,11.9,264.0,-8.0,2,274.0,4.3,474,141.0,10.0,259.0
"2025-01-07 01:15:00",8.3,126.0,9.0,0.18,9,275.0,0.37,511,115.0,12.1,251.0,-0.2,9,275.0,1.6,465,111.0,11.4,245.0,-8.3,2,275.0,4.4,462,137.0,9.6,236.0
"2025-01-07 01:30:00",7.9,127.0,9.0,0.22,9,274.0,0.4,555,120.0,12.7,265.0,-0.1,9,274.0,1.5,502,116.0,11.9,254.0,-7.9,2,274.0,4.4,509,149.0,10.0,255.0
"2025-01-07 01:45:00",7.5,129.0,9.0,0.18,9,273.0,0.32,541,118.0,12.8,268.0,0.1,9,273.0,1.5,489,113.0,11.9,260.0,-7.5,2,273.0,4.1,458,138.0,9.8,243.0
"2025-01-07 02:00:00",6.7,122.0,9.0,0.29,9,274.0,0.34,495,113.0,12.4,267.0,-0.6,9,274.0,1.4,444,107.0,11.5,255.0,-6.6,2,274.0,4.3,404,128.0,9.5,246.0
"2025-01-07 02:15:00",8.0,125.0,9.0,0.28,9,274.0,0.36,555,132.0,11.6,248.0,-0.5,9,274.0,1.4,494,127.0,10.7,230.0,-8.0,2,274.0,3.6,480,138.0,9.8,233.0
"2025-01-07 02:30:00",8.1,131.0,9.0,0.28,9,273.0,0.33,581,136.0,12.3,264.0,0.4,9,273.0,1.4,586,131.0,12.5,260.0,-8.1,2,273.0,3.5,537,151.0,10.5,255.0
"2025-01-07 02:45:00",9.8,129.0,9.0,0.21,9,273.0,0.41,643,142.0,12.5,267.0,0.3,9,273.0,1.6,595,135.0,12.1,259.0,-9.8,2,273.0,3.3,591,160.0,10.7,254.0
"2025-01-07 03:00:00",9.5,131.0,9.0,0.15,9,272.0,0.4,631,139.0,12.6,267.0,0.4,9,272.0,1.6,597,131.0,12.5,265.0,-9.5,2,272.0,3.7,588,159.0,10.6,255.0
"2025-01-07 03:15:00",9.4,128.0,9.0,0.05,9,275.0,0.44,623,139.0,12.0,251.0,0.0,9,275.0,1.6,573,131.0,11.8,244.0,-9.4,2,275.0,3.3,598,161.0,10.2,238.0
"2025-01-07 03:30:00",8.7,126.0,9.0,0.16,9,273.0,0.36,639,131.0,13.0,267.0,-0.3,9,273.0,1.4,621,127.0,12.9,263.0,-8.7,2,273.0,3.5,602,150.0,11.1,256.0
"2025-01-07 03:45:00",7.6,135.0,9.0,0.11,9,272.0,0.39,592,138.0,12.0,263.0,1.0,9,272.0,1.8,554,130.0,11.5,256.0,-7.6,2,272.0,4.0,554,150.0,10.4,248.0
"2025-01-07 04:00:00",8.6,144.0,9.0,0.22,9,273.0,0.53,740,173.0,11.8,265.0,2.4,2,273.0,2.2,775,172.0,12.2,260.0,-8.3,2,273.0,3.2,722,184.0,10.9,251.0
"2025-01-07 04:15:00",8.2,142.0,9.0,0.33,9,274.0,0.53,716,171.0,11.5,242.0,2.0,9,274.0,2.0,762,166.0,12.3,248.0,-7.9,2,274.0,2.9,711,171.0,11.1,245.0
"2025-01-07 04:30:00",8.9,137.0,9.0,0.3,9,273.0,0.43,822,166.0,13.4,269.0,1.4,9,273.0,1.6,840,164.0,13.5,267.0,-8.8,2,273.0,2.2,823,182.0,12.6,268.0
"2025-01-07 04:45:00",8.6,139.0,9.0,0.28,9,273.0,0.44,764,155.0,13.3,272.0,1.6,9,273.0,1.7,808,157.0,13.5,269.0,-8.5,2,273.0,2.1,776,168.0,12.6,269.0
"2025-01-07 05:00:00",7.2,144.0,9.0,0.23,9,273.0,0.42,690,151.0,12.5,262.0,2.0,9,273.0,1.6,636,140.0,12.4,262.0,-6.9,2,273.0,2.5,660,144.0,12.4,269.0
"2025-01-07 05:15:00",7.1,149.0,9.0,0.25,9,274.0,0.42,604,144.0,11.4,242.0,2.5,9,274.0,2.0,608,139.0,11.4,244.0,-6.7,2,274.0,3.2,564,136.0,11.1,249.0
"2025-01-07 05:30:00",7.4,145.0,9.0,0.29,9,273.0,0.44,725,162.0,12.5,270.0,2.1,9,273.0,1.9,712,151.0,12.9,269.0,-7.1,2,273.0,2.7,720,158.0,12.5,268.0
"2025-01-07 05:45:00",6.9,144.0,9.0,0.17,9,272.0,0.48,691,157.0,12.2,265.0,1.8,9,272.0,2.2,650,144.0,12.3,265.0,-6.7,2,272.0,3.1,656,151.0,12.1,270.0
"2025-01-07 06:00:00",6.9,141.0,9.0,0.26,9,273.0,0.45,601,142.0,12.0,266.0,1.5,9,273.0,1.7,594,131.0,12.3,260.0,-6.7,2,273.0,2.8,575,136.0,11.7,267.0
"2025-01-07 06:15:00",7.0,138.0,9.0,0.5,9,274.0,0.59,874,202.0,11.5,246.0,1.2,9,274.0,2.1,797,168.0,12.2,246.0,-6.9,2,274.0,2.7,881,179.0,12.2,248.0
"2025-01-07 06:30:00",5.4,140.0,9.0,0.18,9,273.0,0.52,1106,193.0,14.4,270.0,1.2,9,273.0,1.7,1145,178.0,15.2,269.0,-5.3,2,273.0,2.1,1161,198.0,14.5,273.0
"2025-01-07 06:45:00",4.7,141.0,9.0,-0.04,9,272.0,0.52,1032,171.0,15.2,272.0,1.1,9,272.0,1.9,1099,167.0,15.7,271.0,-4.5,2,272.0,2.2,1133,185.0,15.1,272.0
"2025-01-07 07:00:00",5.3,138.0,9.0,0.11,9,273.0,0.43,1056,169.0,15.4,272.0,0.9,9,273.0,1.8,1038,156.0,15.7,272.0,-5.2,2,273.0,2.0,1106,178.0,15.2,272.0
"2025-01-07 07:15:00",5.5,134.0,9.0,0.1,9,274.0,0.36,785,140.0,13.6,251.0,0.6,9,274.0,1.6,804,138.0,13.8,246.0,-5.5,2,274.0,2.1,805,143.0,13.6,252.0
"2025-01-07 07:30:00",5.3,142.0,9.0,0.26,9,272.0,0.36,1040,157.0,15.8,271.0,1.3,9,272.0,1.3,1062,156.0,16.0,269.0,-5.2,2,272.0,1.7,1100,165.0,15.7,271.0
"2025-01-07 07:45:00",5.3,145.0,9.0,0.29,9,273.0,0.5,926,171.0,13.5,256.0,1.6,9,273.0,1.8,1068,171.0,14.6,262.0,-5.1,2,273.0,2.2,1006,161.0,14.5,265.0
"2025-01-07 08:00:00",3.9,146.0,9.0,0.09,9,272.0,0.45,715,183.0,11.5,224.0,1.2,9,272.0,1.6,660,160.0,11.2,233.0,-3.7,2,272.0,2.8,638,165.0,11.1,232.0
"2025-01-07 08:15:00",5.2,142.0,9.0,0.25,9,275.0,0.34,753,137.0,13.4,251.0,1.3,9,275.0,1.3,739,132.0,13.4,247.0,-5.1,2,275.0,2.2,761,136.0,13.3,250.0
"2025-01-07 08:30:00",5.0,139.0,9.0,0.17,9,271.0,0.41,985,156.0,15.4,270.0,0.9,9,271.0,1.5,1049,156.0,15.9,270.0,-4.9,2,271.0,1.7,1048,161.0,15.5,270.0
"2025-01-07 08:45:00",3.9,157.0,9.0,-0.02,9,271.0,0.28,664,116.0,14.6,270.0,1.9,9,271.0,1.0,663,117.0,14.6,268.0,-3.4,2,271.0,1.6,655,115.0,14.6,268.0
"2025-01-07 09:00:00",5.5,158.0,9.0,0.11,9,272.0,0.33,639,123.0,13.7,262.0,2.8,2,272.0,1.6,589,121.0,13.0,255.0,-4.7,2,272.0,2.4,597,122.0,13.0,266.0
"2025-01-07 09:15:00",5.8,135.0,9.0,0.32,9,275.0,0.43,829,156.0,13.0,249.0,0.7,9,275.0,1.6,862,152.0,13.6,250.0,-5.8,2,275.0,2.2,842,158.0,13.0,253.0
"2025-01-07 09:30:00",7.4,130.0,9.0,0.36,9,272.0,0.52,1232,202.0,15.1,272.0,0.3,9,272.0,1.9,1185,188.0,15.4,270.0,-7.4,2,272.0,2.2,1257,214.0,14.6,271.0
"2025-01-07 09:45:00",8.1,140.0,9.0,0.45,9,272.0,0.7,986,251.0,11.3,232.0,1.7,9,272.0,2.8,988,226.0,12.0,242.0,-7.9,2,272.0,3.3,976,234.0,11.5,239.0
"2025-01-07 10:00:00",7.0,140.0,9.0,0.37,2,273.0,0.6,869,179.0,12.8,261.0,1.4,2,273.0,2.1,917,165.0,13.9,268.0,-6.8,2,273.0,2.7,843,171.0,12.8,268.0
"2025-01-07 10:15:00",7.0,145.0,9.0,0.29,2,275.0,0.52,721,165.0,11.4,237.0,2.0,2,275.0,2.0,749,150.0,12.0,245.0,-6.7,2,275.0,2.9,678,154.0,11.3,243.0
"2025-01-07 10:30:00",6.5,144.0,9.0,0.17,2,272.0,0.5,552,133.0,11.8,263.0,1.8,2,272.0,2.0,543,126.0,11.8,261.0,-6.3,2,272.0,3.6,501,126.0,11.1,261.0
"2025-01-07 10:45:00",7.9,142.0,9.0,0.09,2,272.0,0.47,597,127.0,12.8,264.0,1.9,2,272.0,2.1,565,120.0,12.6,258.0,-7.6,2,272.0,3.5,520,135.0,11.0,256.0
"2025-01-07 11:00:00",6.9,138.0,9.0,0.1,2,274.0,0.4,508,116.0,12.3,267.0,1.2,2,274.0,1.6,478,109.0,12.1,259.0,-6.8,2,274.0,3.6,459,120.0,11.0,258.0
"2025-01-07 11:15:00",7.6,138.0,9.0,0.07,2,275.0,0.34,515,118.0,11.9,250.0,1.4,2,275.0,1.6,478,108.0,11.7,240.0,-7.5,2,275.0,3.5,458,123.0,10.3,239.0
"2025-01-07 11:30:00",6.7,141.0,9.0,0.19,2,273.0,0.32,561,151.0,11.4,234.0,1.6,2,273.0,1.5,513,128.0,11.6,232.0,-6.5,2,273.0,3.6,517,143.0,10.6,235.0
"2025-01-07 11:45:00",1.7,153.0,9.0,0.01,2,273.0,0.23,322,92.0,10.6,248.0,0.7,2,273.0,1.3,226,84.0,8.3,208.0,-1.5,2,273.0,3.2,240,82.0,9.2,234.0
"2025-01-07 12:00:00",2.6,148.0,9.0,0.03,2,274.0,0.23,339,92.0,11.0,258.0,0.9,2,274.0,1.3,245,84.0,8.9,228.0,-2.5,2,274.0,3.8,256,89.0,8.9,233.0
"2025-01-07 12:15:00",5.0,136.0,9.0,0.0,2,275.0,0.28,342,93.0,10.7,243.0,0.7,2,275.0,1.4,308,86.0,9.8,220.0,-5.0,2,275.0,5.0,281,93.0,8.9,232.0
"2025-01-07 12:30:00",5.1,135.0,9.0,0.05,2,273.0,0.25,375,94.0,11.6,265.0,0.6,2,273.0,1.2,320,86.0,10.9,254.0,-5.1,2,273.0,4.6,304,99.0,9.3,250.0
"2025-01-07 12:45:00",5.4,131.0,9.0,0.12,2,274.0,0.37,426,103.0,11.9,262.0,0.2,2,274.0,1.8,386,99.0,11.1,246.0,-5.4,2,274.0,3.9,340,108.0,9.7,255.0
"2025-01-07 13:00:00",3.8,131.0,9.0,0.01,2,273.0,0.29,409,101.0,11.8,256.0,0.2,2,273.0,1.5,323,91.0,10.3,240.0,-3.8,2,273.0,3.6,329,104.0,9.7,252.0
"2025-01-07 13:15:00",3.5,114.0,9.0,0.06,2,275.0,0.41,447,160.0,9.4,193.0,-0.8,2,275.0,1.8,363,131.0,8.8,194.0,-3.4,2,275.0,4.3,379,143.0,8.5,201.0
"2025-01-07 13:30:00",3.5,115.0,9.0,0.1,2,273.0,0.26,404,103.0,11.5,255.0,-0.8,2,273.0,1.3,314,95.0,9.7,227.0,-3.4,2,273.0,2.8,324,97.0,10.0,245.0
"2025-01-07 13:45:00",4.4,114.0,9.0,0.38,2,274.0,0.38,451,111.0,11.8,268.0,-1.0,2,274.0,1.2,412,100.0,11.4,249.0,-4.3,2,274.0,2.4,382,101.0,11.2,269.0
"2025-01-07 14:00:00",5.5,117.0,9.0,0.12,2,273.0,0.31,439,103.0,12.2,267.0,-1.1,2,273.0,1.5,386,102.0,11.0,248.0,-5.4,2,273.0,4.1,367,108.0,10.0,251.0
"2025-01-07 14:15:00",3.9,129.0,9.0,0.14,2,275.0,0.29,365,96.0,11.0,245.0,0.0,2,275.0,1.4,312,95.0,9.6,224.0,-3.9,2,275.0,3.4,296,93.0,9.7,245.0
"2025-01-07 14:30:00",5.1,127.0,9.0,0.53,2,273.0,0.53,548,125.0,12.3,269.0,0.0,2,273.0,1.6,483,112.0,11.7,254.0,-5.1,2,273.0,2.5,488,113.0,11.9,268.0
"2025-01-07 14:45:00",3.3,113.0,9.0,0.19,2,273.0,0.29,375,102.0,10.8,253.0,-0.9,2,273.0,1.2,273,96.0,8.4,193.0,-3.1,2,273.0,3.1,276,93.0,9.0,238.0
"2025-01-07 15:00:00",5.9,118.0,9.0,0.2,2,273.0,0.36,416,123.0,10.7,251.0,-1.1,2,273.0,1.6,336,113.0,9.3,216.0,-5.8,2,273.0,4.7,339,117.0,9.0,226.0
"2025-01-07 15:15:00",4.6,130.0,9.0,0.11,2,276.0,0.3,406,125.0,10.2,175.0,0.1,2,276.0,1.5,321,111.0,8.4,111.0,-4.6,2,276.0,4.1,304,109.0,8.6,124.0
"2025-01-07 15:30:00",2.1,134.0,9.0,0.2,2,273.0,0.29,362,100.0,10.9,204.0,0.2,2,273.0,1.7,265,93.0,8.5,110.0,-2.1,2,273.0,1.9,283,90.0,9.7,155.0
"2025-01-07 15:45:00",2.6,115.0,9.0,0.11,2,273.0,0.28,368,100.0,11.2,214.0,-0.6,2,273.0,1.7,279,97.0,8.7,119.0,-2.6,2,273.0,3.2,271,86.0,9.7,163.0
"2025-01-07 16:00:00",5.2,126.0,9.0,0.32,2,273.0,0.44,408,111.0,11.0,214.0,-0.1,2,273.0,2.1,358,105.0,9.8,165.0,-5.2,2,273.0,3.5,337,102.0,9.9,163.0
"2025-01-07 16:15:00",6.7,128.0,9.0,0.21,2,276.0,0.45,449,113.0,11.3,245.0,0.0,2,276.0,2.3,408,107.0,10.5,231.0,-6.7,2,276.0,4.1,388,108.0,10.1,241.0
"2025-01-07 16:30:00",6.1,122.0,9.0,0.23,2,273.0,0.44,505,117.0,12.1,264.0,-0.6,2,273.0,1.8,454,113.0,10.7,224.0,-6.0,2,273.0,3.7,429,115.0,10.5,249.0
"2025-01-07 16:45:00",3.3,128.0,9.0,0.25,2,273.0,0.35,380,105.0,10.9,255.0,0.0,2,273.0,1.5,282,96.0,8.8,202.0,-3.3,2,273.0,2.9,290,90.0,9.9,252.0
"2025-01-07 17:00:00",6.1,134.0,9.0,0.35,2,273.0,0.45,460,127.0,11.1,252.0,0.6,2,273.0,1.7,406,113.0,10.3,224.0,-6.1,2,273.0,3.7,379,120.0,9.6,246.0
"2025-01-07 17:15:00",3.1,146.0,9.0,0.47,2,275.0,0.82,488,125.0,11.2,252.0,0.9,2,275.0,3.0,455,111.0,11.0,240.0,-2.9,2,275.0,2.0,420,95.0,12.1,250.0
"2025-01-07 17:30:00",1.5,126.0,9.0,0.13,2,274.0,0.3,455,106.0,12.4,268.0,0.0,2,274.0,2.2,387,105.0,10.9,259.0,-1.5,2,274.0,2.1,398,88.0,13.0,272.0
"2025-01-07 17:45:00",1.6,117.0,9.0,0.09,2,273.0,0.28,402,97.0,12.1,266.0,-0.3,2,273.0,1.7,312,90.0,10.2,234.0,-1.5,2,273.0,2.6,329,82.0,11.9,267.0
"2025-01-07 18:00:00",3.7,132.0,9.0,0.25,9,273.0,0.4,482,108.0,12.7,266.0,0.3,9,273.0,2.1,450,103.0,12.2,263.0,-3.7,2,273.0,2.7,417,101.0,12.0,271.0
"2025-01-07 18:15:00",5.9,124.0,9.0,0.98,9,275.0,0.89,535,141.0,10.8,252.0,-0.4,9,275.0,2.1,493,114.0,11.5,236.0,-5.9,2,275.0,2.5,483,112.0,11.8,253.0
"2025-01-07 18:30:00",4.6,126.0,9.0,0.57,9,273.0,0.58,559,133.0,12.3,268.0,-0.2,9,273.0,2.3,569,120.0,12.9,269.0,-4.6,2,273.0,2.7,512,114.0,12.6,270.0
"2025-01-07 18:45:00",4.0,127.0,9.0,0.41,9,273.0,0.46,472,122.0,11.7,264.0,-0.1,9,273.0,1.6,392,105.0,11.1,238.0,-4.0,2,273.0,2.6,386,105.0,11.1,265.0
"2025-01-07 19:00:00",2.7,133.0,9.0,0.33,9,274.0,0.48,427,114.0,11.2,257.0,0.2,9,274.0,1.5,306,93.0,9.7,226.0,-2.7,9,274.0,2.3,328,91.0,10.7,256.0
"2025-01-07 19:15:00",5.2,122.0,9.0,0.39,9,275.0,0.47,414,109.0,11.0,245.0,-0.6,9,275.0,1.6,320,93.0,9.7,213.0,-5.2,2,275.0,3.6,335,101.0,9.7,238.0
"2025-01-07 19:30:00",5.3,128.0,9.0,0.35,9,273.0,0.43,422,109.0,11.4,262.0,0.0,9,273.0,1.7,350,96.0,10.4,234.0,-5.3,2,273.0,3.9,327,100.0,9.9,249.0
"2025-01-07 19:45:00",6.0,125.0,9.0,0.42,9,273.0,0.55,459,112.0,11.9,260.0,-0.3,9,273.0,2.0,450,102.0,12.2,259.0,-6.0,2,273.0,3.6,380,107.0,10.6,265.0
"2025-01-07 20:00:00",6.3,132.0,9.0,0.58,9,273.0,0.56,465,117.0,11.6,266.0,0.4,9,273.0,2.1,430,103.0,11.7,257.0,-6.3,2,273.0,3.0,420,109.0,11.2,261.0
"2025-01-07 20:15:00",6.8,127.0,9.0,0.45,9,275.0,0.53,416,112.0,10.6,244.0,-0.1,9,275.0,1.9,372,98.0,10.4,233.0,-6.8,2,275.0,3.8,342,102.0,9.6,243.0
"2025-01-07 20:30:00",4.0,141.0,9.0,0.57,9,273.0,0.74,410,124.0,10.3,259.0,0.9,9,273.0,2.2,366,104.0,10.4,239.0,-3.9,2,273.0,2.3,368,96.0,11.4,254.0
"2025-01-07 20:45:00",1.2,146.0,9.0,0.08,9,273.0,0.28,393,98.0,11.8,261.0,0.4,9,273.0,2.6,263,89.0,9.2,231.0,-1.2,9,273.0,1.9,293,79.0,11.2,260.0
"2025-01-07 21:00:00",3.2,155.0,9.0,0.27,9,273.0,0.46,390,106.0,11.1,261.0,1.5,9,273.0,2.5,327,95.0,10.3,246.0,-2.9,2,273.0,2.6,329,87.0,11.3,266.0
"2025-01-07 21:15:00",5.7,142.0,9.0,1.07,2,276.0,1.01,444,131.0,9.9,244.0,1.4,2,276.0,2.6,433,111.0,10.6,232.0,-5.5,2,276.0,2.3,409,95.0,11.8,253.0
"2025-01-07 21:30:00",3.7,141.0,9.0,0.32,9,273.0,0.4,380,102.0,11.2,260.0,0.8,9,273.0,2.0,326,92.0,10.3,242.0,-3.6,2,273.0,2.7,327,86.0,11.3,269.0
"2025-01-07 21:45:00",7.2,133.0,9.0,0.46,9,273.0,0.58,492,116.0,12.0,266.0,0.6,9,273.0,2.5,438,109.0,11.2,255.0,-7.2,2,273.0,3.9,431,114.0,10.8,256.0
"2025-01-07 22:00:00",6.6,140.0,9.0,0.66,9,274.0,0.77,449,121.0,11.0,265.0,1.4,9,274.0,2.7,430,112.0,10.8,248.0,-6.5,2,274.0,3.7,418,108.0,11.2,264.0
"2025-01-07 22:15:00",2.2,161.0,9.0,0.24,9,275.0,0.62,331,102.0,9.9,231.0,1.2,9,275.0,3.2,282,91.0,9.0,218.0,-1.8,9,275.0,1.9,284,77.0,10.9,236.0
"2025-01-07 22:30:00",3.3,146.0,9.0,0.3,9,273.0,0.59,345,100.0,10.5,253.0,1.0,9,273.0,2.4,298,89.0,9.8,224.0,-3.1,2,273.0,2.8,299,78.0,11.2,261.0
"2025-01-07 22:45:00",3.7,142.0,9.0,0.63,9,273.0,0.74,385,109.0,10.7,264.0,0.9,9,273.0,2.3,315,94.0,9.8,234.0,-3.6,2,273.0,2.1,390,86.0,12.6,266.0
"2025-01-07 23:00:00",2.5,134.0,9.0,0.26,9,273.0,0.34,328,92.0,10.8,253.0,0.2,9,273.0,1.5,239,82.0,9.0,218.0,-2.5,2,273.0,2.1,249,75.0,10.2,253.0
"2025-01-07 23:15:00",4.2,128.0,9.0,0.39,9,276.0,0.38,368,98.0,10.9,250.0,0.0,9,276.0,1.4,313,93.0,9.7,210.0,-4.2,2,276.0,2.8,288,87.0,9.8,240.0
"2025-01-07 23:30:00",2.5,118.0,9.0,0.14,9,273.0,0.31,333,92.0,10.7,246.0,-0.4,9,273.0,1.1,231,87.0,7.8,164.0,-2.5,2,273.0,3.7,245,80.0,9.4,238.0
"2025-01-07 23:45:00",3.0,120.0,9.0,0.15,9,273.0,0.25,338,92.0,11.0,253.0,-0.4,9,273.0,1.1,232,88.0,8.1,187.0,-3.0,2,273.0,4.0,247,93.0,8.3,209.0
"2025-01-08 00:00:00",4.2,131.0,9.0,0.09,9,273.0,0.27,370,98.0,11.1,243.0,0.2,9,273.0,1.3,285,97.0,8.7,204.0,-4.2,2,273.0,4.6,275,96.0,8.8,226.0
"2025-01-08 00:15:00",4.7,132.0,9.0,0.26,9,276.0,0.39,382,128.0,9.1,214.0,0.4,9,276.0,2.0,303,119.0,7.5,153.0,-4.7,2,276.0,4.1,300,113.0,7.9,189.0
"2025-01-08 00:30:00",5.1,129.0,9.0,0.55,9,273.0,0.7,496,134.0,11.1,257.0,0.1,9,273.0,2.4,463,127.0,10.2,229.0,-5.1,2,273.0,3.4,436,122.0,10.6,251.0
"2025-01-08 00:45:00",1.2,111.0,9.0,0.03,9,274.0,0.3,400,113.0,11.3,240.0,-0.3,9,274.0,2.0,302,110.0,8.7,186.0,-1.2,9,274.0,1.8,335,107.0,10.6,228.0
"2025-01-08 01:00:00",0.5,120.0,9.0,0.11,9,273.0,0.3,367,84.0,12.6,263.0,-0.1,9,273.0,1.7,262,80.0,10.0,231.0,-0.5,9,273.0,1.0,277,68.0,12.0,259.0
"2025-01-08 01:15:00",0.2,156.0,9.0,0.09,9,276.0,0.17,392,88.0,12.3,255.0,0.1,9,276.0,0.8,206,89.0,6.9,145.0,-0.2,9,276.0,0.6,293,64.0,12.6,250.0
"2025-01-08 01:30:00",0.7,133.0,9.0,0.05,9,273.0,0.17,471,87.0,14.4,269.0,0.1,9,273.0,1.0,255,84.0,9.4,211.0,-0.7,9,273.0,1.0,325,71.0,13.0,265.0
"2025-01-08 01:45:00",0.6,161.0,9.0,0.06,9,274.0,0.19,388,84.0,13.0,264.0,0.3,9,274.0,1.0,225,83.0,8.4,201.0,-0.5,9,274.0,0.9,304,67.0,13.0,267.0
"2025-01-08 02:00:00",0.7,176.0,9.0,0.04,9,273.0,0.27,453,143.0,11.4,243.0,0.6,9,273.0,2.1,306,114.0,8.7,198.0,-0.5,9,273.0,1.4,358,110.0,11.6,244.0
"2025-01-08 02:15:00",0.5,150.0,9.0,0.01,9,276.0,0.22,337,79.0,12.0,255.0,0.2,9,276.0,1.0,217,76.0,8.5,190.0,-0.4,9,276.0,1.2,246,61.0,11.5,243.0
"2025-01-08 02:30:00",0.4,120.0,9.0,0.05,9,273.0,0.22,351,118.0,10.4,220.0,-0.1,9,273.0,0.9,239,111.0,7.5,156.0,-0.4,9,273.0,0.7,324,123.0,10.1,198.0
"2025-01-08 02:45:00",0.4,172.0,9.0,0.1,9,273.0,0.21,375,97.0,11.9,253.0,0.3,9,273.0,0.8,235,87.0,8.9,207.0,-0.3,9,273.0,0.7,330,88.0,12.3,241.0
"2025-01-08 03:00:00",0.9,188.0,9.0,0.04,9,274.0,0.17,468,144.0,10.5,221.0,0.7,9,274.0,0.9,304,147.0,6.7,129.0,-0.4,9,274.0,1.2,363,158.0,7.8,160.0
"2025-01-08 03:15:00",2.0,142.0,9.0,0.08,9,275.0,0.23,408,89.0,12.6,253.0,0.5,9,275.0,1.2,323,87.0,10.7,229.0,-1.9,9,275.0,2.4,315,92.0,10.4,250.0
"2025-01-08 03:30:00",2.9,118.0,9.0,0.1,9,274.0,0.26,431,95.0,12.9,265.0,-0.5,9,274.0,1.3,335,93.0,10.6,231.0,-2.9,2,274.0,2.9,344,102.0,10.4,267.0
"2025-01-08 03:45:00",2.5,106.0,9.0,0.14,9,273.0,0.38,482,142.0,11.3,241.0,-0.9,9,273.0,1.7,354,121.0,9.4,218.0,-2.3,2,273.0,2.2,395,127.0,10.4,234.0
"2025-01-08 04:00:00",3.4,131.0,9.0,0.09,9,274.0,0.26,482,99.0,13.5,265.0,0.2,9,274.0,1.1,393,91.0,12.2,256.0,-3.4,2,274.0,2.9,443,109.0,12.0,271.0
"2025-01-08 04:15:00",3.4,121.0,9.0,0.11,9,275.0,0.24,422,97.0,12.1,252.0,-0.4,9,275.0,1.2,327,95.0,10.2,232.0,-3.3,2,275.0,2.9,345,103.0,10.0,250.0
"2025-01-08 04:30:00",1.7,135.0,9.0,0.13,9,273.0,0.27,419,97.0,12.4,267.0,0.2,9,273.0,1.2,301,92.0,9.9,243.0,-1.7,9,273.0,1.7,354,89.0,11.8,266.0
"2025-01-08 04:45:00",1.3,133.0,9.0,0.09,9,274.0,0.22,407,95.0,12.4,268.0,0.1,9,274.0,1.0,294,92.0,9.9,239.0,-1.3,9,274.0,1.5,326,84.0,11.6,261.0
"2025-01-08 05:00:00",1.5,140.0,9.0,0.09,9,273.0,0.22,396,91.0,12.6,263.0,0.3,9,273.0,1.1,285,87.0,10.0,234.0,-1.5,9,273.0,1.7,333,84.0,11.8,268.0
"2025-01-08 05:15:00",0.7,123.0,9.0,0.05,9,275.0,0.21,367,92.0,11.4,243.0,-0.1,9,275.0,1.0,237,91.0,8.1,174.0,-0.7,9,275.0,1.2,286,80.0,10.7,242.0
"2025-01-08 05:30:00",0.8,102.0,9.0,0.07,9,274.0,0.25,445,128.0,11.4,237.0,-0.3,9,274.0,1.7,307,115.0,8.7,190.0,-0.7,9,274.0,1.3,357,109.0,11.0,235.0
"2025-01-08 05:45:00",0.4,166.0,9.0,0.01,9,273.0,0.22,366,81.0,12.9,271.0,0.3,9,273.0,1.0,239,71.0,10.2,240.0,-0.3,9,273.0,1.1,289,64.0,13.0,263.0
"2025-01-08 06:00:00",0.0,104.0,9.0,0.01,9,273.0,0.21,367,82.0,12.6,266.0,0.0,9,273.0,1.0,226,76.0,9.2,222.0,0.0,9,273.0,0.9,284,65.0,12.6,267.0
"2025-01-08 06:15:00",0.5,127.0,9.0,0.03,9,276.0,0.2,408,84.0,13.1,254.0,0.0,9,276.0,1.0,243,75.0,9.8,229.0,-0.5,9,276.0,1.3,266,67.0,11.5,245.0
"2025-01-08 06:30:00",0.7,128.0,9.0,-0.01,9,273.0,0.19,393,81.0,13.4,270.0,0.0,9,273.0,1.2,262,74.0,10.4,241.0,-0.7,9,273.0,1.2,314,67.0,13.2,262.0
"2025-01-08 06:45:00",0.5,122.0,9.0,0.03,9,273.0,0.21,383,84.0,12.9,270.0,-0.1,9,273.0,0.9,269,77.0,10.4,238.0,-0.5,9,273.0,1.1,314,68.0,13.1,261.0
"2025-01-08 07:00:00",0.7,124.0,9.0,0.04,9,274.0,0.2,416,83.0,13.8,273.0,0.0,9,274.0,1.2,268,77.0,10.3,240.0,-0.7,9,274.0,1.2,331,68.0,13.6,267.0
"2025-01-08 07:15:00",1.1,127.0,9.0,0.04,9,275.0,0.24,415,124.0,10.9,216.0,0.0,9,275.0,1.3,288,104.0,8.8,186.0,-1.1,9,275.0,1.7,338,99.0,11.1,221.0
"2025-01-08 07:30:00",0.5,126.0,9.0,0.06,9,273.0,0.26,425,95.0,12.7,269.0,0.0,9,273.0,1.0,279,83.0,10.1,231.0,-0.5,9,273.0,1.3,376,76.0,13.8,263.0
"2025-01-08 07:45:00",0.2,225.0,9.0,0.01,9,273.0,0.18,403,86.0,13.2,271.0,0.2,9,273.0,0.9,227,78.0,9.1,214.0,0.0,9,273.0,0.6,336,65.0,14.0,265.0
"2025-01-08 08:00:00",0.5,99.0,9.0,0.12,9,273.0,0.19,374,84.0,12.7,265.0,-0.2,9,273.0,0.7,241,75.0,9.9,238.0,-0.4,9,273.0,0.6,338,63.0,14.4,270.0
"2025-01-08 08:15:00",0.3,185.0,9.0,0.08,9,276.0,0.16,419,91.0,12.6,250.0,0.2,9,276.0,0.8,226,79.0,8.7,199.0,-0.1,9,276.0,0.7,315,68.0,12.9,252.0
"2025-01-08 08:30:00",0.4,146.0,9.0,0.02,9,273.0,0.15,437,88.0,13.6,263.0,0.1,9,273.0,0.7,233,81.0,9.0,207.0,-0.4,9,273.0,0.7,323,71.0,13.1,264.0
"2025-01-08 08:45:00",0.6,141.0,9.0,0.03,9,273.0,0.17,460,87.0,14.1,270.0,0.1,9,273.0,0.8,240,82.0,9.0,199.0,-0.6,9,273.0,1.1,313,72.0,12.8,264.0
"2025-01-08 09:00:00",0.5,154.0,9.0,0.02,9,274.0,0.18,447,105.0,13.1,259.0,0.2,9,274.0,0.8,272,96.0,9.2,206.0,-0.4,9,274.0,1.0,349,87.0,12.5,250.0
"2025-01-08 09:15:00",0.1,76.0,9.0,0.05,9,275.0,0.18,400,115.0,11.0,217.0,-0.1,9,275.0,0.9,234,97.0,7.6,111.0,-0.1,9,275.0,0.7,299,84.0,11.2,219.0
"2025-01-08 09:30:00",0.3,131.0,9.0,0.03,9,273.0,0.21,346,80.0,12.3,254.0,0.0,9,273.0,0.8,195,76.0,8.0,123.0,-0.3,9,273.0,0.8,259,65.0,11.9,232.0
"2025-01-08 09:45:00",0.7,129.0,9.0,0.02,9,273.0,0.21,347,82.0,12.2,248.0,0.0,9,273.0,0.8,230,78.0,9.1,158.0,-0.7,9,273.0,1.3,281,71.0,11.8,234.0
"2025-01-08 10:00:00",0.8,139.0,9.0,0.0,2,273.0,0.2,367,83.0,12.7,251.0,0.1,2,273.0,1.0,223,76.0,8.9,150.0,-0.8,2,273.0,1.7,282,68.0,12.2,237.0
"2025-01-08 10:15:00",1.6,141.0,9.0,0.0,2,275.0,0.25,331,86.0,11.2,242.0,0.4,2,275.0,1.5,252,86.0,8.7,194.0,-1.5,2,275.0,2.3,250,76.0,9.8,233.0
"2025-01-08 10:30:00",2.0,133.0,9.0,0.0,2,273.0,0.25,391,87.0,12.6,265.0,0.2,2,273.0,1.5,300,86.0,10.0,209.0,-2.0,2,273.0,2.5,293,76.0,11.4,262.0
"2025-01-08 10:45:00",1.0,156.0,9.0,0.05,2,274.0,0.27,364,82.0,12.7,265.0,0.5,2,274.0,1.9,246,75.0,9.7,232.0,-0.9,2,274.0,1.5,278,66.0,12.4,265.0
"2025-01-08 11:00:00",1.6,132.0,9.0,0.0,2,273.0,0.26,345,97.0,11.0,252.0,0.1,2,273.0,1.6,253,92.0,8.3,173.0,-1.6,2,273.0,2.4,250,81.0,9.8,239.0
"2025-01-08 11:15:00",1.0,122.0,9.0,0.0,2,275.0,0.21,302,79.0,11.0,248.0,-0.1,2,275.0,1.1,199,75.0,8.0,185.0,-1.0,2,275.0,1.5,207,60.0,10.4,243.0
"2025-01-08 11:30:00",0.6,124.0,9.0,0.03,9,272.0,0.24,298,85.0,10.7,259.0,0.0,9,272.0,1.1,201,81.0,7.6,180.0,-0.6,9,272.0,1.2,224,64.0,10.6,246.0
"2025-01-08 11:45:00",1.2,177.0,9.0,0.03,2,273.0,0.27,328,90.0,11.0,257.0,0.9,2,273.0,2.2,246,90.0,8.4,200.0,-0.8,2,273.0,1.2,239,73.0,10.1,242.0
"2025-01-08 12:00:00",0.7,142.0,9.0,-0.01,2,273.0,0.2,331,88.0,11.2,259.0,0.2,2,273.0,1.2,230,86.0,8.3,199.0,-0.7,2,273.0,1.3,235,70.0,10.3,241.0
"2025-01-08 12:15:00",1.2,142.0,9.0,0.13,2,276.0,0.33,338,100.0,10.2,241.0,0.3,2,276.0,2.0,263,105.0,7.5,167.0,-1.2,2,276.0,1.7,258,70.0,10.7,244.0
"2025-01-08 12:30:00",1.8,133.0,9.0,0.06,2,273.0,0.32,349,103.0,10.3,244.0,0.1,2,273.0,1.7,263,108.0,7.4,177.0,-1.8,2,273.0,2.3,277,82.0,10.4,260.0
"2025-01-08 12:45:00",0.9,112.0,9.0,0.0,2,273.0,0.22,331,100.0,10.4,245.0,-0.2,2,273.0,1.5,242,100.0,7.5,176.0,-0.8,2,273.0,1.6,237,79.0,9.6,239.0
"2025-01-08 13:00:00",1.0,152.0,9.0,-0.02,2,273.0,0.27,333,90.0,11.2,259.0,0.4,2,273.0,2.0,234,92.0,7.9,188.0,-0.9,2,273.0,2.0,234,71.0,10.1,249.0
"2025-01-08 13:15:00",1.1,147.0,9.0,0.05,2,275.0,0.33,324,95.0,10.3,237.0,0.4,2,275.0,1.9,229,96.0,7.3,173.0,-1.0,2,275.0,2.0,235,68.0,10.3,239.0
"2025-01-08 13:30:00",0.7,136.0,9.0,0.04,2,273.0,0.3,334,99.0,10.3,249.0,0.1,2,273.0,2.4,240,105.0,6.9,147.0,-0.7,2,273.0,1.2,244,68.0,10.8,254.0
"2025-01-08 13:45:00",0.7,110.0,9.0,-0.03,2,274.0,0.25,327,95.0,10.5,250.0,-0.2,2,274.0,1.4,235,102.0,6.9,154.0,-0.6,2,274.0,1.6,229,65.0,10.7,255.0
"2025-01-08 14:00:00",1.5,165.0,9.0,0.19,2,275.0,0.4,367,101.0,10.9,255.0,0.9,2,275.0,2.3,288,105.0,8.2,197.0,-1.2,2,275.0,1.8,283,69.0,11.9,264.0
"2025-01-08 14:15:00",0.6,164.0,9.0,0.05,2,276.0,0.24,313,82.0,11.2,247.0,0.3,2,276.0,1.2,206,80.0,7.9,177.0,-0.5,2,276.0,1.0,229,59.0,11.2,246.0
"2025-01-08 14:30:00",0.5,192.0,9.0,0.06,2,275.0,0.26,353,96.0,11.4,259.0,0.4,2,275.0,1.2,211,86.0,7.7,179.0,-0.2,2,275.0,0.8,242,71.0,10.9,239.0
"2025-01-08 14:45:00",0.7,189.0,9.0,0.08,2,275.0,0.22,395,96.0,12.0,267.0,0.6,2,275.0,1.4,237,97.0,7.7,186.0,-0.4,2,275.0,0.7,283,66.0,12.3,266.0
"2025-01-08 15:00:00",0.4,172.0,9.0,0.04,2,275.0,0.2,403,91.0,12.6,274.0,0.3,2,275.0,0.9,234,92.0,7.9,186.0,-0.3,2,275.0,0.7,296,63.0,13.3,271.0
"2025-01-08 15:15:00",0.8,160.0,9.0,0.06,2,275.0,0.18,417,90.0,12.8,252.0,0.4,2,275.0,1.1,235,83.0,8.7,191.0,-0.7,2,275.0,0.9,299,65.0,12.8,255.0
"2025-01-08 15:30:00",0.7,162.0,9.0,0.02,2,273.0,0.18,474,90.0,14.1,273.0,0.4,2,273.0,1.0,250,77.0,10.0,244.0,-0.6,2,273.0,0.8,303,64.0,13.4,270.0
"2025-01-08 15:45:00",0.5,143.0,9.0,0.06,2,273.0,0.18,470,91.0,14.0,272.0,0.1,2,273.0,0.9,238,77.0,9.4,223.0,-0.5,2,273.0,0.8,310,67.0,13.0,267.0
"2025-01-08 16:00:00",0.6,144.0,9.0,0.06,9,273.0,0.19,452,93.0,13.5,273.0,0.2,9,273.0,0.9,239,86.0,8.6,197.0,-0.5,9,273.0,0.8,325,70.0,13.2,267.0
"2025-01-08 16:15:00",0.5,143.0,9.0,0.07,2,275.0,0.18,451,100.0,12.7,248.0,0.1,2,275.0,0.9,247,94.0,8.0,192.0,-0.4,2,275.0,0.7,305,75.0,11.9,244.0
"2025-01-08 16:30:00",0.4,145.0,9.0,0.05,9,273.0,0.19,480,103.0,13.1,267.0,0.1,9,273.0,0.7,240,92.0,8.1,195.0,-0.3,9,273.0,0.7,333,79.0,12.3,263.0
"2025-01-08 16:45:00",0.0,152.0,9.0,0.06,9,273.0,0.19,471,97.0,13.5,271.0,0.0,9,273.0,0.7,233,91.0,8.0,187.0,0.0,9,273.0,0.7,306,78.0,11.7,257.0
"2025-01-08 17:00:00",0.2,121.0,9.0,0.06,9,273.0,0.17,481,99.0,13.4,271.0,0.0,9,273.0,0.7,250,91.0,8.6,210.0,-0.2,9,273.0,0.6,346,78.0,12.8,262.0
"2025-01-08 17:15:00",0.5,165.0,9.0,0.05,2,275.0,0.17,487,107.0,12.5,252.0,0.3,2,275.0,0.8,263,93.0,8.6,208.0,-0.4,2,275.0,0.7,337,81.0,11.9,244.0
"2025-01-08 17:30:00",0.6,184.0,9.0,0.04,2,273.0,0.2,501,104.0,13.2,271.0,0.5,2,273.0,0.8,259,96.0,8.4,200.0,-0.3,2,273.0,0.8,349,85.0,12.1,267.0
"2025-01-08 17:45:00",0.4,81.0,9.0,0.09,9,273.0,0.16,514,104.0,13.6,266.0,-0.3,9,273.0,0.7,268,95.0,8.7,192.0,-0.3,9,273.0,0.6,358,83.0,12.5,266.0
"2025-01-08 18:00:00",0.4,140.0,9.0,0.06,9,273.0,0.16,470,109.0,12.5,269.0,0.1,9,273.0,0.8,254,100.0,8.0,185.0,-0.3,9,273.0,0.8,309,83.0,11.2,251.0
"2025-01-08 18:15:00",0.5,125.0,9.0,0.1,9,275.0,0.19,486,111.0,12.3,256.0,0.0,9,275.0,0.8,271,104.0,8.2,199.0,-0.5,9,275.0,0.6,335,89.0,11.2,251.0
"2025-01-08 18:30:00",0.6,121.0,9.0,0.11,9,273.0,0.18,501,125.0,12.0,258.0,-0.1,9,273.0,0.9,283,118.0,7.5,162.0,-0.6,9,273.0,0.8,359,103.0,10.8,238.0
"2025-01-08 18:45:00",1.0,153.0,9.0,0.05,9,272.0,0.18,566,130.0,12.6,263.0,0.4,9,272.0,0.9,359,122.0,9.1,211.0,-0.9,9,272.0,1.2,417,108.0,11.4,258.0
"2025-01-08 19:00:00",1.1,144.0,9.0,0.04,9,273.0,0.18,580,112.0,13.9,269.0,0.3,9,273.0,0.9,343,107.0,9.9,217.0,-1.1,9,273.0,1.4,370,96.0,11.6,257.0
"2025-01-08 19:15:00",1.2,141.0,9.0,0.06,9,275.0,0.18,549,107.0,13.5,255.0,0.3,9,275.0,0.8,334,97.0,10.2,228.0,-1.1,9,275.0,1.3,355,88.0,11.5,252.0
"2025-01-08 19:30:00",0.5,129.0,9.0,0.06,9,273.0,0.18,554,108.0,14.0,271.0,0.0,9,273.0,0.7,295,100.0,9.3,212.0,-0.5,9,273.0,0.8,372,88.0,12.4,257.0
"2025-01-08 19:45:00",0.7,127.0,9.0,0.07,9,273.0,0.17,522,106.0,13.6,273.0,0.0,9,273.0,0.7,297,101.0,9.3,209.0,-0.7,9,273.0,1.0,392,87.0,12.9,267.0
"2025-01-08 20:00:00",0.4,137.0,9.0,0.1,9,273.0,0.18,514,107.0,13.4,270.0,0.1,9,273.0,0.7,296,102.0,9.2,208.0,-0.4,9,273.0,0.8,345,86.0,11.9,261.0
"2025-01-08 20:15:00",0.2,319.0,9.0,0.09,9,275.0,0.2,578,161.0,12.1,237.0,0.0,9,275.0,0.7,368,149.0,8.6,178.0,0.2,9,275.0,2.4,381,123.0,10.4,224.0
"2025-01-08 20:30:00",0.3,144.0,9.0,0.06,9,273.0,0.17,498,108.0,13.1,270.0,0.1,9,273.0,0.7,286,103.0,8.9,200.0,-0.3,9,273.0,0.7,363,87.0,12.2,266.0
"2025-01-08 20:45:00",0.3,92.0,9.0,0.06,9,273.0,0.18,502,105.0,13.3,270.0,-0.2,9,273.0,0.7,272,95.0,9.1,219.0,-0.2,9,273.0,0.6,352,82.0,12.4,260.0
"2025-01-08 21:00:00",0.4,125.0,9.0,0.05,9,272.0,0.18,497,107.0,13.1,268.0,0.0,9,272.0,0.6,283,96.0,9.2,212.0,-0.4,9,272.0,0.7,357,86.0,12.2,262.0
"2025-01-08 21:15:00",0.5,139.0,9.0,0.05,9,275.0,0.17,494,119.0,11.8,251.0,0.1,9,275.0,0.7,291,111.0,8.1,175.0,-0.4,9,275.0,0.7,352,102.0,10.3,233.0
"2025-01-08 21:30:00",0.7,186.0,9.0,0.04,9,273.0,0.18,450,116.0,11.6,261.0,0.6,9,273.0,1.0,267,103.0,8.2,179.0,-0.3,9,273.0,0.9,324,95.0,10.5,247.0
"2025-01-08 21:45:00",0.9,161.0,9.0,0.05,9,271.0,0.18,519,108.0,13.3,268.0,0.5,9,271.0,1.2,304,98.0,9.7,226.0,-0.8,9,271.0,1.1,358,93.0,11.5,250.0
"2025-01-08 22:00:00",0.8,163.0,9.0,0.07,9,272.0,0.2,497,104.0,13.2,267.0,0.5,9,272.0,1.2,307,92.0,10.2,235.0,-0.7,9,272.0,0.9,367,88.0,12.2,254.0
"2025-01-08 22:15:00",0.8,154.0,9.0,0.06,9,274.0,0.18,514,146.0,11.5,232.0,0.4,9,274.0,1.2,333,129.0,8.6,162.0,-0.8,9,274.0,1.2,368,121.0,10.1,203.0
"2025-01-08 22:30:00",0.7,155.0,9.0,0.05,9,273.0,0.19,459,96.0,13.3,264.0,0.3,9,273.0,1.1,260,85.0,9.4,198.0,-0.6,9,273.0,1.2,309,80.0,11.5,248.0
"2025-01-08 22:45:00",0.8,173.0,9.0,0.05,9,273.0,0.19,467,98.0,13.2,264.0,0.6,9,273.0,1.2,274,91.0,9.3,198.0,-0.6,9,273.0,1.0,306,82.0,11.2,246.0
"2025-01-08 23:00:00",0.9,171.0,9.0,0.03,9,273.0,0.2,450,94.0,13.4,269.0,0.6,9,273.0,1.2,259,83.0,9.7,219.0,-0.7,9,273.0,1.2,293,78.0,11.3,242.0
"2025-01-08 23:15:00",0.7,155.0,9.0,0.03,9,275.0,0.22,374,89.0,12.1,251.0,0.3,9,275.0,1.2,237,83.0,8.8,187.0,-0.6,9,275.0,0.9,265,76.0,10.6,234.0
"2025-01-08 23:30:00",0.7,166.0,9.0,-0.02,9,273.0,0.2,426,93.0,12.9,272.0,0.4,9,273.0,1.2,242,85.0,9.0,208.0,-0.5,9,273.0,1.4,279,76.0,11.1,260.0
"2025-01-08 23:45:00",0.6,186.0,9.0,-0.03,9,273.0,0.18,409,92.0,12.8,267.0,0.5,9,273.0,1.1,228,87.0,8.2,187.0,-0.3,9,273.0,1.3,261,77.0,10.4,244.0
"2025-01-09 00:00:00",0.6,172.0,9.0,0.0,9,272.0,0.21,462,132.0,11.7,238.0,0.4,9,272.0,1.9,278,117.0,7.8,170.0,-0.5,9,272.0,1.3,298,106.0,9.6,202.0
"2025-01-09 00:15:00",0.8,158.0,9.0,-0.01,9,276.0,0.2,408,92.0,12.4,252.0,0.4,9,276.0,1.1,232,89.0,8.1,184.0,-0.7,9,276.0,1.3,256,74.0,10.4,238.0
"2025-01-09 00:30:00",1.0,178.0,9.0,-0.01,9,273.0,0.2,397,92.0,12.4,267.0,0.7,9,273.0,1.0,245,91.0,8.4,185.0,-0.6,9,273.0,1.2,275,78.0,10.8,253.0
"2025-01-09 00:45:00",0.7,179.0,9.0,0.01,9,273.0,0.22,415,92.0,12.8,268.0,0.6,9,273.0,1.0,244,88.0,8.6,204.0,-0.5,9,273.0,1.1,270,75.0,11.0,253.0
"2025-01-09 01:00:00",0.7,164.0,9.0,0.04,9,274.0,0.17,392,93.0,12.2,264.0,0.4,9,274.0,1.0,235,91.0,8.0,185.0,-0.6,9,274.0,1.3,282,77.0,11.0,256.0
"2025-01-09 01:15:00",0.8,145.0,9.0,0.05,9,275.0,0.22,374,88.0,12.0,252.0,0.2,9,275.0,1.0,225,86.0,8.0,175.0,-0.8,9,275.0,1.6,259,78.0,10.1,233.0
"2025-01-09 01:30:00",0.3,146.0,9.0,0.01,9,273.0,0.2,375,95.0,11.7,262.0,0.1,9,273.0,1.0,224,93.0,7.4,149.0,-0.3,9,273.0,1.1,259,80.0,10.0,232.0
"2025-01-09 01:45:00",0.0,166.0,9.0,0.0,9,274.0,0.23,436,141.0,10.6,234.0,0.0,9,274.0,1.3,270,119.0,7.2,149.0,0.0,9,274.0,2.1,292,110.0,9.0,208.0
"2025-01-09 02:00:00",0.7,182.0,9.0,0.03,9,273.0,0.18,405,85.0,13.2,270.0,0.6,9,273.0,1.1,221,80.0,8.5,199.0,-0.4,9,273.0,1.3,262,71.0,11.1,249.0
"2025-01-09 02:15:00",0.9,189.0,9.0,0.01,9,275.0,0.19,377,83.0,12.5,252.0,0.8,9,275.0,1.1,219,78.0,8.6,200.0,-0.4,9,275.0,1.3,248,70.0,10.6,238.0
"2025-01-09 02:30:00",1.1,183.0,9.0,0.02,9,274.0,0.17,418,89.0,13.1,265.0,0.9,9,274.0,1.3,251,80.0,9.6,237.0,-0.6,9,274.0,1.5,275,73.0,11.4,261.0
"2025-01-09 02:45:00",1.1,172.0,9.0,0.02,9,273.0,0.19,430,91.0,13.2,268.0,0.8,9,273.0,1.2,237,88.0,8.3,201.0,-0.8,9,273.0,1.5,283,74.0,11.5,256.0
"2025-01-09 03:00:00",1.6,178.0,9.0,0.01,9,273.0,0.2,428,89.0,13.4,270.0,1.2,9,273.0,1.4,245,93.0,8.1,198.0,-1.0,9,273.0,2.1,275,78.0,10.7,263.0
"2025-01-09 03:15:00",1.0,183.0,9.0,0.04,9,276.0,0.19,363,88.0,11.8,253.0,0.8,9,276.0,1.3,217,92.0,7.1,163.0,-0.6,9,276.0,1.0,256,73.0,10.4,237.0
"2025-01-09 03:30:00",0.8,160.0,9.0,0.07,9,273.0,0.21,397,97.0,12.0,261.0,0.4,9,273.0,1.2,233,99.0,7.2,173.0,-0.7,9,273.0,1.0,269,80.0,10.3,241.0
"2025-01-09 03:45:00",1.5,169.0,9.0,0.06,9,274.0,0.24,482,147.0,11.1,242.0,1.0,9,274.0,2.0,313,135.0,7.4,171.0,-1.1,9,274.0,2.1,330,120.0,9.3,228.0
"2025-01-09 04:00:00",1.5,170.0,9.0,0.05,9,273.0,0.22,386,95.0,11.9,267.0,1.0,9,273.0,1.7,241,99.0,7.6,178.0,-1.1,9,273.0,2.1,258,86.0,9.4,236.0
"2025-01-09 04:15:00",1.6,167.0,9.0,0.07,9,276.0,0.23,368,93.0,11.4,248.0,1.0,9,276.0,1.9,237,95.0,7.6,175.0,-1.3,9,276.0,2.3,251,81.0,9.4,229.0
"2025-01-09 04:30:00",1.3,166.0,9.0,0.05,9,273.0,0.23,389,95.0,11.9,261.0,0.8,9,273.0,1.9,246,98.0,7.7,172.0,-1.0,9,273.0,2.0,267,85.0,9.7,234.0
"2025-01-09 04:45:00",1.6,123.0,9.0,0.06,9,274.0,0.25,378,101.0,11.2,257.0,-0.1,9,274.0,1.5,258,102.0,7.7,175.0,-1.6,9,274.0,2.9,263,92.0,8.8,229.0
"2025-01-09 05:00:00",1.5,131.0,9.0,0.04,9,273.0,0.2,379,98.0,11.4,260.0,0.1,9,273.0,1.0,263,101.0,7.9,181.0,-1.5,9,273.0,2.8,265,91.0,9.0,224.0
"2025-01-09 05:15:00",3.1,105.0,9.0,0.16,9,275.0,0.26,395,123.0,9.8,230.0,-1.2,9,275.0,1.1,311,120.0,7.7,172.0,-2.8,2,275.0,3.1,308,123.0,7.7,176.0
"2025-01-09 05:30:00",1.5,118.0,9.0,0.13,9,273.0,0.24,394,121.0,10.2,249.0,-0.3,9,273.0,0.8,273,118.0,6.9,135.0,-1.5,9,273.0,2.1,304,111.0,8.7,215.0
"2025-01-09 05:45:00",0.5,106.0,9.0,0.07,9,273.0,0.21,352,98.0,10.8,248.0,-0.2,9,273.0,0.8,230,102.0,6.8,132.0,-0.5,9,273.0,1.4,268,88.0,9.4,224.0
"2025-01-09 06:00:00",1.3,100.0,9.0,0.08,9,273.0,0.2,363,100.0,10.9,254.0,-0.6,9,273.0,0.9,232,101.0,6.9,142.0,-1.2,9,273.0,2.5,269,93.0,9.0,229.0
"2025-01-09 06:15:00",1.7,121.0,9.0,0.12,9,276.0,0.25,353,105.0,10.1,241.0,-0.2,9,276.0,1.0,253,102.0,7.4,156.0,-1.7,9,276.0,2.8,263,96.0,8.3,207.0
"2025-01-09 06:30:00",4.2,125.0,9.0,0.17,9,273.0,0.29,458,113.0,11.7,260.0,-0.2,9,273.0,1.1,362,105.0,9.8,206.0,-4.2,2,273.0,4.0,373,113.0,9.6,239.0
"2025-01-09 06:45:00",5.4,122.0,9.0,0.21,2,273.0,0.32,460,118.0,11.3,254.0,-0.5,2,273.0,1.3,380,108.0,10.0,221.0,-5.4,2,273.0,4.7,395,119.0,9.7,244.0
"2025-01-09 07:00:00",4.5,121.0,9.0,0.24,9,273.0,0.3,426,126.0,10.5,242.0,-0.6,9,273.0,1.2,340,114.0,9.0,203.0,-4.5,2,273.0,4.4,332,120.0,8.6,232.0
"2025-01-09 07:15:00",3.7,117.0,9.0,0.2,9,276.0,0.24,388,108.0,10.6,244.0,-0.7,9,276.0,1.5,300,107.0,8.4,203.0,-3.7,2,276.0,3.9,293,110.0,8.2,208.0
"2025-01-09 07:30:00",3.4,121.0,9.0,0.2,9,273.0,0.32,408,108.0,11.3,262.0,-0.4,9,273.0,1.8,319,107.0,9.1,231.0,-3.4,2,273.0,3.5,329,110.0,9.3,252.0
"2025-01-09 07:45:00",3.8,129.0,9.0,0.15,9,273.0,0.28,444,115.0,11.4,261.0,0.1,9,273.0,1.7,331,116.0,8.9,233.0,-3.8,2,273.0,4.1,346,123.0,9.0,240.0
"2025-01-09 08:00:00",3.0,131.0,9.0,0.16,9,273.0,0.27,424,111.0,11.4,264.0,0.2,9,273.0,1.8,312,109.0,8.8,214.0,-3.0,2,273.0,3.5,332,113.0,9.2,248.0
"2025-01-09 08:15:00",4.6,132.0,9.0,0.16,9,276.0,0.29,463,113.0,11.6,251.0,0.3,9,276.0,1.8,364,114.0,9.4,218.0,-4.6,2,276.0,4.0,378,121.0,9.4,239.0
"2025-01-09 08:30:00",5.1,121.0,9.0,0.29,9,273.0,0.38,493,128.0,11.5,258.0,-0.6,9,273.0,1.5,395,120.0,9.9,226.0,-5.0,2,273.0,3.9,421,137.0,9.6,247.0
"2025-01-09 08:45:00",4.5,119.0,9.0,0.24,9,273.0,0.28,447,113.0,11.6,263.0,-0.7,9,273.0,1.6,352,108.0,9.9,247.0,-4.5,2,273.0,3.6,361,119.0,9.4,249.0
"2025-01-09 09:00:00",4.3,118.0,9.0,0.23,9,273.0,0.31,424,107.0,11.7,264.0,-0.7,9,273.0,1.6,350,104.0,10.1,242.0,-4.3,2,273.0,3.7,359,115.0,9.7,254.0
"2025-01-09 09:15:00",2.4,125.0,9.0,0.16,9,275.0,0.26,381,102.0,10.9,244.0,-0.1,9,275.0,1.7,302,100.0,8.9,210.0,-2.4,2,275.0,2.6,307,97.0,9.6,245.0
"2025-01-09 09:30:00",2.0,125.0,9.0,0.13,9,273.0,0.24,377,98.0,11.4,260.0,-0.1,9,273.0,1.3,270,93.0,8.8,219.0,-2.0,9,273.0,2.6,285,93.0,9.5,253.0
"2025-01-09 09:45:00",2.5,118.0,9.0,0.11,9,273.0,0.26,402,153.0,8.7,193.0,-0.4,9,273.0,1.4,301,144.0,6.5,121.0,-2.5,2,273.0,3.3,312,135.0,7.3,166.0
"2025-01-09 10:00:00",2.0,118.0,9.0,0.1,2,273.0,0.27,395,132.0,9.6,235.0,-0.3,2,273.0,1.2,282,123.0,7.1,158.0,-1.9,2,273.0,2.5,296,117.0,7.9,205.0
"2025-01-09 10:15:00",2.1,135.0,9.0,0.09,2,276.0,0.3,369,124.0,9.1,223.0,0.3,2,276.0,1.5,263,115.0,6.9,153.0,-2.0,2,276.0,3.1,293,111.0,7.9,186.0
"2025-01-09 10:30:00",4.6,127.0,9.0,0.1,2,273.0,0.4,432,130.0,10.1,244.0,-0.1,2,273.0,2.0,371,125.0,8.4,185.0,-4.6,2,273.0,4.5,355,123.0,8.7,222.0
"2025-01-09 10:45:00",6.1,125.0,9.0,0.1,2,273.0,0.36,552,147.0,10.6,253.0,-0.4,2,273.0,1.7,543,142.0,9.8,213.0,-6.0,2,273.0,4.9,454,148.0,8.6,213.0
"2025-01-09 11:00:00",4.3,122.0,9.0,0.1,2,273.0,0.3,437,131.0,9.8,248.0,-0.5,2,273.0,1.8,332,124.0,7.8,180.0,-4.3,2,273.0,4.9,344,127.0,7.8,185.0
"2025-01-09 11:15:00",4.7,120.0,9.0,0.14,2,275.0,0.38,429,144.0,8.9,215.0,-0.6,2,275.0,1.6,367,136.0,7.7,161.0,-4.7,2,275.0,4.2,340,130.0,7.7,182.0
"2025-01-09 11:30:00",4.9,123.0,9.0,0.11,2,273.0,0.31,496,154.0,9.6,227.0,-0.5,2,273.0,1.6,439,142.0,8.7,185.0,-4.9,2,273.0,4.4,393,142.0,8.2,194.0
"2025-01-09 11:45:00",7.1,124.0,9.0,0.17,2,273.0,0.46,637,158.0,11.2,256.0,-0.5,2,273.0,1.8,594,146.0,10.5,227.0,-7.1,2,273.0,3.8,555,150.0,10.0,240.0
"2025-01-09 12:00:00",7.5,123.0,9.0,0.25,2,273.0,0.42,737,149.0,12.9,264.0,-0.7,2,273.0,1.5,738,144.0,13.0,260.0,-7.5,2,273.0,2.9,675,155.0,11.6,256.0
"2025-01-09 12:15:00",7.9,123.0,9.0,0.24,2,275.0,0.43,813,158.0,12.8,252.0,-0.7,2,275.0,1.5,771,147.0,12.9,245.0,-7.9,2,275.0,2.4,780,161.0,11.9,243.0
"2025-01-09 12:30:00",6.0,121.0,9.0,0.23,2,273.0,0.4,661,144.0,12.2,262.0,-0.7,2,273.0,1.5,629,135.0,11.9,250.0,-6.0,2,273.0,3.2,616,147.0,11.0,247.0
"2025-01-09 12:45:00",1.7,131.0,9.0,0.28,2,273.0,0.41,393,123.0,9.8,241.0,0.1,2,273.0,1.5,307,112.0,8.1,187.0,-1.7,2,273.0,1.6,313,99.0,9.7,242.0
"2025-01-09 13:00:00",2.0,113.0,9.0,0.1,2,273.0,0.39,494,171.0,10.2,236.0,-0.5,2,273.0,2.9,399,147.0,9.0,209.0,-1.9,2,273.0,2.5,390,139.0,9.6,223.0
"2025-01-09 13:15:00",2.2,128.0,9.0,0.12,2,277.0,0.32,377,122.0,9.5,231.0,0.0,2,277.0,1.1,270,110.0,7.5,164.0,-2.2,2,277.0,1.9,284,100.0,8.7,215.0
"2025-01-09 13:30:00",2.1,129.0,9.0,0.26,2,275.0,0.3,370,122.0,9.3,224.0,0.0,2,275.0,1.0,281,110.0,7.7,167.0,-2.1,2,275.0,1.4,291,101.0,9.0,226.0
"2025-01-09 13:45:00",2.2,139.0,9.0,0.17,2,274.0,0.3,406,119.0,10.4,253.0,0.4,2,274.0,1.2,328,107.0,9.2,207.0,-2.1,2,274.0,1.8,314,101.0,9.6,240.0
"2025-01-09 14:00:00",2.1,142.0,9.0,0.16,2,275.0,0.29,399,115.0,10.5,252.0,0.5,2,275.0,1.1,294,106.0,8.2,181.0,-2.0,2,275.0,1.8,301,93.0,9.8,246.0
"2025-01-09 14:15:00",0.9,147.0,9.0,0.17,2,277.0,0.3,372,113.0,9.9,231.0,0.3,2,277.0,1.7,267,100.0,8.1,203.0,-0.8,2,277.0,1.0,300,82.0,10.8,235.0
"2025-01-09 14:30:00",2.1,119.0,9.0,0.2,2,274.0,0.36,505,169.0,10.1,226.0,-0.3,2,274.0,1.6,399,135.0,9.2,196.0,-2.1,2,274.0,1.9,388,124.0,9.9,223.0
"2025-01-09 14:45:00",0.8,129.0,9.0,0.09,2,275.0,0.25,406,117.0,10.6,256.0,0.0,2,275.0,1.2,257,100.0,7.8,175.0,-0.8,2,275.0,1.5,306,90.0,10.4,253.0
"2025-01-09 15:00:00",4.3,123.0,9.0,0.16,2,275.0,0.3,510,123.0,11.9,265.0,-0.4,2,275.0,1.1,377,105.0,10.4,241.0,-4.3,2,275.0,2.8,393,111.0,10.5,257.0
"2025-01-09 15:15:00",4.9,120.0,9.0,0.19,2,276.0,0.28,518,119.0,11.8,253.0,-0.7,2,276.0,1.1,434,109.0,11.0,239.0,-4.9,2,276.0,2.6,401,114.0,10.1,248.0
"2025-01-09 15:30:00",4.5,125.0,9.0,0.36,2,275.0,0.32,635,134.0,13.0,272.0,-0.2,2,275.0,1.1,483,115.0,11.8,259.0,-4.5,2,275.0,2.2,505,124.0,11.6,267.0
"2025-01-09 15:45:00",2.4,135.0,9.0,0.15,2,273.0,0.23,463,124.0,11.1,254.0,0.3,2,273.0,1.0,323,103.0,9.3,219.0,-2.4,2,273.0,2.5,326,106.0,9.4,248.0
"2025-01-09 16:00:00",1.6,152.0,9.0,0.12,2,273.0,0.25,489,160.0,10.0,238.0,0.7,2,273.0,1.9,300,128.0,7.3,161.0,-1.5,2,273.0,2.5,328,130.0,8.3,201.0
"2025-01-09 16:15:00",0.7,143.0,9.0,0.08,9,275.0,0.22,383,118.0,9.9,237.0,0.2,9,275.0,0.9,222,101.0,6.6,134.0,-0.7,9,275.0,1.2,253,92.0,8.5,209.0
"2025-01-09 16:30:00",0.4,148.0,9.0,0.08,9,273.0,0.19,376,113.0,10.1,243.0,0.1,9,273.0,1.1,217,97.0,6.7,147.0,-0.4,9,273.0,1.0,248,87.0,8.9,221.0
"2025-01-09 16:45:00",0.7,165.0,9.0,0.06,2,273.0,0.21,362,109.0,10.1,247.0,0.4,2,273.0,1.1,217,93.0,7.0,157.0,-0.6,2,273.0,1.4,251,84.0,9.2,227.0
"2025-01-09 17:00:00",1.1,141.0,9.0,0.1,2,273.0,0.22,360,108.0,10.2,250.0,0.2,2,273.0,1.0,222,95.0,7.0,154.0,-1.0,2,273.0,1.6,262,86.0,9.4,234.0
"2025-01-09 17:15:00",1.5,129.0,9.0,0.12,2,275.0,0.28,431,140.0,10.0,228.0,0.0,2,275.0,1.6,276,116.0,7.4,161.0,-1.5,2,275.0,2.0,309,112.0,8.9,205.0
"2025-01-09 17:30:00",1.4,137.0,9.0,0.08,2,273.0,0.28,459,139.0,10.3,251.0,0.2,2,273.0,1.2,305,112.0,8.4,200.0,-1.4,2,273.0,1.9,327,111.0,9.1,226.0
"2025-01-09 17:45:00",2.7,132.0,9.0,0.15,2,273.0,0.28,468,116.0,11.6,257.0,0.2,2,273.0,1.6,355,104.0,9.7,232.0,-2.7,2,273.0,2.4,347,98.0,10.3,249.0
"2025-01-09 18:00:00",4.5,124.0,9.0,0.27,9,273.0,0.3,599,121.0,13.3,270.0,-0.3,9,273.0,1.4,538,111.0,12.8,260.0,-4.5,2,273.0,2.4,494,113.0,11.9,266.0
"2025-01-09 18:15:00",5.6,126.0,9.0,0.2,9,275.0,0.43,673,122.0,13.8,253.0,-0.2,9,275.0,1.7,656,115.0,13.8,246.0,-5.6,2,275.0,2.8,619,122.0,12.8,255.0
"2025-01-09 18:30:00",5.3,125.0,9.0,0.28,9,273.0,0.47,678,121.0,14.4,272.0,-0.3,9,273.0,1.6,623,107.0,14.6,270.0,-5.3,2,273.0,2.4,594,121.0,13.1,271.0
"2025-01-09 18:45:00",5.5,124.0,9.0,0.26,9,273.0,0.35,605,116.0,13.9,268.0,-0.4,9,273.0,1.3,535,103.0,13.5,262.0,-5.4,2,273.0,2.8,515,120.0,12.0,269.0
"2025-01-09 19:00:00",5.2,127.0,9.0,0.32,9,273.0,0.34,531,112.0,13.1,270.0,0.0,9,273.0,1.3,417,93.0,11.9,252.0,-5.2,2,273.0,3.0,445,109.0,11.6,268.0
"2025-01-09 19:15:00",7.2,122.0,9.0,0.8,9,275.0,0.58,691,180.0,11.4,228.0,-0.7,9,275.0,1.8,640,146.0,12.2,231.0,-7.2,2,275.0,2.4,639,151.0,11.8,233.0
"2025-01-09 19:30:00",5.2,133.0,9.0,0.55,9,273.0,0.55,627,129.0,13.3,272.0,0.4,9,273.0,1.8,630,115.0,14.3,273.0,-5.1,2,273.0,2.5,634,126.0,13.7,273.0
"2025-01-09 19:45:00",3.3,144.0,9.0,0.39,9,273.0,0.4,545,116.0,13.2,266.0,0.9,9,273.0,2.0,547,110.0,13.3,268.0,-3.2,2,273.0,2.0,514,103.0,13.5,272.0
"2025-01-09 20:00:00",4.8,126.0,9.0,0.71,9,273.0,0.6,537,125.0,12.4,271.0,-0.1,9,273.0,2.0,581,110.0,13.8,268.0,-4.8,2,273.0,2.0,505,102.0,13.6,272.0
"2025-01-09 20:15:00",4.0,130.0,9.0,0.23,9,275.0,0.38,437,101.0,12.0,249.0,0.1,9,275.0,2.2,422,96.0,11.9,243.0,-4.0,2,275.0,2.7,375,91.0,11.6,252.0
"2025-01-09 20:30:00",4.3,140.0,9.0,0.3,9,273.0,0.69,500,119.0,12.1,272.0,0.9,9,273.0,2.9,530,125.0,12.0,264.0,-4.2,2,273.0,3.4,486,110.0,12.4,271.0
"2025-01-09 20:45:00",3.8,132.0,9.0,0.13,9,273.0,0.54,515,117.0,12.4,269.0,0.3,9,273.0,2.7,498,120.0,11.4,262.0,-3.8,2,273.0,3.6,481,113.0,12.1,270.0
"2025-01-09 21:00:00",5.5,124.0,9.0,0.29,9,273.0,0.51,582,140.0,12.3,266.0,-0.4,9,273.0,2.3,621,145.0,11.8,255.0,-5.4,2,273.0,3.0,587,144.0,11.7,266.0
"2025-01-09 21:15:00",3.9,129.0,9.0,0.13,9,274.0,0.45,547,123.0,12.1,251.0,0.0,9,274.0,2.2,544,128.0,11.2,245.0,-3.9,2,274.0,3.2,505,121.0,11.4,252.0
"2025-01-09 21:30:00",3.5,139.0,9.0,0.04,9,273.0,0.38,449,106.0,12.2,265.0,0.7,9,273.0,2.3,406,100.0,11.3,264.0,-3.4,2,273.0,3.6,412,106.0,11.4,272.0
"2025-01-09 21:45:00",4.4,126.0,9.0,0.13,9,273.0,0.7,573,135.0,12.2,270.0,-0.2,9,273.0,2.9,609,138.0,11.8,261.0,-4.4,2,273.0,3.8,567,140.0,11.8,271.0
"2025-01-09 22:00:00",6.6,130.0,9.0,0.47,9,273.0,0.61,770,159.0,13.1,271.0,0.3,9,273.0,2.4,855,172.0,13.5,271.0,-6.6,2,273.0,3.2,817,177.0,12.8,273.0
"2025-01-09 22:15:00",4.5,137.0,9.0,0.25,9,275.0,0.64,585,135.0,11.8,253.0,0.7,9,275.0,2.7,628,137.0,11.8,247.0,-4.5,2,275.0,3.9,585,136.0,11.6,253.0
"2025-01-09 22:30:00",7.3,126.0,9.0,0.83,9,273.0,0.95,913,206.0,12.3,269.0,-0.3,9,273.0,3.1,908,186.0,12.6,256.0,-7.3,2,273.0,3.4,896,192.0,12.7,269.0
"2025-01-09 22:45:00",7.3,131.0,9.0,1.15,9,273.0,0.99,826,206.0,11.6,256.0,0.4,9,273.0,3.0,769,167.0,12.3,255.0,-7.2,2,273.0,3.7,852,193.0,12.6,271.0
"2025-01-09 23:00:00",7.3,134.0,9.0,1.09,9,273.0,0.82,904,204.0,12.5,270.0,0.8,9,273.0,2.5,811,167.0,12.9,264.0,-7.3,2,273.0,3.2,915,189.0,13.2,272.0
"2025-01-09 23:15:00",4.8,136.0,9.0,0.71,9,275.0,0.81,680,164.0,11.5,253.0,0.6,9,275.0,3.1,715,162.0,11.5,245.0,-4.7,2,275.0,3.5,707,163.0,11.7,252.0
"2025-01-09 23:30:00",2.6,131.0,9.0,0.35,9,273.0,0.74,561,136.0,12.0,270.0,0.2,9,273.0,2.8,545,135.0,11.4,265.0,-2.6,2,273.0,3.8,536,134.0,11.8,270.0
"2025-01-09 23:45:00",2.6,132.0,9.0,0.24,9,273.0,0.6,482,123.0,11.6,263.0,0.2,9,273.0,3.2,438,123.0,10.2,245.0,-2.6,2,273.0,3.6,463,115.0,11.6,265.0
"2025-01-10 00:00:00",5.7,134.0,9.0,0.72,9,273.0,0.87,746,180.0,11.6,266.0,0.6,9,273.0,2.8,819,180.0,12.4,263.0,-5.6,2,273.0,3.7,779,168.0,12.5,267.0
"2025-01-10 00:15:00",2.9,127.0,9.0,-0.14,9,274.0,0.68,512,133.0,11.0,241.0,-0.1,9,274.0,3.8,493,125.0,11.0,244.0,-2.9,2,274.0,4.1,477,114.0,11.6,252.0
"2025-01-10 00:30:00",4.9,120.0,9.0,0.14,9,273.0,0.48,505,116.0,12.0,261.0,-0.7,9,273.0,2.0,512,105.0,12.7,259.0,-4.8,2,273.0,2.9,464,104.0,12.1,266.0
"2025-01-10 00:45:00",3.0,126.0,9.0,0.17,9,273.0,0.3,425,114.0,11.3,248.0,-0.1,9,273.0,1.3,369,96.0,11.1,247.0,-3.0,2,273.0,1.7,380,91.0,12.0,260.0
"2025-01-10 01:00:00",1.9,132.0,9.0,0.02,9,273.0,0.27,406,98.0,11.9,264.0,0.1,9,273.0,1.1,360,89.0,11.1,241.0,-1.9,9,273.0,1.4,356,81.0,12.2,266.0
"2025-01-10 01:15:00",2.0,147.0,9.0,0.04,9,275.0,0.25,411,104.0,11.3,250.0,0.7,9,275.0,1.0,362,91.0,11.2,235.0,-1.9,9,275.0,1.4,361,84.0,11.9,249.0
"2025-01-10 01:30:00",2.2,129.0,9.0,0.0,9,273.0,0.23,426,104.0,11.9,269.0,0.0,9,273.0,1.1,341,89.0,11.1,247.0,-2.2,9,273.0,1.7,322,85.0,11.2,261.0
"2025-01-10 01:45:00",2.9,129.0,9.0,0.02,9,272.0,0.22,481,112.0,12.2,260.0,0.0,9,272.0,1.2,361,94.0,10.9,252.0,-2.9,2,272.0,2.0,356,94.0,11.0,256.0
"2025-01-10 02:00:00",2.2,117.0,9.0,0.06,9,273.0,0.2,351,105.0,10.1,243.0,-0.4,9,273.0,1.0,261,92.0,8.6,202.0,-2.2,9,273.0,2.5,269,91.0,9.0,234.0
"2025-01-10 02:15:00",4.5,122.0,9.0,0.14,9,274.0,0.24,511,114.0,12.1,245.0,-0.4,9,274.0,1.3,443,103.0,11.3,240.0,-4.5,2,274.0,2.5,443,109.0,11.0,242.0
"2025-01-10 02:30:00",4.7,120.0,9.0,0.11,9,273.0,0.26,542,128.0,12.3,262.0,-0.7,9,273.0,1.1,477,112.0,12.2,261.0,-4.7,2,273.0,2.2,503,126.0,11.7,267.0
"2025-01-10 02:45:00",3.2,131.0,9.0,0.02,9,273.0,0.25,463,114.0,11.7,261.0,0.2,9,273.0,1.3,409,102.0,11.4,250.0,-3.2,2,273.0,2.2,395,102.0,11.3,262.0
"2025-01-10 03:00:00",1.9,126.0,9.0,0.01,9,272.0,0.29,450,105.0,12.2,266.0,-0.1,9,272.0,1.2,411,94.0,12.2,259.0,-1.9,9,272.0,1.6,371,84.0,12.5,268.0
"2025-01-10 03:15:00",1.8,122.0,9.0,0.01,9,275.0,0.25,393,94.0,11.7,247.0,-0.2,9,275.0,1.1,353,87.0,10.9,233.0,-1.8,9,275.0,1.5,337,76.0,12.2,253.0
"2025-01-10 03:30:00",1.6,133.0,9.0,-0.04,9,274.0,0.21,361,98.0,11.0,261.0,0.1,9,274.0,0.9,279,87.0,9.6,228.0,-1.6,9,274.0,1.5,311,81.0,11.4,263.0
"2025-01-10 03:45:00",0.8,162.0,9.0,0.01,9,273.0,0.19,348,101.0,10.3,241.0,0.5,9,273.0,1.2,277,91.0,9.2,215.0,-0.7,9,273.0,1.0,268,75.0,10.7,247.0
"2025-01-10 04:00:00",1.1,43.0,9.0,0.04,9,273.0,0.22,333,105.0,9.8,243.0,-1.1,9,273.0,1.3,250,97.0,8.0,192.0,-0.1,9,273.0,0.9,257,79.0,9.9,237.0
"2025-01-10 04:15:00",0.6,42.0,9.0,0.02,9,275.0,0.21,353,137.0,8.1,191.0,-0.6,9,275.0,1.7,250,114.0,6.3,121.0,0.0,9,275.0,0.8,288,106.0,8.5,196.0
"2025-01-10 04:30:00",0.4,81.0,9.0,0.01,9,274.0,0.18,379,153.0,7.7,168.0,-0.3,9,274.0,1.1,235,128.0,5.2,62.0,-0.3,9,274.0,0.7,284,120.0,7.3,161.0
"2025-01-10 04:45:00",0.9,137.0,9.0,0.03,9,272.0,0.18,403,131.0,9.7,233.0,0.1,9,272.0,1.0,281,110.0,7.7,157.0,-0.9,9,272.0,1.1,329,111.0,9.3,230.0
"2025-01-10 05:00:00",0.5,93.0,9.0,0.06,9,273.0,0.18,368,99.0,11.2,259.0,-0.3,9,273.0,0.8,251,84.0,9.1,208.0,-0.4,9,273.0,0.7,343,84.0,12.0,254.0
"2025-01-10 05:15:00",2.5,126.0,9.0,-0.02,9,275.0,0.26,444,167.0,8.3,174.0,-0.1,9,275.0,1.2,385,162.0,7.2,145.0,-2.5,9,275.0,2.2,404,183.0,6.8,143.0
"2025-01-10 05:30:00",2.0,134.0,0.0,-0.15,9,272.0,0.37,584,330.0,5.2,63.0,0.2,9,272.0,1.5,529,323.0,4.5,32.0,-2.0,9,272.0,2.5,619,369.0,4.6,38.0
"2025-01-10 05:45:00",2.2,132.0,9.0,-0.03,9,273.0,0.3,518,265.0,5.7,91.0,0.1,9,273.0,1.7,492,280.0,4.8,51.0,-2.2,9,273.0,2.0,533,312.0,4.6,44.0
"2025-01-10 06:00:00",2.3,143.0,9.0,0.01,9,272.0,0.26,525,263.0,6.0,100.0,0.6,9,272.0,1.2,499,270.0,5.3,73.0,-2.2,9,272.0,1.5,532,304.0,4.9,47.0
"2025-01-10 06:15:00",1.0,112.0,0.0,-0.32,2,274.0,1.28,891,556.0,4.0,13.0,-0.3,2,274.0,7.2,838,533.0,3.8,11.0,-0.9,2,274.0,3.3,958,614.0,3.8,7.0
"2025-01-10 06:30:00",0.8,90.0,0.0,0.03,9,273.0,0.22,708,430.0,4.2,22.0,-0.5,9,273.0,6.0,666,421.0,3.9,8.0,-0.6,9,273.0,1.8,752,482.0,3.8,6.0
"2025-01-10 06:45:00",1.1,188.0,0.0,-0.01,9,272.0,0.24,624,367.0,4.6,35.0,0.9,9,272.0,1.8,586,365.0,4.1,9.0,-0.5,9,272.0,1.4,652,419.0,3.8,10.0
"2025-01-10 07:00:00",3.3,140.0,0.0,-0.11,2,273.0,0.36,833,522.0,4.0,8.0,0.7,2,273.0,0.0,778,498.0,3.8,1.0,-3.2,2,273.0,9.6,911,582.0,3.9,2.0
"2025-01-10 07:15:00",2.4,70.0,0.0,-0.18,2,274.0,0.31,837,514.0,4.2,17.0,-2.1,2,274.0,1.7,746,467.0,4.0,10.0,-1.3,2,274.0,6.2,856,544.0,3.9,10.0
"2025-01-10 07:30:00",4.8,114.0,0.0,-0.46,2,273.0,1.14,931,587.0,4.0,6.0,-1.2,2,273.0,5.4,840,542.0,3.7,4.0,-4.7,2,273.0,6.8,1027,657.0,3.8,9.0
"2025-01-10 07:45:00",0.6,127.0,9.0,-0.02,9,272.0,0.22,487,220.0,8.1,171.0,0.0,9,272.0,0.9,401,205.0,6.8,117.0,-0.6,9,272.0,1.0,461,216.0,8.3,150.0
"2025-01-10 08:00:00",1.2,121.0,9.0,0.01,9,272.0,0.22,404,104.0,11.6,258.0,-0.1,9,272.0,0.9,304,92.0,9.8,223.0,-1.2,9,272.0,1.3,345,85.0,12.1,264.0
"2025-01-10 08:15:00",1.1,108.0,9.0,-0.05,9,275.0,0.21,378,93.0,11.5,247.0,-0.4,9,275.0,1.0,290,86.0,10.0,237.0,-1.0,9,275.0,1.0,323,73.0,12.4,249.0
"2025-01-10 08:30:00",1.1,114.0,9.0,0.01,9,272.0,0.22,379,95.0,11.7,263.0,-0.3,9,272.0,0.9,290,87.0,9.9,237.0,-1.0,9,272.0,0.9,321,69.0,13.0,269.0
"2025-01-10 08:45:00",1.0,140.0,9.0,-0.03,9,272.0,0.19,403,96.0,12.1,264.0,0.2,9,272.0,0.8,287,87.0,9.9,224.0,-1.0,9,272.0,1.1,316,71.0,12.9,271.0
"2025-01-10 09:00:00",0.6,115.0,9.0,-0.03,9,273.0,0.24,354,97.0,10.9,264.0,-0.1,9,273.0,0.8,242,84.0,8.8,215.0,-0.6,9,273.0,1.1,304,73.0,12.2,266.0
"2025-01-10 09:15:00",1.4,106.0,9.0,-0.04,9,274.0,0.23,409,128.0,10.5,214.0,-0.5,9,274.0,1.0,312,112.0,9.1,183.0,-1.3,9,274.0,1.5,323,101.0,10.4,224.0
"2025-01-10 09:30:00",0.7,93.0,9.0,0.02,9,272.0,0.19,376,102.0,11.2,242.0,-0.4,9,272.0,0.9,245,88.0,8.7,183.0,-0.6,9,272.0,1.1,284,80.0,10.9,245.0
"2025-01-10 09:45:00",0.7,101.0,9.0,0.0,9,273.0,0.21,398,117.0,10.5,238.0,-0.3,9,273.0,1.2,263,101.0,8.2,174.0,-0.6,9,273.0,0.9,320,102.0,10.0,211.0
"2025-01-10 10:00:00",1.8,137.0,9.0,0.05,2,272.0,0.64,916,170.0,13.4,256.0,0.3,2,272.0,2.5,1065,187.0,12.9,245.0,-1.7,2,272.0,2.3,804,154.0,13.4,266.0
"2025-01-10 10:15:00",0.5,77.0,9.0,-0.06,2,274.0,0.41,859,147.0,14.1,253.0,-0.4,2,274.0,1.8,915,149.0,14.2,252.0,-0.3,2,274.0,1.4,844,131.0,14.6,252.0
"2025-01-10 10:30:00",1.3,84.0,9.0,0.14,2,272.0,0.46,864,161.0,13.4,263.0,-0.9,2,272.0,1.7,810,143.0,13.0,242.0,-0.9,2,272.0,1.2,714,131.0,13.4,261.0
"2025-01-10 10:45:00",0.9,60.0,9.0,0.06,2,273.0,0.38,675,168.0,12.2,240.0,-0.8,2,273.0,1.4,618,146.0,12.2,243.0,-0.3,2,273.0,1.2,594,128.0,13.3,247.0
"2025-01-10 11:00:00",1.7,278.0,9.0,-0.02,2,273.0,0.9,1279,256.0,13.0,269.0,0.9,2,273.0,4.2,1300,250.0,13.4,263.0,1.5,2,273.0,4.1,1093,231.0,12.7,256.0
"2025-01-10 11:15:00",2.8,292.0,9.0,-0.07,2,276.0,0.45,529,145.0,10.8,241.0,0.8,2,276.0,2.7,425,119.0,10.3,240.0,2.7,2,276.0,3.6,437,121.0,10.6,250.0
"2025-01-10 11:30:00",2.5,307.0,9.0,-0.05,2,273.0,0.55,597,148.0,11.8,265.0,0.0,2,273.0,2.5,500,129.0,11.3,257.0,2.5,2,273.0,3.0,479,122.0,11.6,265.0
"2025-01-10 11:45:00",1.8,277.0,9.0,-0.05,2,273.0,0.37,550,134.0,12.0,262.0,1.0,2,273.0,2.1,427,110.0,11.1,253.0,1.6,2,273.0,2.4,441,104.0,12.3,268.0
"2025-01-10 12:00:00",2.9,302.0,9.0,0.12,2,273.0,0.59,656,224.0,9.2,201.0,0.3,2,273.0,3.4,601,190.0,9.4,212.0,2.9,2,273.0,3.8,552,199.0,8.5,189.0
"2025-01-10 12:15:00",2.7,296.0,9.0,-0.03,2,275.0,0.37,561,178.0,9.9,224.0,0.6,2,275.0,2.4,505,158.0,9.7,216.0,2.7,2,275.0,3.2,462,151.0,9.7,230.0
"2025-01-10 12:30:00",1.3,270.0,9.0,0.0,2,273.0,0.28,460,115.0,11.8,259.0,0.8,2,273.0,1.9,330,101.0,10.1,249.0,1.1,2,273.0,2.3,309,85.0,11.1,258.0
"2025-01-10 12:45:00",1.0,276.0,9.0,-0.04,2,273.0,0.25,459,144.0,10.0,231.0,0.5,2,273.0,2.3,333,130.0,8.2,182.0,0.9,2,273.0,1.9,350,128.0,8.9,209.0
"2025-01-10 13:00:00",1.7,311.0,9.0,-0.01,2,273.0,0.31,460,136.0,10.4,246.0,-0.1,2,273.0,2.6,329,116.0,8.9,218.0,1.7,2,273.0,3.2,327,108.0,9.5,239.0
"2025-01-10 13:15:00",0.8,300.0,9.0,0.01,2,275.0,0.37,464,135.0,10.3,231.0,0.1,2,275.0,2.0,307,117.0,8.1,208.0,0.8,2,275.0,2.3,320,107.0,9.2,219.0
"2025-01-10 13:30:00",1.4,287.0,9.0,-0.03,2,273.0,0.3,474,132.0,11.0,255.0,0.5,2,273.0,2.6,331,116.0,9.0,232.0,1.3,2,273.0,2.3,344,111.0,9.9,246.0
"2025-01-10 13:45:00",0.9,309.0,9.0,0.0,2,273.0,0.33,509,176.0,9.5,222.0,0.0,2,273.0,2.7,378,160.0,7.8,176.0,0.9,2,273.0,2.2,374,151.0,8.4,192.0
