"2025-01-07 00:00:00",7.9,119.0,9.0,0.11,2,273.0,0.34,448,110.0,11.8,266.0,-1.3,2,273.0,1.5,381,109.0,10.2,239.0,-7.8,2,273.0,5.2,388,127.0,9.0,232.0
"2025-01-07 00:15:00",7.6,122.0,9.0,0.11,9,276.0,0.38,474,113.0,11.7,249.0,-0.7,9,276.0,1.7,418,111.0,10.4,231.0,-7.5,2,276.0,4.6,399,126.0,9.0,230.0
"2025-01-07 00:30:00",8.7,124.0,9.0,0.19,9,273.0,0.43,499,126.0,11.6,265.0,-0.5,9,273.0,1.6,514,123.0,11.6,260.0,-8.7,2,273.0,4.3,455,138.0,9.7,241.0
"2025-01-07 00:45:00",9.2,121.0,9.0,0.03,9,273.0,0.35,464,117.0,11.8,263.0,-1.1,9,273.0,1.6,423,117.0,10.6,245.0,-9.1,2,273.0,4.5,402,129.0,9.4,239.0
"2025-01-07 01:00:00",8.2,124.0,9.0,0.13,9,274.0,0.34,451,110.0,12.0,265.0,-0.5,9,274.0,1.4,423,110.0,11.1,252.0,-8.1,2,274.0,4.4,387,124.0,9.4,249.0
"2025-01-07 01:15:00",8.2,128.0,9.0,0.16,9,275.0,0.34,424,107.0,11.3,247.0,0.0,9,275.0,1.4,395,105.0,10.6,230.0,-8.2,2,275.0,4.3,382,120.0,9.1,218.0
"2025-01-07 01:30:00",8.7,130.0,9.0,0.22,9,274.0,0.4,513,115.0,12.5,269.0,0.3,9,274.0,1.7,466,112.0,11.5,253.0,-8.7,2,274.0,3.6,476,132.0,10.3,245.0
"2025-01-07 01:45:00",7.4,130.0,9.0,0.18,9,273.0,0.3,446,108.0,11.7,260.0,0.3,9,273.0,1.5,392,104.0,10.6,239.0,-7.4,2,273.0,4.2,385,121.0,9.3,235.0
"2025-01-07 02:00:00",6.5,125.0,9.0,0.25,9,274.0,0.32,414,104.0,11.5,262.0,-0.3,9,274.0,1.3,357,101.0,10.1,227.0,-6.5,2,274.0,4.1,362,113.0,9.5,238.0
"2025-01-07 02:15:00",7.4,128.0,9.0,0.22,9,274.0,0.39,433,121.0,10.4,242.0,0.0,9,274.0,1.4,398,119.0,9.5,211.0,-7.4,2,274.0,3.8,386,116.0,9.4,218.0
"2025-01-07 02:30:00",7.7,134.0,9.0,0.21,9,273.0,0.36,490,125.0,11.6,257.0,0.8,9,273.0,1.5,478,121.0,11.5,252.0,-7.7,2,273.0,3.2,437,132.0,9.9,236.0
"2025-01-07 02:45:00",9.0,132.0,9.0,0.19,9,273.0,0.36,538,129.0,11.8,261.0,0.7,9,273.0,1.6,498,124.0,11.3,254.0,-9.0,2,273.0,3.5,509,141.0,10.3,249.0
"2025-01-07 03:00:00",9.2,133.0,9.0,0.13,9,272.0,0.41,549,130.0,11.9,266.0,0.8,9,272.0,1.5,497,122.0,11.5,258.0,-9.2,2,272.0,3.7,497,145.0,10.1,251.0
"2025-01-07 03:15:00",9.4,130.0,9.0,0.07,9,275.0,0.45,534,128.0,11.5,251.0,0.3,9,275.0,1.7,492,123.0,11.0,235.0,-9.4,2,275.0,3.0,534,143.0,10.2,233.0
"2025-01-07 03:30:00",8.0,128.0,9.0,0.14,9,273.0,0.33,521,118.0,12.3,267.0,0.0,9,273.0,1.6,501,117.0,11.8,255.0,-8.0,2,273.0,3.6,466,131.0,10.3,251.0
"2025-01-07 03:45:00",7.7,137.0,9.0,0.11,9,272.0,0.38,499,122.0,11.5,251.0,1.2,9,272.0,2.1,431,118.0,10.3,237.0,-7.6,2,272.0,3.9,441,131.0,9.7,233.0
"2025-01-07 04:00:00",7.9,150.0,9.0,0.17,9,273.0,0.49,527,138.0,10.9,254.0,2.9,2,273.0,2.3,516,137.0,10.7,245.0,-7.4,2,273.0,3.7,481,144.0,9.6,234.0
"2025-01-07 04:15:00",7.7,148.0,9.0,0.26,9,274.0,0.51,531,141.0,10.8,239.0,2.6,9,274.0,2.1,532,139.0,10.5,229.0,-7.3,2,274.0,3.3,487,134.0,10.3,232.0
"2025-01-07 04:30:00",8.4,143.0,9.0,0.23,9,273.0,0.41,600,139.0,12.1,266.0,2.2,9,273.0,1.6,626,140.0,12.2,264.0,-8.1,2,273.0,2.9,597,144.0,11.5,261.0
"2025-01-07 04:45:00",8.3,145.0,9.0,0.22,9,273.0,0.44,554,131.0,12.0,266.0,2.4,9,273.0,1.8,607,135.0,12.3,260.0,-7.9,2,273.0,2.7,558,136.0,11.5,264.0
"2025-01-07 05:00:00",7.1,145.0,9.0,0.23,9,273.0,0.38,527,130.0,11.5,256.0,2.1,9,273.0,1.6,467,123.0,11.0,251.0,-6.8,2,273.0,2.7,496,122.0,11.4,257.0
"2025-01-07 05:15:00",6.9,154.0,9.0,0.16,9,274.0,0.4,427,122.0,10.1,238.0,3.0,2,274.0,2.0,411,116.0,9.7,213.0,-6.3,2,274.0,3.5,387,111.0,9.8,233.0
"2025-01-07 05:30:00",7.6,149.0,9.0,0.26,9,273.0,0.47,565,139.0,11.6,264.0,2.8,2,273.0,2.1,534,127.0,11.6,259.0,-7.1,2,273.0,2.8,522,127.0,11.5,264.0
"2025-01-07 05:45:00",7.1,147.0,9.0,0.16,9,272.0,0.43,528,131.0,11.6,255.0,2.4,9,272.0,2.1,495,123.0,11.2,253.0,-6.7,2,272.0,3.1,470,121.0,11.1,264.0
"2025-01-07 06:00:00",6.7,144.0,9.0,0.17,9,273.0,0.38,456,117.0,11.4,256.0,1.8,9,273.0,1.6,455,113.0,11.4,255.0,-6.5,2,273.0,3.3,406,109.0,10.8,266.0
"2025-01-07 06:15:00",6.9,142.0,9.0,0.37,9,274.0,0.55,592,161.0,10.3,228.0,1.7,9,274.0,2.1,564,139.0,10.6,221.0,-6.7,2,274.0,2.8,571,139.0,10.8,240.0
"2025-01-07 06:30:00",5.8,142.0,9.0,0.17,9,273.0,0.5,753,152.0,13.1,270.0,1.4,9,273.0,1.7,769,143.0,13.7,269.0,-5.7,2,273.0,2.3,791,143.0,13.8,268.0
"2025-01-07 06:45:00",5.2,143.0,9.0,-0.04,9,272.0,0.51,891,155.0,14.6,271.0,1.4,9,272.0,2.0,934,151.0,14.9,269.0,-5.1,2,272.0,2.2,907,154.0,14.7,272.0
"2025-01-07 07:00:00",5.7,141.0,9.0,0.16,9,273.0,0.42,832,140.0,14.4,264.0,1.3,9,273.0,1.7,787,138.0,14.0,264.0,-5.6,2,273.0,2.1,853,138.0,14.8,268.0
"2025-01-07 07:15:00",5.2,137.0,9.0,0.13,9,274.0,0.34,567,116.0,12.4,237.0,0.8,9,274.0,1.4,586,119.0,12.2,232.0,-5.1,2,274.0,2.1,540,110.0,12.3,237.0
"2025-01-07 07:30:00",5.7,145.0,9.0,0.26,9,272.0,0.36,710,131.0,14.0,266.0,1.7,9,272.0,1.4,758,132.0,14.1,262.0,-5.4,2,272.0,1.9,722,131.0,14.0,263.0
"2025-01-07 07:45:00",5.2,147.0,9.0,0.31,9,273.0,0.38,602,131.0,11.9,248.0,1.7,9,273.0,1.8,635,130.0,12.2,242.0,-4.9,2,273.0,2.6,579,122.0,12.2,249.0
"2025-01-07 08:00:00",3.9,148.0,9.0,0.07,9,272.0,0.33,495,162.0,10.0,216.0,1.3,9,272.0,1.6,481,137.0,9.7,189.0,-3.6,2,272.0,3.6,435,138.0,9.5,215.0
"2025-01-07 08:15:00",4.4,143.0,9.0,0.2,9,275.0,0.36,481,110.0,11.4,236.0,1.2,9,275.0,1.4,443,108.0,10.7,219.0,-4.3,2,275.0,2.6,417,99.0,10.8,235.0
"2025-01-07 08:30:00",5.0,139.0,9.0,0.2,9,271.0,0.37,662,130.0,13.3,258.0,1.0,9,271.0,1.5,671,127.0,13.4,254.0,-5.0,2,271.0,1.7,651,115.0,14.0,268.0
"2025-01-07 08:45:00",4.4,159.0,9.0,0.0,9,271.0,0.33,558,107.0,13.6,267.0,2.3,2,271.0,1.2,556,109.0,13.5,265.0,-3.8,2,271.0,1.8,542,100.0,13.9,269.0
"2025-01-07 09:00:00",5.4,161.0,9.0,0.07,9,272.0,0.34,423,101.0,12.0,256.0,2.9,2,272.0,1.9,412,103.0,11.1,239.0,-4.5,2,272.0,2.7,371,95.0,11.2,248.0
"2025-01-07 09:15:00",5.7,140.0,9.0,0.29,9,275.0,0.4,582,131.0,11.7,243.0,1.2,9,275.0,1.6,642,130.0,12.1,232.0,-5.5,2,275.0,2.3,581,120.0,11.9,247.0
"2025-01-07 09:30:00",7.3,133.0,9.0,0.36,9,272.0,0.53,928,166.0,14.1,264.0,0.7,9,272.0,1.9,823,151.0,13.8,265.0,-7.3,2,272.0,2.3,907,170.0,13.6,266.0
"2025-01-07 09:45:00",7.9,142.0,9.0,0.43,9,272.0,0.67,684,209.0,9.7,216.0,2.0,9,272.0,3.1,624,176.0,10.3,217.0,-7.7,2,272.0,3.7,648,178.0,10.3,227.0
"2025-01-07 10:00:00",6.9,144.0,9.0,0.28,2,273.0,0.59,622,139.0,12.2,259.0,1.9,2,273.0,2.3,608,132.0,12.1,252.0,-6.6,2,273.0,2.9,588,131.0,12.0,260.0
"2025-01-07 10:15:00",6.5,152.0,9.0,0.18,2,275.0,0.49,480,129.0,10.3,234.0,2.6,2,275.0,2.3,485,123.0,10.4,233.0,-6.0,2,275.0,3.2,431,116.0,10.0,230.0
"2025-01-07 10:30:00",6.7,147.0,9.0,0.15,2,272.0,0.43,413,111.0,11.0,259.0,2.2,2,272.0,2.3,375,102.0,10.1,223.0,-6.3,2,272.0,3.7,345,102.0,9.7,236.0
"2025-01-07 10:45:00",8.0,144.0,9.0,0.11,2,272.0,0.41,459,110.0,11.6,255.0,2.2,2,272.0,2.1,402,102.0,11.0,242.0,-7.7,2,272.0,3.7,391,109.0,10.1,238.0
"2025-01-07 11:00:00",6.6,141.0,9.0,0.07,2,274.0,0.35,379,99.0,11.2,268.0,1.5,2,274.0,1.6,331,95.0,10.1,224.0,-6.4,2,274.0,3.9,318,98.0,9.6,239.0
"2025-01-07 11:15:00",6.5,141.0,9.0,0.09,2,275.0,0.35,344,100.0,10.0,238.0,1.4,2,275.0,1.6,324,96.0,9.4,203.0,-6.4,2,275.0,4.2,293,97.0,8.7,206.0
"2025-01-07 11:30:00",5.5,147.0,9.0,0.15,2,273.0,0.35,422,132.0,10.3,220.0,1.8,2,273.0,1.8,359,113.0,9.4,189.0,-5.2,2,273.0,3.9,363,119.0,9.2,211.0
"2025-01-07 11:45:00",1.7,140.0,9.0,0.04,2,273.0,0.23,265,86.0,9.6,243.0,0.4,2,273.0,1.3,176,80.0,6.6,136.0,-1.7,2,273.0,3.3,185,73.0,7.8,188.0
"2025-01-07 12:00:00",2.3,147.0,9.0,0.05,2,274.0,0.26,270,84.0,9.8,249.0,0.8,2,274.0,1.3,185,80.0,7.0,158.0,-2.2,2,274.0,3.6,186,75.0,7.6,187.0
"2025-01-07 12:15:00",3.9,137.0,9.0,0.01,2,275.0,0.22,269,83.0,9.6,228.0,0.6,2,275.0,1.4,201,78.0,7.7,179.0,-3.9,2,275.0,4.7,183,75.0,7.4,184.0
"2025-01-07 12:30:00",4.0,140.0,9.0,0.01,2,273.0,0.25,286,84.0,10.4,251.0,0.8,2,273.0,1.3,218,78.0,8.3,192.0,-4.0,2,273.0,4.6,200,77.0,7.9,202.0
"2025-01-07 12:45:00",5.1,133.0,9.0,0.08,2,274.0,0.34,336,94.0,10.6,251.0,0.4,2,274.0,1.8,287,90.0,9.3,214.0,-5.1,2,274.0,4.1,249,89.0,8.4,223.0
"2025-01-07 13:00:00",4.2,132.0,9.0,0.05,2,273.0,0.3,320,93.0,10.5,242.0,0.3,2,273.0,1.7,252,86.0,8.7,202.0,-4.2,2,273.0,3.7,236,86.0,8.6,221.0
"2025-01-07 13:15:00",4.6,118.0,9.0,0.11,2,275.0,0.4,367,150.0,8.2,174.0,-0.8,2,275.0,2.1,301,125.0,7.5,158.0,-4.6,2,275.0,4.5,303,131.0,7.4,162.0
"2025-01-07 13:30:00",3.9,115.0,9.0,0.13,2,273.0,0.34,321,98.0,10.0,242.0,-0.9,2,273.0,1.4,248,90.0,8.2,176.0,-3.8,2,273.0,3.0,245,87.0,8.3,202.0
"2025-01-07 13:45:00",4.3,119.0,9.0,0.32,2,274.0,0.34,365,102.0,10.7,258.0,-0.6,2,274.0,1.2,306,94.0,9.5,220.0,-4.3,2,274.0,2.3,303,92.0,10.0,244.0
"2025-01-07 14:00:00",6.0,119.0,9.0,0.13,2,273.0,0.34,370,98.0,11.1,254.0,-0.9,2,273.0,1.6,317,96.0,9.5,220.0,-5.9,2,273.0,3.9,278,93.0,8.9,222.0
"2025-01-07 14:15:00",3.6,131.0,9.0,0.09,2,275.0,0.27,307,87.0,10.3,240.0,0.2,2,275.0,1.4,250,90.0,8.4,195.0,-3.6,2,275.0,3.2,218,77.0,8.6,223.0
"2025-01-07 14:30:00",5.4,130.0,9.0,0.48,2,273.0,0.56,448,115.0,11.3,263.0,0.2,2,273.0,1.8,372,105.0,10.1,233.0,-5.4,2,273.0,2.4,374,96.0,10.9,254.0
"2025-01-07 14:45:00",3.9,121.0,9.0,0.16,2,273.0,0.29,308,97.0,9.6,239.0,-0.5,2,273.0,1.4,221,92.0,7.1,154.0,-3.9,2,273.0,3.5,227,85.0,8.1,208.0
"2025-01-07 15:00:00",6.4,122.0,9.0,0.18,2,273.0,0.42,355,118.0,9.6,231.0,-0.6,2,273.0,1.8,293,108.0,8.2,187.0,-6.3,2,273.0,4.9,289,108.0,8.1,188.0
"2025-01-07 15:15:00",7.3,131.0,9.0,0.18,2,276.0,0.4,370,123.0,9.5,167.0,0.4,2,276.0,1.5,272,106.0,7.4,86.0,-7.3,2,276.0,4.0,285,103.0,8.2,93.0
"2025-01-07 15:30:00",3.8,138.0,9.0,0.21,2,273.0,0.32,325,97.0,10.1,175.0,0.7,2,273.0,2.3,241,92.0,7.6,90.0,-3.8,2,273.0,3.6,238,83.0,8.7,119.0
"2025-01-07 15:45:00",3.3,117.0,9.0,0.1,2,273.0,0.24,340,97.0,10.7,193.0,-0.6,2,273.0,1.6,227,90.0,7.5,90.0,-3.2,2,273.0,3.6,221,78.0,8.7,119.0
"2025-01-07 16:00:00",5.8,129.0,9.0,0.29,2,273.0,0.43,337,102.0,10.0,174.0,0.1,2,273.0,2.1,285,98.0,8.6,130.0,-5.8,2,273.0,3.6,271,89.0,9.3,141.0
"2025-01-07 16:15:00",7.0,130.0,9.0,0.22,2,276.0,0.51,369,105.0,10.2,237.0,0.3,2,276.0,2.1,347,102.0,9.6,215.0,-7.0,2,276.0,4.0,295,94.0,9.1,220.0
"2025-01-07 16:30:00",7.1,126.0,9.0,0.24,2,273.0,0.44,426,110.0,11.1,253.0,-0.2,2,273.0,1.9,399,107.0,10.2,216.0,-7.1,2,273.0,3.7,370,102.0,10.1,242.0
"2025-01-07 16:45:00",3.4,131.0,9.0,0.21,2,273.0,0.33,348,101.0,10.4,249.0,0.2,2,273.0,1.6,237,92.0,7.7,173.0,-3.4,2,273.0,3.0,243,86.0,8.7,218.0
"2025-01-07 17:00:00",6.1,138.0,9.0,0.3,2,273.0,0.38,400,116.0,10.6,246.0,1.0,2,273.0,1.9,323,107.0,8.9,198.0,-6.0,2,273.0,3.8,318,108.0,9.0,228.0
"2025-01-07 17:15:00",3.6,150.0,9.0,0.38,2,275.0,0.79,444,116.0,11.0,252.0,1.3,2,275.0,3.1,386,105.0,10.2,224.0,-3.4,2,275.0,2.7,350,88.0,11.2,250.0
"2025-01-07 17:30:00",1.7,137.0,9.0,0.13,2,274.0,0.26,474,106.0,12.7,266.0,0.3,2,274.0,2.0,357,100.0,10.5,244.0,-1.7,2,274.0,2.2,339,83.0,12.1,269.0
"2025-01-07 17:45:00",1.8,129.0,9.0,0.09,2,273.0,0.29,409,94.0,12.4,269.0,0.0,2,273.0,2.1,271,89.0,9.1,217.0,-1.8,2,273.0,2.5,282,75.0,11.3,255.0
"2025-01-07 18:00:00",4.2,134.0,9.0,0.26,9,273.0,0.32,463,104.0,12.7,269.0,0.4,9,273.0,1.9,345,93.0,10.7,243.0,-4.2,2,273.0,2.8,352,91.0,11.4,266.0
"2025-01-07 18:15:00",5.4,131.0,9.0,0.77,9,275.0,0.76,448,127.0,10.4,249.0,0.3,9,275.0,2.3,374,102.0,10.1,223.0,-5.4,2,275.0,2.4,375,97.0,10.8,246.0
"2025-01-07 18:30:00",4.7,129.0,9.0,0.55,9,273.0,0.64,517,128.0,11.9,267.0,0.1,9,273.0,2.2,448,106.0,11.8,252.0,-4.7,2,273.0,2.8,422,100.0,11.9,263.0
"2025-01-07 18:45:00",3.9,132.0,9.0,0.33,9,273.0,0.42,417,114.0,11.3,253.0,0.3,9,273.0,1.8,337,100.0,10.2,223.0,-3.9,2,273.0,2.6,313,96.0,10.0,256.0
"2025-01-07 19:00:00",3.3,141.0,9.0,0.28,9,274.0,0.34,393,102.0,11.5,266.0,0.7,9,274.0,1.8,252,89.0,8.6,202.0,-3.2,2,274.0,2.6,275,82.0,10.1,245.0
"2025-01-07 19:15:00",5.3,130.0,9.0,0.27,9,275.0,0.36,359,100.0,10.5,232.0,0.2,9,275.0,1.8,268,88.0,8.9,199.0,-5.3,2,275.0,3.6,264,89.0,8.9,220.0
"2025-01-07 19:30:00",5.2,134.0,9.0,0.25,9,273.0,0.4,356,101.0,10.6,252.0,0.5,9,273.0,1.8,273,89.0,9.1,212.0,-5.2,2,273.0,3.8,261,87.0,9.1,233.0
"2025-01-07 19:45:00",6.3,131.0,9.0,0.3,9,273.0,0.44,382,103.0,11.0,253.0,0.3,9,273.0,1.9,334,92.0,10.6,238.0,-6.3,2,273.0,3.6,300,91.0,9.8,238.0
"2025-01-07 20:00:00",6.6,138.0,9.0,0.47,9,273.0,0.52,403,107.0,11.1,262.0,1.1,9,273.0,2.2,360,93.0,11.0,244.0,-6.5,2,273.0,3.1,333,94.0,10.4,256.0
"2025-01-07 20:15:00",6.1,132.0,9.0,0.4,9,275.0,0.49,335,102.0,9.6,237.0,0.4,9,275.0,2.1,304,89.0,9.5,210.0,-6.1,2,275.0,4.0,264,85.0,9.0,229.0
"2025-01-07 20:30:00",4.4,143.0,9.0,0.58,9,273.0,0.76,373,120.0,9.8,256.0,1.2,9,273.0,2.4,305,98.0,9.4,226.0,-4.3,2,273.0,2.6,307,89.0,10.5,252.0
"2025-01-07 20:45:00",1.3,144.0,9.0,0.07,9,273.0,0.23,387,94.0,12.0,260.0,0.4,9,273.0,2.5,216,83.0,8.0,200.0,-1.2,9,273.0,1.9,240,73.0,10.1,245.0
"2025-01-07 21:00:00",3.8,148.0,9.0,0.32,9,273.0,0.44,365,101.0,10.8,262.0,1.3,9,273.0,2.4,267,89.0,9.1,213.0,-3.6,2,273.0,2.8,268,77.0,10.5,255.0
"2025-01-07 21:15:00",6.0,151.0,9.0,0.94,2,276.0,1.02,369,116.0,9.5,238.0,2.3,2,276.0,2.2,355,100.0,10.1,225.0,-5.5,2,276.0,2.4,323,85.0,10.8,246.0
"2025-01-07 21:30:00",4.2,147.0,9.0,0.32,9,273.0,0.43,372,96.0,11.4,256.0,1.4,9,273.0,2.2,279,87.0,9.3,210.0,-4.0,2,273.0,2.7,273,78.0,10.4,251.0
"2025-01-07 21:45:00",7.4,136.0,9.0,0.46,9,273.0,0.54,419,111.0,11.0,260.0,1.0,9,273.0,2.4,360,100.0,10.2,230.0,-7.3,2,273.0,3.7,365,101.0,10.5,256.0
"2025-01-07 22:00:00",7.5,143.0,9.0,0.7,9,274.0,0.76,387,110.0,10.6,261.0,1.9,9,274.0,3.2,365,102.0,10.2,228.0,-7.2,2,274.0,3.6,349,95.0,10.7,248.0
"2025-01-07 22:15:00",3.1,161.0,9.0,0.27,9,275.0,0.67,310,98.0,9.7,234.0,1.7,9,275.0,3.5,244,87.0,8.2,189.0,-2.6,2,275.0,2.3,241,72.0,10.0,228.0
"2025-01-07 22:30:00",3.7,152.0,9.0,0.26,9,273.0,0.58,327,97.0,10.3,249.0,1.5,9,273.0,2.3,243,84.0,8.7,202.0,-3.4,2,273.0,3.0,255,72.0,10.5,251.0
"2025-01-07 22:45:00",4.2,143.0,9.0,0.67,9,273.0,0.83,389,106.0,10.9,263.0,1.1,9,273.0,2.3,315,90.0,9.7,216.0,-4.1,2,273.0,2.1,330,80.0,11.6,256.0
"2025-01-07 23:00:00",2.9,146.0,9.0,0.21,9,273.0,0.3,313,87.0,10.7,253.0,0.9,9,273.0,1.5,202,80.0,7.8,183.0,-2.7,2,273.0,2.5,199,67.0,9.2,242.0
"2025-01-07 23:15:00",4.3,132.0,9.0,0.33,9,276.0,0.38,326,93.0,10.3,240.0,0.3,9,276.0,1.3,242,87.0,8.3,174.0,-4.3,2,276.0,2.9,226,75.0,9.1,222.0
"2025-01-07 23:30:00",1.5,124.0,9.0,0.11,9,273.0,0.24,280,85.0,10.1,244.0,-0.1,9,273.0,1.1,173,83.0,6.1,99.0,-1.5,9,273.0,2.9,183,68.0,8.3,200.0
"2025-01-07 23:45:00",3.3,126.0,9.0,0.14,9,273.0,0.26,285,87.0,10.0,241.0,-0.1,9,273.0,1.2,196,84.0,7.1,143.0,-3.3,2,273.0,4.2,203,84.0,7.5,175.0
"2025-01-08 00:00:00",4.3,133.0,9.0,0.07,2,273.0,0.3,333,93.0,10.7,255.0,0.4,2,273.0,1.4,230,93.0,7.4,146.0,-4.3,2,273.0,4.8,227,84.0,8.1,197.0
"2025-01-08 00:15:00",3.9,134.0,9.0,0.2,9,276.0,0.35,321,123.0,8.0,186.0,0.4,9,276.0,1.8,240,113.0,6.2,106.0,-3.9,2,276.0,3.9,245,105.0,7.1,164.0
"2025-01-08 00:30:00",5.0,141.0,9.0,0.45,9,273.0,0.71,421,122.0,10.5,253.0,1.1,9,273.0,2.6,360,117.0,8.9,198.0,-4.9,2,273.0,3.5,355,111.0,9.6,223.0
"2025-01-08 00:45:00",1.7,120.0,9.0,0.03,9,274.0,0.28,369,111.0,10.8,235.0,-0.2,9,274.0,2.0,256,109.0,7.5,156.0,-1.7,9,274.0,2.2,274,107.0,8.7,193.0
"2025-01-08 01:00:00",0.7,167.0,9.0,0.07,9,273.0,0.22,421,81.0,14.0,266.0,0.4,9,273.0,1.9,217,77.0,8.7,199.0,-0.5,9,273.0,1.2,246,65.0,11.4,253.0
"2025-01-08 01:15:00",0.6,153.0,9.0,0.09,9,276.0,0.19,400,89.0,12.3,252.0,0.2,9,276.0,0.9,188,89.0,6.3,108.0,-0.5,9,276.0,0.8,241,62.0,11.2,242.0
"2025-01-08 01:30:00",1.0,111.0,9.0,0.09,9,273.0,0.19,418,85.0,13.4,267.0,-0.3,9,273.0,0.9,214,79.0,8.5,185.0,-0.9,9,273.0,1.2,242,65.0,11.2,257.0
"2025-01-08 01:45:00",1.2,135.0,9.0,0.07,9,274.0,0.19,389,84.0,12.9,268.0,0.1,9,274.0,1.2,207,82.0,7.8,177.0,-1.1,9,274.0,1.4,222,64.0,10.7,249.0
"2025-01-08 02:00:00",1.4,145.0,9.0,0.07,9,273.0,0.36,468,143.0,11.8,247.0,0.4,9,273.0,2.0,279,112.0,8.1,168.0,-1.4,9,273.0,2.0,285,105.0,9.7,227.0
"2025-01-08 02:15:00",1.1,130.0,9.0,0.04,9,276.0,0.2,352,78.0,12.4,252.0,0.0,9,276.0,1.3,195,74.0,7.8,174.0,-1.1,9,276.0,1.5,208,60.0,10.3,227.0
"2025-01-08 02:30:00",0.7,105.0,9.0,0.07,9,273.0,0.19,368,117.0,10.8,225.0,-0.3,9,273.0,0.9,216,104.0,6.9,137.0,-0.6,9,273.0,1.0,261,119.0,8.2,160.0
"2025-01-08 02:45:00",0.5,120.0,9.0,0.1,9,273.0,0.19,378,96.0,11.9,248.0,-0.1,9,273.0,0.9,197,85.0,7.6,162.0,-0.5,9,273.0,0.7,265,84.0,10.6,210.0
"2025-01-08 03:00:00",1.7,145.0,9.0,0.03,9,274.0,0.2,400,140.0,9.5,210.0,0.5,9,274.0,1.0,269,140.0,5.9,93.0,-1.7,9,274.0,2.1,294,155.0,6.1,105.0
"2025-01-08 03:15:00",3.0,135.0,9.0,0.11,9,275.0,0.19,372,85.0,12.2,245.0,0.4,9,275.0,1.2,272,84.0,9.5,208.0,-3.0,2,275.0,2.6,259,83.0,9.5,237.0
"2025-01-08 03:30:00",4.1,120.0,9.0,0.13,9,274.0,0.25,401,91.0,12.6,262.0,-0.6,9,274.0,1.2,269,89.0,9.2,210.0,-4.0,2,274.0,3.0,283,93.0,9.5,244.0
"2025-01-08 03:45:00",3.1,109.0,9.0,0.11,9,273.0,0.32,459,141.0,11.0,235.0,-1.0,9,273.0,1.6,327,122.0,8.6,190.0,-2.9,2,273.0,2.4,327,121.0,9.1,220.0
"2025-01-08 04:00:00",3.8,127.0,9.0,0.08,9,274.0,0.24,439,91.0,13.4,271.0,-0.1,9,274.0,1.2,325,86.0,11.1,251.0,-3.7,2,274.0,2.9,337,91.0,11.1,267.0
"2025-01-08 04:15:00",4.4,117.0,9.0,0.13,9,275.0,0.23,375,94.0,11.4,244.0,-0.8,9,275.0,1.3,273,93.0,8.7,203.0,-4.4,2,275.0,2.9,275,89.0,9.3,239.0
"2025-01-08 04:30:00",3.0,128.0,9.0,0.18,9,273.0,0.24,394,95.0,12.0,265.0,0.0,9,273.0,1.2,266,92.0,8.8,211.0,-3.0,2,273.0,2.1,287,82.0,10.5,252.0
"2025-01-08 04:45:00",2.2,130.0,9.0,0.15,9,274.0,0.25,368,94.0,11.5,257.0,0.1,9,274.0,1.0,250,90.0,8.6,208.0,-2.2,9,274.0,1.7,257,77.0,10.3,257.0
"2025-01-08 05:00:00",2.3,133.0,9.0,0.12,9,273.0,0.21,386,88.0,12.4,266.0,0.2,9,273.0,1.0,255,85.0,9.3,221.0,-2.3,9,273.0,1.9,256,77.0,10.2,252.0
"2025-01-08 05:15:00",1.1,133.0,9.0,0.05,9,275.0,0.21,331,91.0,10.6,234.0,0.1,9,275.0,1.2,218,90.0,7.3,151.0,-1.1,9,275.0,1.5,225,78.0,9.0,215.0
"2025-01-08 05:30:00",1.2,136.0,9.0,0.06,9,274.0,0.25,432,126.0,11.2,245.0,0.2,9,274.0,2.1,276,113.0,7.9,173.0,-1.1,9,274.0,1.8,287,105.0,9.2,216.0
"2025-01-08 05:45:00",1.0,154.0,9.0,0.0,9,273.0,0.2,353,78.0,12.8,269.0,0.4,9,273.0,1.1,205,70.0,9.0,214.0,-0.9,9,273.0,1.6,214,60.0,10.9,256.0
"2025-01-08 06:00:00",0.3,88.0,9.0,0.0,9,273.0,0.18,331,79.0,12.0,262.0,-0.2,9,273.0,1.2,197,73.0,8.1,191.0,-0.2,9,273.0,0.9,228,63.0,10.9,247.0
"2025-01-08 06:15:00",0.7,149.0,9.0,-0.05,9,276.0,0.22,328,81.0,11.5,243.0,0.3,9,276.0,0.9,210,74.0,8.6,193.0,-0.7,9,276.0,1.6,212,63.0,10.1,237.0
"2025-01-08 06:30:00",1.7,130.0,9.0,-0.02,9,273.0,0.21,358,79.0,12.7,266.0,0.1,9,273.0,1.2,223,72.0,9.3,219.0,-1.7,9,273.0,2.1,227,64.0,10.8,260.0
"2025-01-08 06:45:00",1.1,121.0,9.0,0.02,9,273.0,0.21,361,81.0,12.7,267.0,-0.1,9,273.0,1.1,220,74.0,8.9,209.0,-1.1,9,273.0,1.6,231,64.0,11.0,256.0
"2025-01-08 07:00:00",1.3,133.0,9.0,0.01,9,274.0,0.2,388,82.0,13.2,266.0,0.1,9,274.0,1.1,219,75.0,8.8,205.0,-1.3,9,274.0,1.7,244,64.0,11.4,261.0
"2025-01-08 07:15:00",1.6,126.0,9.0,0.05,9,275.0,0.32,425,123.0,11.2,220.0,0.0,9,275.0,1.1,268,104.0,8.2,166.0,-1.6,9,275.0,1.9,285,96.0,9.7,203.0
"2025-01-08 07:30:00",1.0,143.0,9.0,0.0,9,273.0,0.24,399,93.0,12.4,266.0,0.3,9,273.0,1.2,243,80.0,8.9,191.0,-1.0,9,273.0,1.9,251,70.0,10.9,248.0
"2025-01-08 07:45:00",0.3,130.0,9.0,0.03,9,273.0,0.18,386,84.0,12.9,265.0,0.0,9,273.0,1.0,171,76.0,6.9,135.0,-0.3,9,273.0,1.0,219,62.0,10.8,249.0
"2025-01-08 08:00:00",0.4,168.0,9.0,0.04,9,273.0,0.18,381,86.0,12.7,262.0,0.2,9,273.0,0.8,176,73.0,7.4,159.0,-0.3,9,273.0,0.8,219,60.0,11.1,251.0
"2025-01-08 08:15:00",0.4,141.0,9.0,0.05,9,276.0,0.23,350,88.0,11.5,251.0,0.1,9,276.0,0.8,171,79.0,6.5,115.0,-0.4,9,276.0,0.8,219,66.0,10.2,233.0
"2025-01-08 08:30:00",0.6,103.0,9.0,0.08,9,273.0,0.15,443,87.0,13.8,266.0,-0.3,9,273.0,0.8,179,78.0,7.1,136.0,-0.5,9,273.0,0.8,237,65.0,11.1,245.0
"2025-01-08 08:45:00",1.2,136.0,9.0,0.05,9,273.0,0.21,414,87.0,13.3,267.0,0.2,9,273.0,0.9,227,80.0,8.7,187.0,-1.1,9,273.0,1.6,256,69.0,11.2,252.0
"2025-01-08 09:00:00",1.1,133.0,9.0,0.05,9,274.0,0.18,460,105.0,13.3,255.0,0.1,9,274.0,1.3,264,97.0,8.5,178.0,-1.1,9,274.0,1.6,280,85.0,10.7,237.0
"2025-01-08 09:15:00",0.7,121.0,9.0,0.06,9,275.0,0.18,384,113.0,10.8,207.0,-0.1,9,275.0,0.9,210,95.0,6.7,68.0,-0.7,9,275.0,1.2,224,81.0,9.0,154.0
"2025-01-08 09:30:00",1.0,119.0,9.0,0.06,9,273.0,0.18,323,78.0,12.0,248.0,-0.2,9,273.0,0.8,173,74.0,7.1,83.0,-1.0,9,273.0,1.7,194,61.0,9.9,192.0
"2025-01-08 09:45:00",1.5,123.0,9.0,-0.01,9,273.0,0.18,346,80.0,12.4,249.0,-0.1,9,273.0,1.1,206,77.0,8.2,129.0,-1.4,9,273.0,2.1,210,68.0,9.6,192.0
"2025-01-08 10:00:00",1.5,111.0,9.0,0.02,2,273.0,0.2,365,81.0,12.7,249.0,-0.4,2,273.0,1.1,197,75.0,8.0,126.0,-1.4,2,273.0,2.3,217,65.0,10.3,207.0
"2025-01-08 10:15:00",2.1,136.0,9.0,0.03,2,275.0,0.28,296,83.0,10.4,236.0,0.3,2,275.0,1.6,236,84.0,8.3,180.0,-2.1,2,275.0,2.6,206,71.0,8.7,210.0
"2025-01-08 10:30:00",2.8,132.0,9.0,0.0,2,273.0,0.3,358,85.0,12.1,263.0,0.2,2,273.0,1.6,271,82.0,9.4,193.0,-2.7,2,273.0,2.7,253,70.0,10.7,252.0
"2025-01-08 10:45:00",1.6,143.0,9.0,0.05,2,274.0,0.27,345,80.0,12.3,262.0,0.4,2,274.0,1.9,202,73.0,8.3,189.0,-1.6,2,274.0,2.2,203,59.0,10.4,243.0
"2025-01-08 11:00:00",1.9,128.0,9.0,0.01,2,273.0,0.25,301,96.0,9.8,229.0,0.0,2,273.0,1.5,223,91.0,7.3,145.0,-1.9,2,273.0,2.3,199,75.0,8.2,192.0
"2025-01-08 11:15:00",1.6,124.0,9.0,-0.01,2,275.0,0.23,265,77.0,10.2,240.0,-0.1,2,275.0,1.0,173,73.0,7.0,146.0,-1.6,2,275.0,2.1,165,57.0,9.0,229.0
"2025-01-08 11:30:00",0.7,144.0,9.0,-0.01,2,272.0,0.23,261,82.0,9.7,228.0,0.2,2,272.0,1.5,166,79.0,6.3,126.0,-0.7,2,272.0,1.3,167,61.0,8.6,215.0
"2025-01-08 11:45:00",1.3,180.0,9.0,-0.01,2,273.0,0.28,284,87.0,10.0,250.0,1.0,2,273.0,2.1,191,85.0,6.8,142.0,-0.8,2,273.0,1.6,181,68.0,8.4,208.0
"2025-01-08 12:00:00",1.1,136.0,9.0,-0.01,2,273.0,0.24,295,86.0,10.4,252.0,0.2,2,273.0,1.1,183,83.0,6.6,124.0,-1.1,2,273.0,1.6,181,67.0,8.4,203.0
"2025-01-08 12:15:00",1.3,139.0,9.0,0.17,2,276.0,0.37,285,96.0,9.0,218.0,0.2,2,276.0,2.1,222,102.0,6.4,126.0,-1.3,2,276.0,1.7,206,65.0,9.5,229.0
"2025-01-08 12:30:00",1.8,141.0,9.0,0.08,2,273.0,0.31,298,100.0,9.2,239.0,0.4,2,273.0,1.7,223,104.0,6.3,108.0,-1.8,2,273.0,2.0,211,75.0,8.8,221.0
"2025-01-08 12:45:00",0.8,111.0,9.0,-0.05,2,273.0,0.29,284,98.0,9.3,235.0,-0.2,2,273.0,1.5,198,98.0,6.1,111.0,-0.8,2,273.0,1.9,187,75.0,8.0,192.0
"2025-01-08 13:00:00",1.4,139.0,9.0,-0.03,2,273.0,0.27,291,86.0,10.4,243.0,0.3,2,273.0,1.7,191,89.0,6.5,133.0,-1.4,2,273.0,2.8,186,67.0,8.7,221.0
"2025-01-08 13:15:00",1.0,164.0,9.0,0.04,2,275.0,0.32,307,91.0,10.2,224.0,0.6,2,275.0,2.2,199,95.0,6.2,128.0,-0.8,2,275.0,2.1,188,64.0,9.0,212.0
"2025-01-08 13:30:00",0.8,147.0,9.0,0.02,2,273.0,0.24,313,93.0,10.2,247.0,0.3,2,273.0,2.0,209,102.0,6.0,103.0,-0.8,2,273.0,1.5,189,62.0,9.4,230.0
"2025-01-08 13:45:00",0.7,118.0,9.0,0.0,2,274.0,0.22,290,92.0,9.7,236.0,-0.1,2,274.0,1.4,201,100.0,5.9,102.0,-0.7,2,274.0,1.6,177,62.0,9.0,213.0
"2025-01-08 14:00:00",1.9,175.0,9.0,0.16,2,275.0,0.38,330,96.0,10.4,256.0,1.4,2,275.0,2.3,234,102.0,6.8,137.0,-1.3,2,275.0,1.8,216,63.0,10.2,241.0
"2025-01-08 14:15:00",0.6,148.0,9.0,0.06,2,276.0,0.24,291,79.0,10.8,238.0,0.2,2,276.0,1.1,167,77.0,6.6,132.0,-0.6,2,276.0,1.2,170,56.0,9.3,219.0
"2025-01-08 14:30:00",0.5,195.0,9.0,0.03,2,275.0,0.22,358,92.0,11.9,261.0,0.4,2,275.0,1.0,174,82.0,6.4,123.0,-0.2,2,275.0,1.1,189,66.0,9.2,216.0
"2025-01-08 14:45:00",1.0,188.0,9.0,0.06,2,275.0,0.19,443,95.0,13.2,270.0,0.8,2,275.0,1.6,191,94.0,6.0,102.0,-0.5,2,275.0,0.9,204,63.0,9.9,239.0
"2025-01-08 15:00:00",0.7,174.0,9.0,0.05,2,275.0,0.16,497,93.0,14.3,270.0,0.5,2,275.0,0.9,181,90.0,5.9,102.0,-0.5,2,275.0,0.7,230,59.0,11.4,260.0
"2025-01-08 15:15:00",0.8,170.0,9.0,0.05,2,275.0,0.16,489,90.0,14.1,255.0,0.5,2,275.0,1.0,194,80.0,7.4,162.0,-0.6,2,275.0,0.8,228,61.0,11.0,236.0
"2025-01-08 15:30:00",0.7,172.0,9.0,0.02,2,273.0,0.16,538,90.0,15.3,272.0,0.5,2,273.0,1.0,194,74.0,8.1,188.0,-0.5,2,273.0,0.7,281,61.0,13.0,264.0
"2025-01-08 15:45:00",0.5,161.0,9.0,0.01,2,273.0,0.16,553,90.0,15.5,271.0,0.3,2,273.0,0.9,193,75.0,7.9,178.0,-0.4,2,273.0,0.8,264,63.0,12.1,254.0
"2025-01-08 16:00:00",0.6,173.0,9.0,0.03,2,273.0,0.15,566,94.0,15.4,273.0,0.4,2,273.0,0.9,203,86.0,7.3,164.0,-0.4,2,273.0,0.9,255,66.0,11.5,252.0
"2025-01-08 16:15:00",0.5,162.0,9.0,0.04,2,275.0,0.15,635,104.0,14.9,252.0,0.3,2,275.0,0.9,212,93.0,6.9,139.0,-0.4,2,275.0,0.9,307,73.0,12.0,245.0
"2025-01-08 16:30:00",0.5,172.0,9.0,0.06,2,273.0,0.13,593,105.0,14.8,270.0,0.3,2,273.0,0.9,195,89.0,6.6,135.0,-0.3,2,273.0,0.7,308,77.0,11.8,263.0
"2025-01-08 16:45:00",0.3,139.0,9.0,0.06,9,273.0,0.17,518,99.0,14.2,271.0,0.1,9,273.0,0.9,182,89.0,6.2,111.0,-0.2,9,273.0,0.7,264,75.0,10.7,243.0
"2025-01-08 17:00:00",0.3,117.0,9.0,0.03,9,273.0,0.15,556,101.0,14.6,273.0,0.0,9,273.0,0.8,196,88.0,6.9,141.0,-0.3,9,273.0,0.6,275,74.0,11.0,240.0
"2025-01-08 17:15:00",0.3,167.0,9.0,0.01,2,275.0,0.15,590,109.0,13.8,253.0,0.2,2,275.0,0.8,219,93.0,7.1,156.0,-0.2,2,275.0,0.7,335,79.0,11.8,242.0
"2025-01-08 17:30:00",0.3,190.0,9.0,0.02,2,273.0,0.13,637,107.0,15.2,270.0,0.3,2,273.0,0.7,216,94.0,7.0,148.0,-0.2,2,273.0,0.6,334,80.0,12.0,248.0
"2025-01-08 17:45:00",0.1,115.0,9.0,0.03,2,273.0,0.14,561,105.0,14.3,272.0,0.0,2,273.0,0.6,214,95.0,7.0,138.0,-0.1,2,273.0,0.6,302,79.0,11.3,253.0
"2025-01-08 18:00:00",0.3,130.0,9.0,0.04,9,273.0,0.15,579,108.0,14.3,268.0,0.0,9,273.0,0.8,204,98.0,6.3,120.0,-0.3,9,273.0,0.6,322,82.0,11.5,253.0
"2025-01-08 18:15:00",0.5,148.0,9.0,0.07,9,275.0,0.17,506,108.0,12.9,256.0,0.2,9,275.0,0.9,215,102.0,6.3,109.0,-0.4,9,275.0,0.7,289,85.0,10.2,228.0
"2025-01-08 18:30:00",0.4,106.0,9.0,0.06,9,273.0,0.15,606,127.0,13.6,265.0,-0.1,9,273.0,0.8,253,115.0,6.8,125.0,-0.4,9,273.0,0.7,362,99.0,11.2,248.0
"2025-01-08 18:45:00",0.9,150.0,9.0,0.04,9,272.0,0.15,739,133.0,14.5,268.0,0.3,9,272.0,0.9,317,118.0,8.3,182.0,-0.8,9,272.0,1.1,418,106.0,11.6,247.0
"2025-01-08 19:00:00",0.7,146.0,9.0,0.04,9,273.0,0.15,734,115.0,15.8,272.0,0.2,9,273.0,0.8,297,105.0,8.7,188.0,-0.7,9,273.0,0.9,420,93.0,12.9,253.0
"2025-01-08 19:15:00",0.7,130.0,9.0,0.06,9,275.0,0.12,778,114.0,15.5,251.0,0.0,9,275.0,0.9,270,95.0,8.5,191.0,-0.7,9,275.0,0.8,418,84.0,13.1,246.0
"2025-01-08 19:30:00",0.4,101.0,9.0,0.04,9,273.0,0.11,1001,122.0,17.8,272.0,-0.2,9,273.0,0.5,402,102.0,11.3,238.0,-0.4,9,273.0,0.6,533,89.0,15.0,262.0
"2025-01-08 19:45:00",0.4,107.0,9.0,0.04,9,273.0,0.14,965,125.0,17.2,272.0,-0.2,9,273.0,0.6,354,102.0,10.4,223.0,-0.4,9,273.0,0.6,542,90.0,15.2,265.0
"2025-01-08 20:00:00",0.4,104.0,9.0,0.05,9,273.0,0.12,1001,121.0,17.6,273.0,-0.2,9,273.0,0.6,440,103.0,11.8,232.0,-0.3,9,273.0,0.5,532,90.0,14.9,265.0
"2025-01-08 20:15:00",0.1,37.0,9.0,0.06,9,275.0,0.14,971,172.0,15.4,233.0,-0.1,9,275.0,0.7,480,149.0,10.7,206.0,0.0,9,275.0,1.8,558,129.0,13.1,232.0
"2025-01-08 20:30:00",0.3,90.0,9.0,0.06,9,273.0,0.13,952,127.0,16.7,272.0,-0.2,9,273.0,0.5,413,103.0,11.6,237.0,-0.3,9,273.0,0.5,532,88.0,14.7,263.0
"2025-01-08 20:45:00",0.2,93.0,9.0,0.03,9,273.0,0.15,862,116.0,16.9,273.0,-0.1,9,273.0,0.6,355,97.0,10.6,223.0,-0.1,9,273.0,0.5,474,83.0,14.7,263.0
"2025-01-08 21:00:00",0.2,122.0,9.0,0.01,9,272.0,0.11,1276,137.0,18.5,271.0,0.0,9,272.0,0.4,562,99.0,13.8,244.0,-0.2,9,272.0,0.5,692,92.0,16.3,267.0
"2025-01-08 21:15:00",0.3,119.0,9.0,0.03,9,275.0,0.13,964,140.0,15.1,254.0,-0.1,9,275.0,0.6,374,113.0,9.4,190.0,-0.3,9,275.0,0.5,553,103.0,13.1,239.0
"2025-01-08 21:30:00",0.3,154.0,9.0,0.03,9,273.0,0.14,670,119.0,14.4,268.0,0.1,9,273.0,0.7,291,100.0,8.8,185.0,-0.2,9,273.0,0.6,356,91.0,11.3,236.0
"2025-01-08 21:45:00",0.3,122.0,9.0,0.05,9,271.0,0.13,1154,134.0,17.4,267.0,0.0,9,271.0,0.7,461,98.0,12.1,229.0,-0.3,9,271.0,0.6,639,93.0,15.2,257.0
"2025-01-08 22:00:00",0.4,163.0,9.0,0.03,9,272.0,0.11,1188,135.0,17.8,268.0,0.3,9,272.0,0.9,383,94.0,11.4,238.0,-0.4,9,272.0,0.6,554,87.0,14.8,262.0
"2025-01-08 22:15:00",0.4,152.0,9.0,0.01,9,274.0,0.17,859,155.0,14.5,249.0,0.2,9,274.0,0.8,415,131.0,9.9,184.0,-0.4,9,274.0,1.0,475,120.0,11.6,220.0
"2025-01-08 22:30:00",0.4,189.0,9.0,0.0,9,273.0,0.15,600,99.0,15.0,267.0,0.4,9,273.0,0.9,243,85.0,8.7,171.0,-0.2,9,273.0,0.9,326,76.0,12.1,245.0
"2025-01-08 22:45:00",0.8,189.0,9.0,0.01,9,273.0,0.15,580,98.0,15.1,269.0,0.7,9,273.0,1.1,221,88.0,7.7,150.0,-0.4,9,273.0,0.8,279,77.0,10.8,229.0
"2025-01-08 23:00:00",0.9,187.0,9.0,-0.01,9,273.0,0.17,535,95.0,14.5,264.0,0.8,9,273.0,1.0,230,79.0,9.0,197.0,-0.5,9,273.0,0.9,258,72.0,10.7,231.0
"2025-01-08 23:15:00",0.6,173.0,9.0,0.0,9,275.0,0.19,428,87.0,13.2,256.0,0.4,9,275.0,1.2,196,82.0,7.4,153.0,-0.4,9,275.0,1.0,225,70.0,9.8,212.0
"2025-01-08 23:30:00",0.8,168.0,9.0,-0.01,9,273.0,0.18,456,92.0,13.5,269.0,0.5,9,273.0,1.1,206,83.0,7.7,164.0,-0.6,9,273.0,1.0,238,70.0,10.4,234.0
"2025-01-08 23:45:00",0.6,178.0,9.0,-0.02,9,273.0,0.18,439,90.0,13.5,269.0,0.4,9,273.0,1.0,188,83.0,6.9,130.0,-0.4,9,273.0,0.9,225,71.0,9.7,227.0
"2025-01-09 00:00:00",0.5,163.0,9.0,0.01,9,272.0,0.21,482,130.0,12.1,239.0,0.3,9,272.0,1.6,247,114.0,6.8,124.0,-0.4,9,272.0,2.0,263,101.0,8.7,190.0
"2025-01-09 00:15:00",0.8,179.0,9.0,-0.03,9,276.0,0.17,439,91.0,12.9,252.0,0.6,9,276.0,1.1,199,87.0,6.9,140.0,-0.5,9,276.0,1.3,220,69.0,9.6,223.0
"2025-01-09 00:30:00",1.0,166.0,9.0,0.0,9,273.0,0.16,426,91.0,13.1,269.0,0.6,9,273.0,1.1,199,88.0,6.9,134.0,-0.8,9,273.0,1.5,228,70.0,10.0,239.0
"2025-01-09 00:45:00",0.7,188.0,9.0,0.04,9,273.0,0.17,456,91.0,13.7,271.0,0.6,9,273.0,1.1,197,86.0,7.0,145.0,-0.3,9,273.0,0.9,233,69.0,10.3,238.0
"2025-01-09 01:00:00",0.7,167.0,9.0,0.03,9,274.0,0.19,422,91.0,12.9,268.0,0.4,9,274.0,1.2,193,89.0,6.5,129.0,-0.5,9,274.0,1.0,231,72.0,9.8,229.0
"2025-01-09 01:15:00",0.7,175.0,9.0,0.02,9,275.0,0.19,355,87.0,11.7,244.0,0.5,9,275.0,1.1,180,83.0,6.5,124.0,-0.5,9,275.0,1.0,218,71.0,9.3,214.0
"2025-01-09 01:30:00",0.2,101.0,9.0,0.02,9,273.0,0.18,362,91.0,11.6,258.0,-0.1,9,273.0,0.9,192,89.0,6.5,119.0,-0.1,9,273.0,1.0,203,74.0,8.5,193.0
"2025-01-09 01:45:00",0.3,277.0,9.0,0.01,9,274.0,0.19,423,138.0,10.5,225.0,0.2,9,274.0,0.9,235,116.0,6.1,99.0,0.3,9,274.0,2.1,262,106.0,8.2,184.0
"2025-01-09 02:00:00",0.6,175.0,9.0,0.03,9,273.0,0.17,424,84.0,13.6,268.0,0.4,9,273.0,1.1,184,77.0,7.3,159.0,-0.4,9,273.0,1.3,216,65.0,10.1,234.0
"2025-01-09 02:15:00",1.2,176.0,9.0,0.01,9,275.0,0.17,409,81.0,13.4,253.0,0.9,9,275.0,1.2,183,75.0,7.4,180.0,-0.8,9,275.0,1.8,210,65.0,9.7,232.0
"2025-01-09 02:30:00",1.5,167.0,9.0,0.04,9,274.0,0.19,452,87.0,14.0,273.0,1.0,9,274.0,1.3,201,77.0,8.1,192.0,-1.2,9,274.0,2.1,220,67.0,10.1,249.0
"2025-01-09 02:45:00",1.2,177.0,9.0,0.02,9,273.0,0.17,495,90.0,14.3,270.0,0.9,9,273.0,1.2,206,86.0,7.3,161.0,-0.8,9,273.0,1.6,235,69.0,10.4,248.0
"2025-01-09 03:00:00",1.4,177.0,9.0,0.04,9,273.0,0.17,460,88.0,14.0,270.0,1.0,9,273.0,1.3,198,88.0,6.8,155.0,-0.9,9,273.0,1.9,233,71.0,10.0,235.0
"2025-01-09 03:15:00",0.8,183.0,9.0,0.03,9,276.0,0.19,382,87.0,12.2,249.0,0.6,9,276.0,1.3,183,90.0,6.0,105.0,-0.4,9,276.0,0.8,210,68.0,9.3,222.0
"2025-01-09 03:30:00",0.8,144.0,9.0,0.05,9,273.0,0.2,400,96.0,11.9,258.0,0.2,9,273.0,1.0,194,95.0,6.1,111.0,-0.8,9,273.0,1.2,217,76.0,8.8,213.0
"2025-01-09 03:45:00",1.7,173.0,9.0,0.04,9,274.0,0.23,489,142.0,11.4,246.0,1.2,9,274.0,2.4,275,130.0,6.4,130.0,-1.2,9,274.0,2.0,295,117.0,8.5,198.0
"2025-01-09 04:00:00",1.2,173.0,9.0,0.05,9,273.0,0.2,384,92.0,12.0,266.0,0.8,9,273.0,1.6,206,96.0,6.5,127.0,-0.8,9,273.0,1.5,216,76.0,8.8,210.0
"2025-01-09 04:15:00",1.6,169.0,9.0,0.05,9,276.0,0.21,356,89.0,11.4,239.0,1.0,9,276.0,1.8,195,91.0,6.3,126.0,-1.2,9,276.0,2.0,216,75.0,8.8,208.0
"2025-01-09 04:30:00",1.3,174.0,9.0,0.02,9,273.0,0.2,412,92.0,12.6,265.0,1.0,9,273.0,1.8,207,94.0,6.6,137.0,-0.9,9,273.0,2.1,228,77.0,9.2,222.0
"2025-01-09 04:45:00",1.7,128.0,9.0,0.04,9,274.0,0.22,346,97.0,10.8,259.0,0.0,9,274.0,1.5,220,99.0,6.6,131.0,-1.7,9,274.0,3.0,221,83.0,8.2,202.0
"2025-01-09 05:00:00",2.3,130.0,9.0,0.05,9,273.0,0.21,349,93.0,11.1,260.0,0.1,9,273.0,1.1,218,98.0,6.7,134.0,-2.3,9,273.0,3.9,220,84.0,8.1,199.0
"2025-01-09 05:15:00",3.1,108.0,9.0,0.15,9,275.0,0.24,355,119.0,9.0,208.0,-1.0,9,275.0,0.9,259,118.0,6.5,120.0,-2.9,2,275.0,3.0,271,117.0,7.0,153.0
"2025-01-09 05:30:00",1.0,122.0,9.0,0.08,9,273.0,0.2,383,119.0,10.1,236.0,-0.1,9,273.0,0.8,230,115.0,5.9,83.0,-1.0,9,273.0,1.6,251,105.0,7.5,163.0
"2025-01-09 05:45:00",0.4,97.0,9.0,0.08,9,273.0,0.18,334,97.0,10.4,252.0,-0.2,9,273.0,0.7,193,100.0,5.6,81.0,-0.3,9,273.0,0.6,215,83.0,8.0,179.0
"2025-01-09 06:00:00",1.4,110.0,9.0,0.07,9,273.0,0.22,345,96.0,10.8,254.0,-0.4,9,273.0,1.0,205,97.0,6.2,109.0,-1.3,9,273.0,2.8,223,88.0,7.8,177.0
"2025-01-09 06:15:00",0.6,112.0,9.0,0.1,9,276.0,0.2,342,99.0,10.3,240.0,-0.2,9,276.0,0.8,209,100.0,6.1,107.0,-0.6,9,276.0,1.5,206,88.0,7.1,152.0
"2025-01-09 06:30:00",4.5,121.0,9.0,0.21,9,273.0,0.3,389,107.0,10.7,257.0,-0.5,9,273.0,1.3,285,100.0,8.3,185.0,-4.5,2,273.0,4.1,290,98.0,8.7,212.0
"2025-01-09 06:45:00",3.3,115.0,9.0,0.16,9,273.0,0.33,356,107.0,10.0,243.0,-0.7,9,273.0,1.2,243,96.0,7.2,141.0,-3.2,2,273.0,4.3,268,94.0,8.5,196.0
"2025-01-09 07:00:00",3.9,119.0,9.0,0.19,9,273.0,0.25,365,117.0,9.9,245.0,-0.6,9,273.0,1.2,263,108.0,7.3,157.0,-3.9,2,273.0,4.1,259,105.0,7.6,182.0
"2025-01-09 07:15:00",4.3,118.0,9.0,0.18,9,276.0,0.25,358,105.0,10.2,238.0,-0.7,9,276.0,1.2,271,104.0,7.8,186.0,-4.2,2,276.0,4.2,250,102.0,7.4,183.0
"2025-01-09 07:30:00",3.7,123.0,9.0,0.16,9,273.0,0.24,385,102.0,11.2,263.0,-0.3,9,273.0,1.6,270,101.0,8.1,188.0,-3.7,2,273.0,3.7,268,100.0,8.4,222.0
"2025-01-09 07:45:00",3.8,131.0,9.0,0.15,9,273.0,0.25,434,108.0,11.8,265.0,0.2,9,273.0,1.8,291,113.0,8.0,190.0,-3.7,2,273.0,4.1,277,107.0,8.1,202.0
"2025-01-09 08:00:00",2.9,130.0,9.0,0.14,9,273.0,0.22,412,106.0,11.5,263.0,0.1,9,273.0,1.7,254,104.0,7.4,168.0,-2.9,2,273.0,3.2,270,101.0,8.4,229.0
"2025-01-09 08:15:00",5.3,126.0,9.0,0.18,9,276.0,0.26,438,107.0,11.6,248.0,-0.2,9,276.0,1.8,313,109.0,8.6,194.0,-5.3,2,276.0,4.0,306,109.0,8.5,219.0
"2025-01-09 08:30:00",5.3,125.0,9.0,0.26,9,273.0,0.32,454,120.0,11.4,254.0,-0.3,9,273.0,1.6,325,114.0,8.8,202.0,-5.3,2,273.0,4.0,337,119.0,8.9,231.0
"2025-01-09 08:45:00",5.0,120.0,9.0,0.2,9,273.0,0.25,434,110.0,11.7,261.0,-0.7,9,273.0,1.4,290,103.0,8.6,208.0,-5.0,2,273.0,3.6,303,108.0,8.7,226.0
"2025-01-09 09:00:00",4.9,117.0,9.0,0.27,9,273.0,0.34,390,103.0,11.2,258.0,-0.9,9,273.0,1.7,303,101.0,9.1,213.0,-4.8,2,273.0,3.6,289,101.0,8.8,229.0
"2025-01-09 09:15:00",3.4,125.0,9.0,0.18,9,275.0,0.23,375,98.0,11.0,246.0,-0.2,9,275.0,1.5,270,95.0,8.5,202.0,-3.4,2,275.0,3.2,253,90.0,8.6,226.0
"2025-01-09 09:30:00",3.2,122.0,9.0,0.19,9,273.0,0.22,363,96.0,11.2,258.0,-0.3,9,273.0,1.3,245,91.0,8.2,198.0,-3.2,2,273.0,3.1,258,88.0,9.1,239.0
"2025-01-09 09:45:00",3.9,122.0,9.0,0.15,9,273.0,0.27,380,150.0,8.2,179.0,-0.4,9,273.0,1.4,288,143.0,6.1,118.0,-3.8,2,273.0,3.6,286,131.0,6.8,142.0
"2025-01-09 10:00:00",3.5,124.0,9.0,0.09,2,273.0,0.28,369,129.0,8.9,213.0,-0.3,2,273.0,1.6,273,120.0,6.9,153.0,-3.5,2,273.0,3.1,262,111.0,7.2,168.0
"2025-01-09 10:15:00",3.8,130.0,9.0,0.12,2,276.0,0.3,343,121.0,8.6,207.0,0.2,2,276.0,1.7,247,114.0,6.3,120.0,-3.8,2,276.0,3.9,247,105.0,6.9,150.0
"2025-01-09 10:30:00",5.8,131.0,9.0,0.09,2,273.0,0.46,436,132.0,9.8,245.0,0.3,2,273.0,2.1,389,128.0,8.4,180.0,-5.8,2,273.0,4.2,344,122.0,8.2,204.0
"2025-01-09 10:45:00",8.4,127.0,9.0,0.14,2,273.0,0.47,629,160.0,10.8,243.0,-0.2,2,273.0,2.0,656,154.0,10.7,223.0,-8.4,2,273.0,3.9,582,159.0,9.8,211.0
"2025-01-09 11:00:00",7.1,123.0,9.0,0.12,2,273.0,0.39,453,134.0,9.5,225.0,-0.6,2,273.0,1.9,376,129.0,8.0,162.0,-7.1,2,273.0,4.8,395,127.0,8.2,171.0
"2025-01-09 11:15:00",6.7,122.0,9.0,0.1,2,275.0,0.38,443,147.0,8.9,211.0,-0.7,2,275.0,1.5,385,137.0,7.8,156.0,-6.7,2,275.0,4.2,373,134.0,7.6,163.0
"2025-01-09 11:30:00",7.2,125.0,9.0,0.14,2,273.0,0.39,498,156.0,9.4,221.0,-0.4,2,273.0,1.5,478,145.0,8.9,176.0,-7.2,2,273.0,3.6,444,144.0,8.5,190.0
"2025-01-09 11:45:00",8.0,126.0,9.0,0.18,2,273.0,0.48,638,161.0,10.9,241.0,-0.2,2,273.0,2.0,633,150.0,11.1,230.0,-8.0,2,273.0,3.2,589,150.0,10.5,236.0
"2025-01-09 12:00:00",8.3,125.0,9.0,0.29,2,273.0,0.41,737,147.0,13.2,266.0,-0.4,2,273.0,1.6,778,148.0,13.4,266.0,-8.3,2,273.0,1.9,681,143.0,12.5,255.0
"2025-01-09 12:15:00",8.2,125.0,9.0,0.28,2,275.0,0.39,755,153.0,12.8,251.0,-0.4,2,275.0,1.4,803,147.0,13.4,251.0,-8.2,2,275.0,1.8,675,143.0,12.2,248.0
"2025-01-09 12:30:00",7.6,123.0,9.0,0.32,2,273.0,0.44,710,147.0,12.7,259.0,-0.6,2,273.0,1.5,740,142.0,13.0,250.0,-7.6,2,273.0,2.4,694,146.0,12.1,247.0
"2025-01-09 12:45:00",1.8,142.0,9.0,0.24,2,273.0,0.37,351,121.0,8.9,228.0,0.4,2,273.0,1.7,277,111.0,7.3,156.0,-1.8,2,273.0,1.9,271,96.0,8.5,200.0
"2025-01-09 13:00:00",1.6,114.0,9.0,0.1,2,273.0,0.43,432,164.0,9.2,226.0,-0.4,2,273.0,2.8,359,144.0,8.0,179.0,-1.5,2,273.0,2.9,331,132.0,8.5,198.0
"2025-01-09 13:15:00",2.2,137.0,9.0,0.12,2,277.0,0.29,320,116.0,8.5,203.0,0.3,2,277.0,1.2,230,106.0,6.4,125.0,-2.2,2,277.0,2.1,221,95.0,7.0,146.0
"2025-01-09 13:30:00",2.3,137.0,9.0,0.2,2,275.0,0.29,317,117.0,8.4,207.0,0.4,2,275.0,1.2,239,107.0,6.7,137.0,-2.3,2,275.0,1.7,222,96.0,7.0,168.0
"2025-01-09 13:45:00",2.2,149.0,9.0,0.11,2,274.0,0.23,355,113.0,9.7,241.0,0.8,2,274.0,1.3,247,103.0,7.1,150.0,-2.0,2,274.0,1.7,241,92.0,8.0,199.0
"2025-01-09 14:00:00",2.7,139.0,9.0,0.19,2,275.0,0.29,364,113.0,9.9,243.0,0.5,2,275.0,1.1,261,105.0,7.5,159.0,-2.6,2,275.0,1.8,249,90.0,8.4,212.0
"2025-01-09 14:15:00",1.1,153.0,9.0,0.11,2,277.0,0.23,387,109.0,10.5,242.0,0.5,2,277.0,1.6,229,97.0,7.1,157.0,-1.0,2,277.0,1.5,216,77.0,8.5,205.0
"2025-01-09 14:30:00",2.3,122.0,9.0,0.21,2,274.0,0.38,473,168.0,9.7,234.0,-0.2,2,274.0,1.5,341,132.0,8.2,169.0,-2.2,2,274.0,2.0,312,117.0,8.7,210.0
"2025-01-09 14:45:00",1.5,133.0,9.0,0.07,2,275.0,0.23,408,116.0,10.6,252.0,0.1,2,275.0,1.3,216,97.0,6.6,140.0,-1.5,2,275.0,2.0,240,86.0,8.6,221.0
"2025-01-09 15:00:00",4.1,125.0,9.0,0.15,2,275.0,0.3,422,116.0,10.7,248.0,-0.2,2,275.0,1.2,282,100.0,8.3,196.0,-4.1,2,275.0,3.0,292,96.0,8.9,218.0
"2025-01-09 15:15:00",5.4,125.0,9.0,0.17,2,276.0,0.25,432,114.0,10.9,244.0,-0.3,2,276.0,1.1,319,104.0,8.9,201.0,-5.3,2,276.0,2.6,290,99.0,8.6,216.0
"2025-01-09 15:30:00",3.8,130.0,9.0,0.23,2,275.0,0.29,537,128.0,11.9,263.0,0.2,2,275.0,1.1,328,107.0,9.0,206.0,-3.8,2,275.0,2.4,372,107.0,10.2,256.0
"2025-01-09 15:45:00",2.2,139.0,9.0,0.12,2,273.0,0.2,442,119.0,11.0,252.0,0.4,2,273.0,1.0,248,99.0,7.5,163.0,-2.2,2,273.0,2.5,262,97.0,8.2,207.0
"2025-01-09 16:00:00",1.2,157.0,9.0,0.1,2,273.0,0.22,436,155.0,9.4,227.0,0.6,2,273.0,1.8,260,122.0,6.3,122.0,-1.0,2,273.0,2.0,265,119.0,7.0,159.0
"2025-01-09 16:15:00",0.7,148.0,9.0,0.05,9,275.0,0.22,360,110.0,9.8,221.0,0.2,9,275.0,0.9,197,99.0,5.8,94.0,-0.6,9,275.0,1.2,208,85.0,7.4,174.0
"2025-01-09 16:30:00",0.4,113.0,9.0,0.04,9,273.0,0.22,359,108.0,10.0,240.0,-0.1,9,273.0,0.9,184,93.0,5.6,99.0,-0.4,9,273.0,1.0,208,82.0,7.8,179.0
"2025-01-09 16:45:00",0.5,174.0,9.0,0.05,2,273.0,0.21,338,105.0,9.9,243.0,0.4,2,273.0,0.9,187,92.0,6.0,111.0,-0.4,2,273.0,1.0,208,79.0,8.1,195.0
"2025-01-09 17:00:00",0.8,151.0,9.0,0.08,2,273.0,0.21,328,105.0,9.5,233.0,0.3,2,273.0,1.0,186,95.0,5.6,95.0,-0.8,2,273.0,1.3,213,81.0,8.1,200.0
"2025-01-09 17:15:00",1.5,135.0,9.0,0.07,2,275.0,0.22,439,138.0,10.1,222.0,0.2,2,275.0,1.3,260,114.0,7.0,142.0,-1.5,2,275.0,2.2,284,108.0,8.3,181.0
"2025-01-09 17:30:00",0.8,137.0,9.0,0.03,2,273.0,0.19,496,134.0,11.1,246.0,0.1,2,273.0,1.2,292,109.0,7.9,157.0,-0.8,2,273.0,1.6,345,107.0,9.7,217.0
"2025-01-09 17:45:00",1.9,135.0,9.0,0.08,2,273.0,0.27,452,110.0,11.5,253.0,0.2,2,273.0,1.3,301,95.0,9.1,202.0,-1.9,2,273.0,2.2,295,88.0,10.0,246.0
"2025-01-09 18:00:00",3.2,127.0,9.0,0.17,9,273.0,0.28,501,111.0,12.5,263.0,0.0,9,273.0,1.3,394,99.0,11.1,238.0,-3.2,2,273.0,2.4,374,97.0,10.8,253.0
"2025-01-09 18:15:00",5.1,129.0,9.0,0.16,9,275.0,0.34,579,111.0,13.3,248.0,0.1,9,275.0,1.5,473,102.0,12.0,231.0,-5.1,2,275.0,2.8,472,106.0,11.8,247.0
"2025-01-09 18:30:00",5.7,125.0,9.0,0.31,9,273.0,0.45,623,116.0,14.1,272.0,-0.3,9,273.0,1.4,513,97.0,13.7,269.0,-5.7,2,273.0,2.4,555,112.0,13.1,268.0
"2025-01-09 18:45:00",4.4,127.0,9.0,0.2,9,273.0,0.3,536,104.0,13.7,270.0,-0.1,9,273.0,1.1,391,92.0,11.8,248.0,-4.4,2,273.0,3.0,395,106.0,10.9,263.0
"2025-01-09 19:00:00",4.6,132.0,9.0,0.23,9,273.0,0.32,495,105.0,13.0,267.0,0.3,9,273.0,1.3,404,91.0,11.8,248.0,-4.6,2,273.0,3.0,386,97.0,11.3,260.0
"2025-01-09 19:15:00",6.8,125.0,9.0,0.71,9,275.0,0.59,566,167.0,10.4,220.0,-0.3,9,275.0,2.0,467,134.0,10.2,203.0,-6.8,2,275.0,2.3,479,133.0,10.7,224.0
"2025-01-09 19:30:00",5.9,130.0,9.0,0.64,9,273.0,0.58,597,127.0,13.1,272.0,0.2,9,273.0,1.8,587,109.0,13.9,269.0,-5.9,2,273.0,2.4,576,115.0,13.6,273.0
"2025-01-09 19:45:00",4.1,142.0,9.0,0.46,9,273.0,0.47,527,114.0,13.0,271.0,1.0,9,273.0,2.1,511,107.0,13.1,268.0,-3.9,2,273.0,2.1,512,100.0,13.7,271.0
"2025-01-09 20:00:00",4.8,129.0,9.0,0.7,9,273.0,0.65,492,120.0,12.0,268.0,0.0,9,273.0,2.0,477,101.0,12.9,267.0,-4.8,2,273.0,1.9,430,90.0,13.2,269.0
"2025-01-09 20:15:00",4.4,129.0,9.0,0.31,9,275.0,0.42,406,96.0,11.9,251.0,0.0,9,275.0,2.2,395,93.0,11.6,241.0,-4.4,2,275.0,2.6,333,84.0,11.3,255.0
"2025-01-09 20:30:00",4.8,137.0,9.0,0.37,9,273.0,0.67,508,117.0,12.4,273.0,0.8,9,273.0,2.9,503,114.0,12.4,268.0,-4.7,2,273.0,3.3,440,106.0,11.9,270.0
"2025-01-09 20:45:00",5.3,128.0,9.0,0.21,9,273.0,0.54,499,113.0,12.4,267.0,0.0,9,273.0,2.5,517,120.0,11.7,258.0,-5.3,2,273.0,3.5,451,109.0,11.7,268.0
"2025-01-09 21:00:00",6.3,123.0,9.0,0.36,9,273.0,0.55,577,136.0,12.5,262.0,-0.5,9,273.0,2.4,603,137.0,12.2,255.0,-6.3,2,273.0,3.1,547,134.0,11.9,265.0
"2025-01-09 21:15:00",5.1,122.0,9.0,0.27,9,274.0,0.54,524,120.0,11.9,253.0,-0.5,9,274.0,2.2,573,125.0,11.7,238.0,-5.1,2,274.0,3.1,490,119.0,11.4,252.0
"2025-01-09 21:30:00",4.1,137.0,9.0,-0.01,9,273.0,0.51,450,106.0,12.0,269.0,0.6,9,273.0,2.8,418,104.0,11.2,257.0,-4.1,2,273.0,3.5,420,106.0,11.3,264.0
"2025-01-09 21:45:00",5.1,125.0,9.0,0.16,9,273.0,0.74,595,139.0,12.1,269.0,-0.3,9,273.0,3.0,581,138.0,11.7,262.0,-5.1,2,273.0,3.7,576,139.0,12.0,270.0
"2025-01-09 22:00:00",8.0,126.0,9.0,0.68,9,273.0,0.6,774,157.0,13.4,272.0,-0.3,9,273.0,2.4,824,160.0,13.7,264.0,-8.0,2,273.0,2.9,782,163.0,13.3,269.0
"2025-01-09 22:15:00",5.6,135.0,9.0,0.4,9,275.0,0.77,600,136.0,11.9,250.0,0.6,9,275.0,2.7,636,136.0,12.1,252.0,-5.5,2,275.0,3.8,589,133.0,11.6,252.0
"2025-01-09 22:30:00",7.4,124.0,9.0,0.92,9,273.0,0.94,726,171.0,11.8,260.0,-0.6,9,273.0,3.0,665,151.0,11.4,236.0,-7.4,2,273.0,3.9,707,154.0,12.3,265.0
"2025-01-09 22:45:00",7.7,131.0,9.0,1.31,2,273.0,1.02,683,175.0,11.1,252.0,0.4,2,273.0,3.1,546,137.0,10.8,231.0,-7.6,2,273.0,3.5,608,153.0,11.4,256.0
"2025-01-09 23:00:00",7.8,128.0,9.0,1.29,9,273.0,0.9,707,170.0,11.8,267.0,0.1,9,273.0,2.7,605,138.0,11.3,242.0,-7.8,2,273.0,3.2,700,146.0,12.8,266.0
"2025-01-09 23:15:00",5.4,130.0,9.0,0.88,9,275.0,0.87,605,151.0,11.2,252.0,0.2,9,275.0,3.0,580,138.0,11.0,244.0,-5.4,2,275.0,3.8,604,144.0,11.5,252.0
"2025-01-09 23:30:00",3.7,130.0,9.0,0.43,9,273.0,0.82,533,133.0,11.6,271.0,0.1,9,273.0,2.8,525,134.0,11.1,261.0,-3.7,2,273.0,3.9,500,125.0,11.4,270.0
"2025-01-09 23:45:00",3.7,131.0,9.0,0.31,9,273.0,0.7,454,122.0,11.1,266.0,0.2,9,273.0,3.5,412,121.0,9.9,238.0,-3.7,2,273.0,4.0,439,114.0,11.2,268.0
"2025-01-10 00:00:00",6.4,132.0,9.0,0.85,9,273.0,0.79,676,164.0,11.7,264.0,0.5,9,273.0,2.8,681,158.0,12.0,260.0,-6.4,2,273.0,3.4,635,150.0,12.0,270.0
"2025-01-10 00:15:00",3.6,120.0,9.0,-0.14,9,274.0,0.8,500,128.0,10.9,244.0,-0.5,9,274.0,4.0,482,127.0,10.6,236.0,-3.6,2,274.0,4.1,472,115.0,11.0,250.0
"2025-01-10 00:30:00",4.8,123.0,9.0,0.04,9,273.0,0.45,455,113.0,11.2,248.0,-0.4,9,273.0,2.0,458,96.0,12.2,252.0,-4.8,2,273.0,3.0,394,93.0,11.3,255.0
"2025-01-10 00:45:00",3.0,123.0,9.0,0.16,9,273.0,0.27,360,109.0,10.3,240.0,-0.3,9,273.0,1.3,314,92.0,10.0,216.0,-3.0,2,273.0,1.8,303,81.0,11.0,251.0
"2025-01-10 01:00:00",2.5,128.0,9.0,0.06,9,273.0,0.26,405,95.0,12.1,267.0,0.0,9,273.0,1.2,332,87.0,10.8,245.0,-2.5,2,273.0,1.5,360,78.0,12.6,265.0
"2025-01-10 01:15:00",2.5,140.0,9.0,0.07,9,275.0,0.21,383,102.0,10.9,242.0,0.5,9,275.0,1.1,326,89.0,10.4,226.0,-2.5,2,275.0,1.6,310,82.0,11.0,248.0
"2025-01-10 01:30:00",2.3,124.0,9.0,0.04,9,273.0,0.22,392,103.0,11.3,262.0,-0.2,9,273.0,1.1,290,86.0,9.9,222.0,-2.3,9,273.0,1.7,274,81.0,10.3,249.0
"2025-01-10 01:45:00",3.0,124.0,9.0,0.07,9,272.0,0.2,427,109.0,11.4,260.0,-0.2,9,272.0,1.1,339,92.0,10.6,235.0,-3.0,2,272.0,2.2,342,91.0,11.0,260.0
"2025-01-10 02:00:00",1.0,102.0,9.0,0.06,9,273.0,0.17,313,103.0,9.4,231.0,-0.4,9,273.0,0.9,215,89.0,7.3,162.0,-0.9,9,273.0,1.8,238,82.0,9.0,222.0
"2025-01-10 02:15:00",2.6,119.0,9.0,0.12,9,274.0,0.23,363,103.0,10.2,228.0,-0.4,9,274.0,1.2,284,89.0,8.9,193.0,-2.6,9,274.0,2.4,288,89.0,9.3,224.0
"2025-01-10 02:30:00",4.3,115.0,9.0,0.14,9,273.0,0.25,408,119.0,10.5,244.0,-1.0,9,273.0,1.2,338,105.0,9.6,221.0,-4.2,2,273.0,2.6,359,109.0,10.2,249.0
"2025-01-10 02:45:00",4.0,124.0,9.0,0.06,9,273.0,0.27,398,111.0,10.6,244.0,-0.3,9,273.0,1.3,364,99.0,10.6,233.0,-4.0,2,273.0,2.0,361,95.0,11.0,253.0
"2025-01-10 03:00:00",2.7,125.0,9.0,0.04,9,272.0,0.3,418,102.0,11.8,260.0,-0.1,9,272.0,1.1,406,91.0,12.0,251.0,-2.7,9,272.0,1.6,353,83.0,11.9,262.0
"2025-01-10 03:15:00",2.4,125.0,9.0,-0.01,9,275.0,0.23,369,92.0,11.3,240.0,-0.1,9,275.0,1.3,323,84.0,10.4,228.0,-2.4,2,275.0,1.5,280,72.0,11.0,234.0
"2025-01-10 03:30:00",2.3,120.0,9.0,0.0,9,274.0,0.18,356,96.0,11.0,254.0,-0.3,9,274.0,1.0,239,86.0,8.4,201.0,-2.3,9,274.0,1.8,244,77.0,9.6,230.0
"2025-01-10 03:45:00",1.1,139.0,9.0,0.06,9,273.0,0.21,319,99.0,9.7,230.0,0.2,9,273.0,1.2,248,90.0,8.2,187.0,-1.1,9,273.0,1.2,229,72.0,9.6,217.0
"2025-01-10 04:00:00",1.0,54.0,9.0,0.03,9,273.0,0.22,288,103.0,8.6,206.0,-1.0,9,273.0,1.2,209,93.0,6.7,126.0,-0.3,9,273.0,1.1,205,77.0,8.2,205.0
"2025-01-10 04:15:00",0.8,57.0,9.0,0.02,9,275.0,0.21,320,137.0,7.3,149.0,-0.7,9,275.0,2.2,226,113.0,5.6,83.0,-0.3,9,275.0,0.9,241,105.0,7.0,150.0
"2025-01-10 04:30:00",0.8,92.0,9.0,0.02,9,274.0,0.19,359,149.0,7.6,168.0,-0.4,9,274.0,1.3,224,127.0,4.8,47.0,-0.6,9,274.0,1.1,240,120.0,5.9,95.0
"2025-01-10 04:45:00",0.9,148.0,9.0,-0.01,9,272.0,0.18,345,123.0,8.9,210.0,0.3,9,272.0,1.0,246,110.0,6.9,135.0,-0.8,9,272.0,1.4,248,105.0,7.4,164.0
"2025-01-10 05:00:00",0.8,122.0,9.0,0.01,9,273.0,0.19,316,97.0,10.0,239.0,-0.1,9,273.0,0.8,215,83.0,7.9,185.0,-0.8,9,273.0,1.3,223,78.0,8.9,214.0
"2025-01-10 05:15:00",3.9,124.0,9.0,0.02,9,275.0,0.28,397,163.0,7.6,160.0,-0.3,9,275.0,1.2,349,160.0,6.6,119.0,-3.9,2,275.0,2.1,368,177.0,6.3,114.0
"2025-01-10 05:30:00",3.4,132.0,0.0,-0.05,9,272.0,0.31,558,318.0,5.1,61.0,0.3,9,272.0,1.4,532,324.0,4.5,31.0,-3.4,2,272.0,3.0,588,366.0,4.2,24.0
"2025-01-10 05:45:00",2.3,123.0,0.0,0.02,9,273.0,0.32,493,267.0,5.3,77.0,-0.2,9,273.0,1.5,465,266.0,4.8,45.0,-2.3,9,273.0,2.0,519,315.0,4.3,21.0
"2025-01-10 06:00:00",2.6,145.0,0.0,-0.05,9,272.0,0.28,486,264.0,5.4,73.0,0.7,9,272.0,1.3,467,261.0,5.0,53.0,-2.5,9,272.0,1.8,514,312.0,4.4,30.0
"2025-01-10 06:15:00",8.3,179.0,0.0,-0.28,2,274.0,2.48,862,542.0,3.9,6.0,6.4,2,274.0,4.8,854,531.0,4.0,15.0,-5.3,2,274.0,1.3,933,595.0,3.9,3.0
"2025-01-10 06:30:00",-99.9,999.0,0.0,-0.13,2,273.0,0.27,670,418.0,4.0,9.0,-1.0,2,273.0,2.7,616,405.0,3.6,5.0,-99.9,2,273.0,99.9,740,479.0,3.7,0.0
"2025-01-10 06:45:00",5.2,287.0,0.0,-0.08,2,272.0,0.9,579,354.0,4.3,18.0,1.9,2,272.0,4.4,550,351.0,3.9,6.0,4.9,2,272.0,4.3,627,405.0,3.7,2.0
"2025-01-10 07:00:00",5.1,27.0,0.0,-0.09,9,273.0,0.1,836,530.0,3.9,3.0,-5.0,2,273.0,6.1,759,492.0,3.7,2.0,1.0,9,273.0,2.5,881,571.0,3.7,6.0
"2025-01-10 07:15:00",1.6,14.0,0.0,-0.49,2,274.0,0.79,826,506.0,4.2,16.0,-1.4,2,274.0,2.1,766,475.0,4.0,19.0,0.6,2,274.0,4.7,846,536.0,3.9,11.0
"2025-01-10 07:30:00",8.1,66.0,0.0,-1.01,2,273.0,1.26,931,581.0,4.0,6.0,-7.1,2,273.0,4.4,816,532.0,3.7,2.0,-3.8,2,273.0,5.6,1018,639.0,3.9,6.0
"2025-01-10 07:45:00",0.9,141.0,9.0,-0.01,9,272.0,0.24,426,217.0,6.7,137.0,0.2,9,272.0,0.9,357,198.0,5.7,87.0,-0.8,9,272.0,1.2,386,205.0,6.8,122.0
"2025-01-10 08:00:00",0.8,112.0,9.0,-0.01,9,272.0,0.22,336,99.0,10.3,235.0,-0.2,9,272.0,1.0,220,87.0,7.8,185.0,-0.8,9,272.0,1.3,264,77.0,10.4,238.0
"2025-01-10 08:15:00",0.9,111.0,9.0,-0.04,9,275.0,0.22,317,91.0,10.3,239.0,-0.3,9,275.0,1.0,260,86.0,9.1,221.0,-0.9,9,275.0,1.1,241,68.0,10.5,242.0
"2025-01-10 08:30:00",1.1,101.0,9.0,0.04,9,272.0,0.23,311,92.0,10.3,252.0,-0.5,9,272.0,1.0,218,84.0,7.9,181.0,-1.0,9,272.0,1.0,230,67.0,10.5,258.0
"2025-01-10 08:45:00",0.6,130.0,9.0,-0.02,9,272.0,0.22,309,92.0,10.2,250.0,0.0,9,272.0,0.7,211,84.0,7.8,180.0,-0.6,9,272.0,1.0,233,65.0,10.9,253.0
"2025-01-10 09:00:00",0.3,134.0,9.0,-0.04,9,273.0,0.22,289,94.0,9.4,233.0,0.0,9,273.0,0.8,196,82.0,7.3,171.0,-0.3,9,273.0,0.9,238,67.0,10.8,245.0
"2025-01-10 09:15:00",1.4,110.0,9.0,-0.01,9,274.0,0.26,347,124.0,9.2,188.0,-0.4,9,274.0,1.0,270,111.0,7.9,158.0,-1.3,9,274.0,1.6,259,94.0,8.9,185.0
"2025-01-10 09:30:00",0.8,105.0,9.0,0.01,9,272.0,0.23,312,100.0,9.8,223.0,-0.3,9,272.0,0.9,224,87.0,8.0,158.0,-0.7,9,272.0,1.0,254,77.0,10.3,225.0
"2025-01-10 09:45:00",0.6,96.0,9.0,-0.01,9,273.0,0.2,315,120.0,8.5,186.0,-0.3,9,273.0,1.1,225,98.0,7.1,125.0,-0.5,9,273.0,1.1,258,95.0,8.7,182.0
"2025-01-10 10:00:00",1.8,143.0,9.0,0.1,2,272.0,0.69,1015,181.0,13.7,260.0,0.4,2,272.0,2.3,1015,183.0,13.2,247.0,-1.7,2,272.0,2.3,792,146.0,13.5,264.0
"2025-01-10 10:15:00",0.6,64.0,9.0,0.01,2,274.0,0.43,815,141.0,14.2,254.0,-0.5,2,274.0,1.7,959,151.0,14.7,253.0,-0.3,2,274.0,1.7,752,119.0,14.9,254.0
"2025-01-10 10:30:00",1.2,72.0,9.0,0.16,2,272.0,0.54,842,162.0,12.9,246.0,-1.0,2,272.0,1.7,809,143.0,13.3,243.0,-0.7,2,272.0,1.3,659,124.0,12.9,240.0
"2025-01-10 10:45:00",1.1,36.0,9.0,0.06,2,273.0,0.44,713,177.0,12.0,243.0,-1.1,2,273.0,1.6,692,157.0,12.5,245.0,0.0,2,273.0,1.5,686,134.0,13.8,262.0
"2025-01-10 11:00:00",2.9,283.0,9.0,-0.11,2,273.0,0.97,1018,223.0,12.3,262.0,1.2,2,273.0,4.5,1100,222.0,12.8,255.0,2.6,2,273.0,4.2,904,192.0,12.4,259.0
"2025-01-10 11:15:00",2.5,300.0,9.0,0.0,2,276.0,0.41,465,129.0,10.6,241.0,0.4,2,276.0,2.8,365,113.0,9.4,226.0,2.5,2,276.0,3.3,329,106.0,9.4,226.0
"2025-01-10 11:30:00",2.6,308.0,9.0,0.0,2,273.0,0.47,492,135.0,11.0,260.0,0.0,2,273.0,2.3,419,118.0,10.4,242.0,2.6,2,273.0,3.1,372,108.0,10.4,262.0
"2025-01-10 11:45:00",2.1,274.0,9.0,-0.04,2,273.0,0.34,474,123.0,11.4,253.0,1.2,2,273.0,2.2,336,101.0,9.7,230.0,1.7,2,273.0,2.4,324,88.0,10.9,257.0
"2025-01-10 12:00:00",3.5,300.0,9.0,0.08,2,273.0,0.5,530,199.0,8.5,189.0,0.5,2,273.0,3.0,461,177.0,8.0,170.0,3.5,2,273.0,4.1,415,181.0,7.3,146.0
"2025-01-10 12:15:00",2.7,300.0,9.0,0.0,2,275.0,0.32,478,173.0,8.9,206.0,0.4,2,275.0,2.2,438,150.0,8.9,199.0,2.7,2,275.0,3.5,375,138.0,8.4,211.0
"2025-01-10 12:30:00",1.5,276.0,9.0,-0.06,2,273.0,0.31,392,109.0,10.9,249.0,0.8,2,273.0,2.0,275,93.0,9.1,220.0,1.3,2,273.0,2.3,262,80.0,10.2,238.0
"2025-01-10 12:45:00",0.9,281.0,9.0,0.0,2,273.0,0.25,397,142.0,9.0,208.0,0.4,2,273.0,2.5,282,125.0,7.2,154.0,0.8,2,273.0,1.8,288,119.0,7.9,178.0
"2025-01-10 13:00:00",1.7,307.0,9.0,-0.05,2,273.0,0.28,397,129.0,9.6,228.0,0.0,2,273.0,2.6,279,109.0,8.0,195.0,1.7,2,273.0,2.8,268,99.0,8.6,217.0
"2025-01-10 13:15:00",1.6,301.0,9.0,0.02,2,275.0,0.37,393,131.0,9.3,220.0,0.2,2,275.0,3.1,275,110.0,7.6,182.0,1.6,2,275.0,3.0,261,97.0,8.3,197.0
"2025-01-10 13:30:00",1.7,280.0,9.0,-0.06,2,273.0,0.33,392,126.0,9.7,232.0,0.8,2,273.0,2.4,284,110.0,8.1,201.0,1.5,2,273.0,2.4,273,100.0,8.7,212.0
"2025-01-10 13:45:00",2.2,298.0,9.0,-0.04,2,273.0,0.32,440,169.0,8.7,199.0,0.4,2,273.0,2.6,334,154.0,7.0,154.0,2.1,2,273.0,3.7,319,143.0,7.5,175.0
