"2025-01-07 00:00:00",9.2,120.0,9.0,0.13,9,273.0,0.33,428,107.0,11.6,261.0,-1.2,9,273.0,1.6,358,107.0,9.7,221.0,-9.1,2,273.0,4.5,355,119.0,8.9,218.0
"2025-01-07 00:15:00",8.1,123.0,9.0,0.1,9,276.0,0.37,438,110.0,11.3,247.0,-0.6,9,276.0,1.7,373,109.0,9.7,223.0,-8.1,2,276.0,4.1,367,117.0,9.1,229.0
"2025-01-07 00:30:00",9.5,125.0,9.0,0.19,9,273.0,0.39,467,121.0,11.2,262.0,-0.5,9,273.0,1.7,458,118.0,11.0,254.0,-9.5,2,273.0,3.5,415,128.0,9.5,232.0
"2025-01-07 00:45:00",9.5,122.0,9.0,0.03,9,273.0,0.36,428,114.0,11.3,260.0,-1.0,9,273.0,1.6,382,112.0,10.0,228.0,-9.5,2,273.0,4.4,368,120.0,9.1,225.0
"2025-01-07 01:00:00",8.3,125.0,9.0,0.13,9,274.0,0.34,409,108.0,11.2,255.0,-0.4,9,274.0,1.4,376,107.0,10.3,231.0,-8.3,2,274.0,4.4,336,115.0,8.8,222.0
"2025-01-07 01:15:00",8.5,129.0,9.0,0.12,9,275.0,0.32,405,104.0,11.1,245.0,0.2,9,275.0,1.5,355,102.0,9.9,226.0,-8.5,2,275.0,3.9,335,112.0,8.7,208.0
"2025-01-07 01:30:00",9.0,131.0,9.0,0.23,9,274.0,0.4,487,113.0,12.2,264.0,0.5,9,274.0,1.7,441,110.0,11.2,249.0,-8.9,2,274.0,3.3,432,122.0,10.1,243.0
"2025-01-07 01:45:00",7.7,131.0,9.0,0.18,9,273.0,0.33,412,107.0,11.2,256.0,0.4,9,273.0,1.4,366,102.0,10.4,232.0,-7.7,2,273.0,4.0,362,113.0,9.3,228.0
"2025-01-07 02:00:00",6.9,126.0,9.0,0.23,9,274.0,0.34,395,102.0,11.3,259.0,-0.2,9,274.0,1.4,331,101.0,9.4,213.0,-6.9,2,274.0,3.9,329,106.0,9.3,234.0
"2025-01-07 02:15:00",8.1,128.0,9.0,0.19,9,274.0,0.35,406,116.0,10.2,231.0,0.0,9,274.0,1.5,361,116.0,9.0,201.0,-8.1,2,274.0,3.2,347,109.0,9.1,205.0
"2025-01-07 02:30:00",8.0,134.0,9.0,0.21,9,273.0,0.35,456,121.0,11.3,252.0,0.8,9,273.0,1.5,416,115.0,10.8,245.0,-8.0,2,273.0,3.0,383,121.0,9.5,232.0
"2025-01-07 02:45:00",9.2,136.0,9.0,0.16,9,273.0,0.38,517,124.0,11.8,261.0,1.2,9,273.0,1.7,455,118.0,11.0,253.0,-9.1,2,273.0,3.0,445,131.0,9.8,234.0
"2025-01-07 03:00:00",9.6,134.0,9.0,0.14,9,272.0,0.43,533,125.0,12.0,268.0,1.0,9,272.0,1.6,465,118.0,11.2,244.0,-9.6,2,272.0,3.1,463,135.0,10.1,235.0
"2025-01-07 03:15:00",9.9,131.0,9.0,0.04,9,275.0,0.42,523,126.0,11.5,250.0,0.6,9,275.0,1.8,463,120.0,10.7,237.0,-9.8,2,275.0,2.0,517,133.0,10.5,223.0
"2025-01-07 03:30:00",7.9,130.0,9.0,0.11,9,273.0,0.34,489,114.0,12.0,261.0,0.3,9,273.0,1.6,455,113.0,11.3,249.0,-7.9,2,273.0,3.6,422,121.0,9.9,241.0
"2025-01-07 03:45:00",8.0,139.0,9.0,0.08,9,272.0,0.38,447,115.0,11.1,256.0,1.6,9,272.0,2.3,391,113.0,9.7,223.0,-7.8,2,272.0,3.7,374,119.0,9.1,215.0
"2025-01-07 04:00:00",8.2,153.0,9.0,0.15,9,273.0,0.45,453,128.0,10.3,240.0,3.4,2,273.0,2.1,422,126.0,9.7,226.0,-7.4,2,273.0,3.7,396,127.0,8.9,202.0
"2025-01-07 04:15:00",7.6,151.0,9.0,0.2,9,274.0,0.49,458,131.0,10.2,234.0,3.0,2,274.0,2.4,438,130.0,9.5,213.0,-7.0,2,274.0,3.3,395,120.0,9.4,223.0
"2025-01-07 04:30:00",8.4,144.0,9.0,0.22,9,273.0,0.37,520,128.0,11.6,256.0,2.3,9,273.0,1.6,509,130.0,10.9,249.0,-8.1,2,273.0,2.9,477,127.0,10.7,247.0
"2025-01-07 04:45:00",8.3,148.0,9.0,0.19,9,273.0,0.42,499,122.0,11.6,255.0,2.8,2,273.0,1.8,521,127.0,11.4,247.0,-7.8,2,273.0,2.7,486,121.0,11.2,254.0
"2025-01-07 05:00:00",7.1,149.0,9.0,0.19,9,273.0,0.36,460,121.0,11.1,254.0,2.5,2,273.0,1.8,414,119.0,10.2,240.0,-6.6,2,273.0,2.7,411,108.0,10.8,251.0
"2025-01-07 05:15:00",7.1,157.0,9.0,0.12,9,274.0,0.37,379,114.0,9.7,230.0,3.4,2,274.0,2.1,335,108.0,8.8,205.0,-6.2,2,274.0,3.7,318,101.0,9.1,226.0
"2025-01-07 05:30:00",8.0,150.0,9.0,0.23,9,273.0,0.44,500,128.0,11.2,259.0,3.0,2,273.0,2.1,456,120.0,10.7,243.0,-7.4,2,273.0,2.7,451,114.0,11.1,253.0
"2025-01-07 05:45:00",7.4,148.0,9.0,0.17,9,272.0,0.5,455,121.0,11.0,258.0,2.5,9,272.0,2.2,431,116.0,10.5,237.0,-7.0,2,272.0,3.3,402,107.0,10.7,253.0
"2025-01-07 06:00:00",7.1,144.0,9.0,0.15,9,273.0,0.41,392,108.0,10.8,252.0,2.0,9,273.0,1.9,381,105.0,10.4,243.0,-6.9,2,273.0,3.3,345,99.0,10.2,254.0
"2025-01-07 06:15:00",6.9,144.0,9.0,0.3,9,274.0,0.58,499,148.0,9.7,220.0,2.0,9,274.0,2.2,478,130.0,9.8,203.0,-6.6,2,274.0,2.8,472,126.0,10.1,220.0
"2025-01-07 06:30:00",6.0,144.0,9.0,0.13,9,273.0,0.48,639,137.0,12.6,263.0,1.6,9,273.0,1.7,631,129.0,12.8,262.0,-5.8,2,273.0,2.3,638,126.0,13.1,267.0
"2025-01-07 06:45:00",5.4,146.0,9.0,-0.07,9,272.0,0.49,783,142.0,14.1,270.0,1.7,9,272.0,1.9,830,140.0,14.5,266.0,-5.1,2,272.0,2.2,817,136.0,14.6,269.0
"2025-01-07 07:00:00",5.7,144.0,9.0,0.15,9,273.0,0.43,659,127.0,13.3,265.0,1.6,9,273.0,1.7,669,128.0,13.3,255.0,-5.5,2,273.0,2.1,694,121.0,14.0,266.0
"2025-01-07 07:15:00",5.2,138.0,9.0,0.13,9,274.0,0.35,481,110.0,11.5,229.0,0.9,9,274.0,1.3,484,110.0,11.1,206.0,-5.1,2,274.0,2.3,437,96.0,11.4,225.0
"2025-01-07 07:30:00",5.9,147.0,9.0,0.26,9,272.0,0.36,586,120.0,13.0,258.0,2.0,9,272.0,1.5,591,121.0,12.7,247.0,-5.6,2,272.0,1.9,588,114.0,13.3,255.0
"2025-01-07 07:45:00",5.4,150.0,9.0,0.3,9,273.0,0.41,471,118.0,10.9,238.0,2.0,9,273.0,1.8,459,115.0,10.5,207.0,-5.0,2,273.0,2.7,404,104.0,10.6,228.0
"2025-01-07 08:00:00",4.6,146.0,9.0,0.08,9,272.0,0.38,442,153.0,9.7,205.0,1.4,9,272.0,1.5,382,129.0,8.5,162.0,-4.4,2,272.0,3.4,348,128.0,8.3,169.0
"2025-01-07 08:15:00",4.4,145.0,9.0,0.17,9,275.0,0.34,388,104.0,10.2,227.0,1.3,9,275.0,1.4,333,99.0,9.1,184.0,-4.2,2,275.0,2.7,310,87.0,9.5,201.0
"2025-01-07 08:30:00",5.2,141.0,9.0,0.19,9,271.0,0.38,538,120.0,12.1,253.0,1.2,9,271.0,1.5,518,114.0,11.7,228.0,-5.0,2,271.0,1.8,517,102.0,12.7,257.0
"2025-01-07 08:45:00",4.8,160.0,9.0,0.01,9,271.0,0.31,511,101.0,13.2,261.0,2.5,2,271.0,1.3,466,105.0,12.2,256.0,-4.0,2,271.0,1.8,472,92.0,13.3,266.0
"2025-01-07 09:00:00",5.8,163.0,9.0,0.04,9,272.0,0.32,362,93.0,11.4,247.0,3.3,2,272.0,1.9,339,97.0,10.1,210.0,-4.8,2,272.0,2.8,304,85.0,10.4,235.0
"2025-01-07 09:15:00",5.5,143.0,9.0,0.26,9,275.0,0.42,489,120.0,11.0,242.0,1.4,9,275.0,1.7,501,117.0,11.0,233.0,-5.3,2,275.0,2.3,460,107.0,11.0,235.0
"2025-01-07 09:30:00",7.3,135.0,9.0,0.36,9,272.0,0.53,734,150.0,12.9,258.0,0.9,9,272.0,1.9,713,139.0,13.1,260.0,-7.3,2,272.0,2.4,742,143.0,13.3,262.0
"2025-01-07 09:45:00",7.8,147.0,9.0,0.32,9,272.0,0.7,585,190.0,9.1,208.0,2.5,9,272.0,3.2,506,158.0,9.3,200.0,-7.3,2,272.0,3.7,550,160.0,9.9,205.0
"2025-01-07 10:00:00",6.9,145.0,9.0,0.29,2,273.0,0.59,535,127.0,11.7,253.0,2.0,2,273.0,2.2,525,121.0,11.6,243.0,-6.6,2,273.0,2.9,487,116.0,11.4,252.0
"2025-01-07 10:15:00",6.7,152.0,9.0,0.19,2,275.0,0.49,403,117.0,9.8,225.0,2.7,2,275.0,2.4,412,115.0,9.8,210.0,-6.2,2,275.0,3.2,358,105.0,9.3,202.0
"2025-01-07 10:30:00",7.0,149.0,9.0,0.14,2,272.0,0.47,358,104.0,10.2,247.0,2.4,2,272.0,2.3,320,97.0,9.3,212.0,-6.5,2,272.0,3.8,295,92.0,9.3,215.0
"2025-01-07 10:45:00",8.1,146.0,9.0,0.07,2,272.0,0.4,410,102.0,11.2,249.0,2.4,2,272.0,2.1,346,96.0,10.2,231.0,-7.7,2,272.0,3.7,342,97.0,9.8,222.0
"2025-01-07 11:00:00",6.8,141.0,9.0,0.07,2,274.0,0.33,338,94.0,10.6,252.0,1.5,2,274.0,1.6,280,89.0,9.2,212.0,-6.7,2,274.0,3.7,266,89.0,8.8,208.0
"2025-01-07 11:15:00",6.4,145.0,9.0,0.07,2,275.0,0.33,293,94.0,9.2,223.0,1.9,2,275.0,1.8,263,91.0,8.0,165.0,-6.2,2,275.0,4.5,232,88.0,7.7,180.0
"2025-01-07 11:30:00",5.6,147.0,9.0,0.16,2,273.0,0.32,364,127.0,9.4,211.0,1.8,2,273.0,2.1,305,108.0,8.5,164.0,-5.3,2,273.0,4.1,307,109.0,8.5,190.0
"2025-01-07 11:45:00",2.0,147.0,9.0,0.03,2,273.0,0.22,237,84.0,8.8,226.0,0.6,2,273.0,1.3,151,78.0,5.6,92.0,-1.9,2,273.0,3.7,164,70.0,7.1,164.0
"2025-01-07 12:00:00",2.1,157.0,9.0,0.01,2,274.0,0.24,240,82.0,9.1,221.0,1.0,2,274.0,1.2,162,79.0,6.0,103.0,-1.8,2,274.0,3.6,158,72.0,6.7,141.0
"2025-01-07 12:15:00",3.5,139.0,9.0,-0.02,2,275.0,0.2,241,80.0,9.0,204.0,0.7,2,275.0,1.2,172,77.0,6.5,128.0,-3.5,2,275.0,4.8,163,71.0,6.8,153.0
"2025-01-07 12:30:00",3.9,141.0,9.0,0.03,2,273.0,0.26,250,81.0,9.4,237.0,0.9,2,273.0,1.4,189,76.0,7.4,162.0,-3.8,2,273.0,4.5,169,71.0,7.2,175.0
"2025-01-07 12:45:00",5.2,132.0,9.0,0.09,2,274.0,0.33,294,91.0,9.7,239.0,0.3,2,274.0,1.8,237,86.0,8.1,184.0,-5.2,2,274.0,4.1,225,83.0,8.1,197.0
"2025-01-07 13:00:00",4.5,133.0,9.0,0.03,2,273.0,0.34,275,93.0,9.4,226.0,0.4,2,273.0,1.6,217,82.0,7.8,174.0,-4.5,2,273.0,3.8,206,81.0,7.9,187.0
"2025-01-07 13:15:00",4.6,117.0,9.0,0.14,2,275.0,0.48,337,148.0,7.6,167.0,-0.9,2,275.0,2.4,283,122.0,7.2,142.0,-4.5,2,275.0,5.1,287,125.0,7.3,159.0
"2025-01-07 13:30:00",4.1,115.0,9.0,0.13,2,273.0,0.29,291,97.0,9.2,216.0,-0.9,2,273.0,1.5,221,88.0,7.3,148.0,-4.0,2,273.0,3.0,218,82.0,7.8,180.0
"2025-01-07 13:45:00",4.3,121.0,9.0,0.3,2,274.0,0.39,330,99.0,10.1,242.0,-0.5,2,274.0,1.3,271,93.0,8.7,207.0,-4.3,2,274.0,2.2,261,87.0,9.2,224.0
"2025-01-07 14:00:00",5.8,120.0,9.0,0.11,2,273.0,0.38,329,94.0,10.4,251.0,-0.8,2,273.0,1.6,275,94.0,8.6,194.0,-5.7,2,273.0,3.9,240,86.0,8.3,195.0
"2025-01-07 14:15:00",3.7,133.0,9.0,0.06,2,275.0,0.25,270,86.0,9.5,218.0,0.3,2,275.0,1.4,216,87.0,7.4,157.0,-3.7,2,275.0,3.3,192,73.0,8.0,195.0
"2025-01-07 14:30:00",5.6,130.0,9.0,0.48,2,273.0,0.53,390,109.0,10.5,260.0,0.2,2,273.0,2.0,325,101.0,9.2,209.0,-5.5,2,273.0,2.5,320,90.0,10.1,237.0
"2025-01-07 14:45:00",4.2,123.0,9.0,0.16,2,273.0,0.27,282,95.0,9.1,218.0,-0.4,2,273.0,1.5,201,91.0,6.4,120.0,-4.2,2,273.0,3.5,197,80.0,7.4,174.0
"2025-01-07 15:00:00",7.2,124.0,9.0,0.18,2,273.0,0.44,334,117.0,9.1,222.0,-0.5,2,273.0,2.0,272,108.0,7.6,165.0,-7.1,2,273.0,5.0,271,105.0,7.9,187.0
"2025-01-07 15:15:00",7.8,129.0,9.0,0.15,2,276.0,0.38,354,121.0,9.1,143.0,0.2,2,276.0,1.9,258,105.0,7.1,75.0,-7.8,2,276.0,4.1,262,100.0,7.7,84.0
"2025-01-07 15:30:00",4.9,137.0,9.0,0.22,2,273.0,0.37,305,95.0,9.7,156.0,0.7,2,273.0,2.3,233,91.0,7.4,83.0,-4.9,2,273.0,3.7,221,81.0,8.2,105.0
"2025-01-07 15:45:00",4.4,123.0,9.0,0.09,2,273.0,0.26,313,94.0,10.3,186.0,-0.4,2,273.0,2.4,205,88.0,6.9,71.0,-4.4,2,273.0,3.9,194,75.0,7.8,86.0
"2025-01-07 16:00:00",5.9,132.0,9.0,0.23,2,273.0,0.37,321,101.0,9.6,154.0,0.4,2,273.0,2.2,249,95.0,7.7,94.0,-5.9,2,273.0,3.4,235,81.0,8.7,119.0
"2025-01-07 16:15:00",7.3,132.0,9.0,0.19,2,276.0,0.55,353,102.0,10.1,234.0,0.5,2,276.0,2.1,322,101.0,9.0,198.0,-7.3,2,276.0,3.8,269,88.0,8.9,214.0
"2025-01-07 16:30:00",7.3,130.0,9.0,0.21,2,273.0,0.44,389,107.0,10.5,246.0,0.2,2,273.0,2.1,378,104.0,10.0,207.0,-7.3,2,273.0,3.5,333,95.0,9.9,238.0
"2025-01-07 16:45:00",4.3,131.0,9.0,0.22,2,273.0,0.36,325,98.0,10.0,243.0,0.2,2,273.0,1.8,224,92.0,7.2,153.0,-4.3,2,273.0,3.4,219,82.0,8.1,188.0
"2025-01-07 17:00:00",6.5,139.0,9.0,0.28,2,273.0,0.38,371,114.0,10.1,238.0,1.2,2,273.0,1.8,289,105.0,8.3,192.0,-6.4,2,273.0,3.6,286,102.0,8.6,210.0
"2025-01-07 17:15:00",3.8,152.0,9.0,0.35,2,275.0,0.78,412,111.0,10.7,245.0,1.5,2,275.0,3.3,362,100.0,10.0,219.0,-3.5,2,275.0,2.9,324,84.0,10.8,244.0
"2025-01-07 17:30:00",2.0,138.0,9.0,0.09,2,274.0,0.26,472,103.0,12.8,263.0,0.3,2,274.0,2.3,328,97.0,10.0,228.0,-2.0,2,274.0,2.3,308,79.0,11.5,268.0
"2025-01-07 17:45:00",2.1,126.0,9.0,0.08,2,273.0,0.28,376,93.0,11.6,257.0,-0.1,2,273.0,1.9,254,86.0,8.8,201.0,-2.1,2,273.0,2.6,251,72.0,10.5,250.0
"2025-01-07 18:00:00",4.6,135.0,9.0,0.26,9,273.0,0.33,440,103.0,12.4,267.0,0.6,9,273.0,2.0,292,90.0,9.6,225.0,-4.6,2,273.0,2.8,317,84.0,11.0,261.0
"2025-01-07 18:15:00",5.7,134.0,9.0,0.76,9,275.0,0.81,420,120.0,10.2,248.0,0.6,9,275.0,2.3,327,98.0,9.4,196.0,-5.7,2,275.0,2.3,333,91.0,10.3,227.0
"2025-01-07 18:30:00",5.1,128.0,9.0,0.6,9,273.0,0.68,494,124.0,11.7,266.0,0.0,9,273.0,2.2,376,99.0,10.7,237.0,-5.1,2,273.0,2.9,373,93.0,11.2,255.0
"2025-01-07 18:45:00",4.3,134.0,9.0,0.32,9,273.0,0.41,389,112.0,10.8,243.0,0.5,9,273.0,1.9,313,99.0,9.5,209.0,-4.3,2,273.0,2.8,273,91.0,9.2,234.0
"2025-01-07 19:00:00",3.8,144.0,9.0,0.27,9,274.0,0.35,375,99.0,11.2,260.0,1.1,9,274.0,1.8,238,86.0,8.2,192.0,-3.6,2,274.0,2.8,242,80.0,9.3,237.0
"2025-01-07 19:15:00",5.7,134.0,9.0,0.28,9,275.0,0.39,326,96.0,10.0,234.0,0.6,9,275.0,1.9,245,86.0,8.4,181.0,-5.6,2,275.0,3.7,239,84.0,8.4,207.0
"2025-01-07 19:30:00",5.7,136.0,9.0,0.25,9,273.0,0.4,320,97.0,10.0,239.0,0.8,9,273.0,2.0,246,87.0,8.4,191.0,-5.7,2,273.0,4.0,237,82.0,8.7,209.0
"2025-01-07 19:45:00",6.5,133.0,9.0,0.28,9,273.0,0.44,348,98.0,10.6,252.0,0.6,9,273.0,2.1,286,87.0,9.8,221.0,-6.4,2,273.0,3.6,265,84.0,9.4,230.0
"2025-01-07 20:00:00",6.7,139.0,9.0,0.47,9,273.0,0.54,357,102.0,10.5,254.0,1.2,9,273.0,2.2,327,90.0,10.4,233.0,-6.6,2,273.0,3.3,291,88.0,9.8,248.0
"2025-01-07 20:15:00",6.5,133.0,9.0,0.36,9,275.0,0.49,309,98.0,9.2,221.0,0.6,9,275.0,2.1,256,85.0,8.5,185.0,-6.5,2,275.0,4.1,229,80.0,8.3,207.0
"2025-01-07 20:30:00",4.6,148.0,9.0,0.54,9,273.0,0.68,335,116.0,9.2,241.0,1.5,9,273.0,2.5,281,96.0,8.9,211.0,-4.4,2,273.0,2.7,275,86.0,9.9,242.0
"2025-01-07 20:45:00",1.4,128.0,9.0,0.08,9,273.0,0.21,383,91.0,12.1,263.0,0.0,9,273.0,2.4,200,82.0,7.4,178.0,-1.4,9,273.0,2.3,207,70.0,9.1,230.0
"2025-01-07 21:00:00",4.2,147.0,9.0,0.35,9,273.0,0.53,344,98.0,10.5,252.0,1.4,9,273.0,2.6,235,85.0,8.3,193.0,-4.0,2,273.0,2.8,243,73.0,10.0,253.0
"2025-01-07 21:15:00",6.6,148.0,9.0,1.05,2,276.0,1.04,342,110.0,9.4,239.0,2.2,2,276.0,2.2,318,95.0,9.5,218.0,-6.2,2,276.0,2.5,303,82.0,10.5,242.0
"2025-01-07 21:30:00",5.0,148.0,9.0,0.34,9,273.0,0.42,356,95.0,11.0,249.0,1.7,9,273.0,2.4,250,86.0,8.6,192.0,-4.7,2,273.0,2.9,254,75.0,10.0,243.0
"2025-01-07 21:45:00",7.8,137.0,9.0,0.54,9,273.0,0.64,393,108.0,10.6,258.0,1.2,9,273.0,2.5,329,95.0,9.9,227.0,-7.7,2,273.0,3.6,338,93.0,10.5,248.0
"2025-01-07 22:00:00",7.6,143.0,9.0,0.68,9,274.0,0.74,359,106.0,10.2,253.0,2.0,2,274.0,3.1,335,98.0,9.8,223.0,-7.3,2,274.0,3.5,314,88.0,10.5,250.0
"2025-01-07 22:15:00",3.4,163.0,9.0,0.27,9,275.0,0.68,298,97.0,9.3,225.0,1.9,9,275.0,3.6,228,85.0,7.9,173.0,-2.8,2,275.0,2.5,229,71.0,9.5,219.0
"2025-01-07 22:30:00",4.0,154.0,9.0,0.26,9,273.0,0.57,294,94.0,9.7,238.0,1.8,9,273.0,2.7,221,81.0,8.0,177.0,-3.6,2,273.0,3.0,227,68.0,9.9,246.0
"2025-01-07 22:45:00",4.7,145.0,9.0,0.74,9,273.0,0.84,376,103.0,10.8,260.0,1.3,9,273.0,2.2,298,88.0,9.4,210.0,-4.5,2,273.0,2.1,306,77.0,11.1,247.0
"2025-01-07 23:00:00",3.3,148.0,9.0,0.23,9,273.0,0.33,277,86.0,9.7,231.0,1.1,9,273.0,1.9,182,79.0,7.0,149.0,-3.1,2,273.0,2.6,178,64.0,8.5,214.0
"2025-01-07 23:15:00",4.2,134.0,9.0,0.32,9,276.0,0.44,285,91.0,9.4,228.0,0.5,9,276.0,1.3,210,85.0,7.2,137.0,-4.2,2,276.0,2.8,187,70.0,8.1,184.0
"2025-01-07 23:30:00",1.9,131.0,9.0,0.11,9,273.0,0.24,259,83.0,9.6,232.0,0.1,9,273.0,1.3,157,82.0,5.4,70.0,-1.9,9,273.0,3.4,155,65.0,7.4,172.0
"2025-01-07 23:45:00",3.5,126.0,9.0,0.12,9,273.0,0.23,277,85.0,9.9,232.0,-0.1,9,273.0,0.9,183,85.0,6.4,109.0,-3.5,2,273.0,4.3,176,80.0,6.8,142.0
"2025-01-08 00:00:00",4.4,140.0,9.0,0.02,2,273.0,0.27,310,91.0,10.2,237.0,0.9,2,273.0,1.5,215,90.0,7.0,132.0,-4.3,2,273.0,4.8,194,79.0,7.3,158.0
"2025-01-08 00:15:00",4.3,139.0,9.0,0.16,9,276.0,0.29,306,122.0,7.7,173.0,0.8,9,276.0,2.0,216,111.0,5.5,77.0,-4.3,2,276.0,4.1,220,99.0,6.5,133.0
"2025-01-08 00:30:00",5.3,141.0,9.0,0.43,9,273.0,0.72,371,120.0,9.7,235.0,1.2,9,273.0,2.8,317,112.0,8.3,176.0,-5.2,2,273.0,3.4,312,106.0,8.8,201.0
"2025-01-08 00:45:00",1.9,123.0,9.0,0.03,9,274.0,0.34,313,108.0,9.6,217.0,-0.2,9,274.0,2.0,244,106.0,7.2,138.0,-1.9,9,274.0,2.2,249,103.0,8.1,172.0
"2025-01-08 01:00:00",0.7,163.0,9.0,0.07,9,273.0,0.27,377,79.0,13.2,264.0,0.4,9,273.0,2.0,195,76.0,7.8,170.0,-0.5,9,273.0,1.4,216,65.0,10.2,241.0
"2025-01-08 01:15:00",0.6,137.0,9.0,0.07,9,276.0,0.18,374,87.0,11.8,242.0,0.1,9,276.0,0.8,176,88.0,5.8,97.0,-0.6,9,276.0,0.8,198,60.0,9.9,227.0
"2025-01-08 01:30:00",1.2,119.0,9.0,0.08,9,273.0,0.2,352,81.0,12.4,266.0,-0.2,9,273.0,1.0,192,78.0,7.7,176.0,-1.2,9,273.0,1.5,183,63.0,9.1,227.0
"2025-01-08 01:45:00",1.7,133.0,9.0,0.08,9,274.0,0.2,340,81.0,12.1,262.0,0.1,9,274.0,1.3,194,82.0,7.2,148.0,-1.6,9,274.0,1.8,186,62.0,9.3,235.0
"2025-01-08 02:00:00",2.1,138.0,9.0,0.08,9,273.0,0.4,420,140.0,10.9,244.0,0.3,9,273.0,2.2,268,112.0,7.4,151.0,-2.0,9,273.0,2.4,261,102.0,8.9,210.0
"2025-01-08 02:15:00",1.9,132.0,9.0,0.05,9,276.0,0.18,322,77.0,11.8,245.0,0.1,9,276.0,1.4,183,74.0,7.4,156.0,-1.9,9,276.0,1.9,181,58.0,9.4,225.0
"2025-01-08 02:30:00",1.0,113.0,9.0,0.07,9,273.0,0.19,361,116.0,10.8,220.0,-0.3,9,273.0,1.0,198,104.0,6.1,109.0,-0.9,9,273.0,1.1,240,116.0,7.4,150.0
"2025-01-08 02:45:00",0.7,141.0,9.0,0.06,9,273.0,0.18,331,90.0,11.4,250.0,0.2,9,273.0,1.0,172,83.0,6.4,112.0,-0.7,9,273.0,1.1,215,83.0,8.9,196.0
"2025-01-08 03:00:00",2.2,147.0,9.0,0.0,9,274.0,0.21,367,140.0,8.7,187.0,0.7,9,274.0,1.0,256,138.0,5.6,74.0,-2.1,9,274.0,2.2,276,154.0,5.5,78.0
"2025-01-08 03:15:00",3.7,132.0,9.0,0.13,9,275.0,0.21,333,84.0,11.4,242.0,0.3,9,275.0,1.3,245,82.0,8.9,201.0,-3.7,2,275.0,2.5,230,78.0,9.0,225.0
"2025-01-08 03:30:00",4.5,120.0,9.0,0.13,9,274.0,0.26,355,89.0,11.8,261.0,-0.6,9,274.0,1.3,250,87.0,8.9,198.0,-4.5,2,274.0,3.1,247,87.0,8.8,218.0
"2025-01-08 03:45:00",3.5,107.0,9.0,0.12,9,273.0,0.29,423,141.0,10.2,229.0,-1.2,9,273.0,1.6,308,122.0,8.1,164.0,-3.3,2,273.0,2.8,300,119.0,8.4,199.0
"2025-01-08 04:00:00",4.5,126.0,9.0,0.08,9,274.0,0.26,384,87.0,12.5,270.0,-0.1,9,274.0,1.3,296,85.0,10.3,236.0,-4.5,2,274.0,2.8,271,80.0,10.2,258.0
"2025-01-08 04:15:00",4.6,117.0,9.0,0.12,9,275.0,0.25,336,93.0,10.6,241.0,-0.9,9,275.0,1.4,248,92.0,7.9,169.0,-4.5,2,275.0,2.8,246,83.0,8.8,219.0
"2025-01-08 04:30:00",3.5,131.0,9.0,0.19,9,273.0,0.25,378,93.0,11.9,265.0,0.2,9,273.0,1.3,251,91.0,8.4,191.0,-3.5,2,273.0,2.0,263,80.0,10.0,245.0
"2025-01-08 04:45:00",2.7,129.0,9.0,0.14,9,274.0,0.24,325,91.0,10.8,254.0,0.1,9,274.0,1.0,226,88.0,7.9,187.0,-2.7,2,274.0,1.8,222,75.0,9.3,235.0
"2025-01-08 05:00:00",2.8,129.0,9.0,0.12,9,273.0,0.21,330,86.0,11.3,255.0,0.1,9,273.0,1.1,232,84.0,8.6,193.0,-2.8,9,273.0,2.2,221,74.0,9.4,237.0
"2025-01-08 05:15:00",2.1,127.0,9.0,0.06,9,275.0,0.23,296,90.0,9.8,232.0,0.0,9,275.0,1.3,208,88.0,7.1,133.0,-2.1,9,275.0,2.3,198,75.0,8.2,197.0
"2025-01-08 05:30:00",1.6,129.0,9.0,0.07,9,274.0,0.23,383,124.0,10.3,229.0,0.0,9,274.0,2.3,259,111.0,7.3,150.0,-1.6,9,274.0,2.2,253,102.0,8.3,191.0
"2025-01-08 05:45:00",1.5,140.0,9.0,0.0,9,273.0,0.21,310,77.0,11.8,263.0,0.3,9,273.0,1.4,188,70.0,8.3,200.0,-1.5,9,273.0,1.9,186,57.0,10.0,246.0
"2025-01-08 06:00:00",0.9,124.0,9.0,0.0,9,273.0,0.21,308,78.0,11.6,263.0,-0.1,9,273.0,1.4,177,73.0,7.3,137.0,-0.9,9,273.0,1.4,182,61.0,9.3,221.0
"2025-01-08 06:15:00",1.1,128.0,9.0,-0.04,9,276.0,0.26,286,80.0,10.6,243.0,0.0,9,276.0,1.2,173,73.0,7.1,138.0,-1.1,9,276.0,1.8,177,62.0,8.9,211.0
"2025-01-08 06:30:00",2.0,132.0,9.0,-0.04,9,273.0,0.26,312,77.0,11.8,262.0,0.1,9,273.0,1.2,206,71.0,8.7,206.0,-2.0,9,273.0,2.3,205,62.0,10.0,247.0
"2025-01-08 06:45:00",1.4,126.0,9.0,0.0,9,273.0,0.22,323,79.0,11.9,265.0,-0.1,9,273.0,1.2,200,74.0,8.2,178.0,-1.4,9,273.0,1.8,200,61.0,10.0,243.0
"2025-01-08 07:00:00",1.9,129.0,9.0,0.02,9,274.0,0.24,331,81.0,12.0,265.0,0.0,9,274.0,1.3,194,74.0,7.9,167.0,-1.9,9,274.0,2.0,210,62.0,10.3,245.0
"2025-01-08 07:15:00",2.1,132.0,9.0,-0.01,9,275.0,0.25,384,121.0,10.6,217.0,0.1,9,275.0,1.5,250,101.0,7.8,151.0,-2.1,9,275.0,2.0,256,93.0,9.0,191.0
"2025-01-08 07:30:00",1.6,134.0,9.0,0.0,9,273.0,0.22,378,90.0,12.2,266.0,0.2,9,273.0,1.4,216,79.0,8.1,163.0,-1.6,9,273.0,2.0,211,67.0,9.5,209.0
"2025-01-08 07:45:00",0.5,160.0,9.0,0.01,9,273.0,0.17,330,82.0,11.8,263.0,0.2,9,273.0,1.2,159,75.0,6.4,108.0,-0.4,9,273.0,1.0,177,59.0,9.5,224.0
"2025-01-08 08:00:00",0.5,178.0,9.0,0.0,9,273.0,0.19,328,82.0,11.7,261.0,0.4,9,273.0,0.8,147,72.0,6.0,93.0,-0.3,9,273.0,1.0,166,58.0,9.0,209.0
"2025-01-08 08:15:00",0.7,204.0,9.0,-0.07,9,276.0,0.23,313,87.0,10.8,245.0,0.7,9,276.0,0.8,156,77.0,5.9,84.0,-0.2,9,276.0,1.1,175,64.0,8.5,194.0
"2025-01-08 08:30:00",0.6,169.0,9.0,0.04,9,273.0,0.14,404,85.0,13.2,261.0,0.4,9,273.0,1.1,157,77.0,6.0,84.0,-0.4,9,273.0,0.9,220,64.0,10.6,240.0
"2025-01-08 08:45:00",2.0,132.0,9.0,0.07,9,273.0,0.18,381,84.0,12.8,264.0,0.1,9,273.0,0.9,212,80.0,8.1,170.0,-2.0,9,273.0,1.7,217,65.0,10.2,244.0
"2025-01-08 09:00:00",1.7,127.0,9.0,0.05,9,274.0,0.19,414,103.0,12.6,256.0,0.0,9,274.0,1.3,246,94.0,8.0,151.0,-1.7,9,274.0,1.9,249,84.0,9.7,229.0
"2025-01-08 09:15:00",1.0,116.0,9.0,0.05,9,275.0,0.21,351,111.0,10.1,194.0,-0.2,9,275.0,1.0,193,94.0,6.1,52.0,-1.0,9,275.0,1.3,199,81.0,7.9,116.0
"2025-01-08 09:30:00",1.4,123.0,9.0,0.04,9,273.0,0.21,282,76.0,11.0,225.0,-0.1,9,273.0,0.9,159,73.0,6.5,65.0,-1.4,9,273.0,1.9,163,60.0,8.5,147.0
"2025-01-08 09:45:00",2.1,121.0,9.0,0.0,9,273.0,0.19,312,79.0,11.7,240.0,-0.2,9,273.0,1.1,201,76.0,8.1,124.0,-2.1,9,273.0,2.2,186,66.0,8.8,152.0
"2025-01-08 10:00:00",2.2,119.0,9.0,0.02,2,273.0,0.18,346,78.0,12.5,240.0,-0.3,2,273.0,1.3,184,75.0,7.4,109.0,-2.2,2,273.0,2.6,189,62.0,9.4,183.0
"2025-01-08 10:15:00",2.9,130.0,9.0,0.04,2,275.0,0.29,279,83.0,10.0,233.0,0.1,2,275.0,1.6,237,84.0,8.3,176.0,-2.9,2,275.0,2.6,190,69.0,8.3,187.0
"2025-01-08 10:30:00",3.4,128.0,9.0,0.02,2,273.0,0.3,333,83.0,11.6,256.0,0.0,2,273.0,1.6,247,81.0,8.7,174.0,-3.4,2,273.0,2.7,232,68.0,10.2,242.0
"2025-01-08 10:45:00",1.9,138.0,9.0,0.05,2,274.0,0.28,302,79.0,11.3,257.0,0.3,2,274.0,1.7,187,72.0,7.7,164.0,-1.9,2,274.0,2.5,182,58.0,9.6,234.0
"2025-01-08 11:00:00",2.4,129.0,9.0,0.0,2,273.0,0.27,264,94.0,8.9,212.0,0.0,2,273.0,1.6,210,90.0,6.9,129.0,-2.4,2,273.0,2.5,180,73.0,7.7,172.0
"2025-01-08 11:15:00",2.4,122.0,9.0,0.0,2,275.0,0.21,244,76.0,9.6,221.0,-0.2,2,275.0,1.2,160,73.0,6.4,131.0,-2.4,2,275.0,2.4,144,55.0,8.0,197.0
"2025-01-08 11:30:00",0.9,138.0,9.0,-0.01,2,272.0,0.24,234,81.0,8.8,212.0,0.1,2,272.0,1.6,152,78.0,5.7,94.0,-0.8,2,272.0,1.4,145,60.0,7.5,177.0
"2025-01-08 11:45:00",1.6,177.0,9.0,-0.01,2,273.0,0.24,258,85.0,9.3,232.0,1.2,2,273.0,2.5,177,84.0,6.2,107.0,-1.1,2,273.0,1.9,159,67.0,7.4,174.0
"2025-01-08 12:00:00",1.2,140.0,9.0,0.01,2,273.0,0.25,269,86.0,9.6,230.0,0.2,2,273.0,1.2,166,83.0,5.8,90.0,-1.2,2,273.0,1.9,169,67.0,7.9,187.0
"2025-01-08 12:15:00",1.4,146.0,9.0,0.2,2,276.0,0.41,267,94.0,8.6,204.0,0.4,2,276.0,2.1,205,100.0,5.9,101.0,-1.3,2,276.0,1.7,179,64.0,8.5,206.0
"2025-01-08 12:30:00",2.0,138.0,9.0,0.02,2,273.0,0.3,279,98.0,8.8,216.0,0.4,2,273.0,1.7,202,104.0,5.4,77.0,-1.9,2,273.0,2.4,184,72.0,7.9,194.0
"2025-01-08 12:45:00",1.1,119.0,9.0,-0.05,2,273.0,0.25,263,96.0,8.7,209.0,-0.2,2,273.0,1.7,186,96.0,5.6,88.0,-1.1,2,273.0,1.9,165,73.0,7.1,161.0
"2025-01-08 13:00:00",2.2,135.0,9.0,-0.03,2,273.0,0.29,274,85.0,9.9,232.0,0.3,2,273.0,2.1,180,87.0,6.1,125.0,-2.1,2,273.0,3.5,159,63.0,7.9,197.0
"2025-01-08 13:15:00",1.2,169.0,9.0,0.08,2,275.0,0.41,291,89.0,9.8,218.0,0.8,2,275.0,2.5,184,94.0,5.6,94.0,-0.9,2,275.0,2.1,165,63.0,8.1,196.0
"2025-01-08 13:30:00",0.9,119.0,9.0,0.03,2,273.0,0.21,291,92.0,9.5,226.0,-0.1,2,273.0,2.3,190,101.0,5.3,82.0,-0.9,2,273.0,1.6,160,60.0,8.3,205.0
"2025-01-08 13:45:00",0.7,127.0,9.0,-0.02,2,274.0,0.24,265,91.0,8.9,217.0,0.0,2,274.0,1.8,184,100.0,5.1,63.0,-0.7,2,274.0,1.5,153,60.0,8.0,192.0
"2025-01-08 14:00:00",2.0,177.0,9.0,0.14,2,275.0,0.45,302,94.0,9.7,241.0,1.5,2,275.0,2.5,208,100.0,6.1,111.0,-1.3,2,275.0,2.2,193,62.0,9.4,224.0
"2025-01-08 14:15:00",0.8,145.0,9.0,0.08,2,276.0,0.24,250,77.0,9.7,219.0,0.2,2,276.0,1.1,148,75.0,5.8,95.0,-0.7,2,276.0,1.2,148,55.0,8.3,191.0
"2025-01-08 14:30:00",0.7,207.0,9.0,0.01,2,275.0,0.19,321,89.0,11.0,246.0,0.7,2,275.0,1.3,159,81.0,5.7,92.0,-0.1,2,275.0,1.0,165,66.0,8.1,196.0
"2025-01-08 14:45:00",1.2,193.0,9.0,0.05,2,275.0,0.18,412,92.0,12.7,265.0,1.1,2,275.0,1.8,170,92.0,5.3,68.0,-0.5,2,275.0,1.0,177,62.0,8.9,206.0
"2025-01-08 15:00:00",0.6,183.0,9.0,0.01,2,275.0,0.14,523,90.0,14.8,273.0,0.5,2,275.0,1.1,169,89.0,5.4,85.0,-0.3,2,275.0,0.7,200,58.0,10.5,239.0
"2025-01-08 15:15:00",0.9,170.0,9.0,0.02,2,275.0,0.14,504,89.0,14.3,253.0,0.6,2,275.0,1.2,170,79.0,6.4,119.0,-0.7,2,275.0,1.0,189,59.0,9.7,223.0
"2025-01-08 15:30:00",0.6,167.0,9.0,0.01,2,273.0,0.14,573,88.0,15.9,272.0,0.4,2,273.0,0.9,178,73.0,7.4,160.0,-0.5,2,273.0,0.8,233,59.0,11.7,259.0
"2025-01-08 15:45:00",0.7,171.0,9.0,0.02,2,273.0,0.13,601,88.0,16.4,271.0,0.5,2,273.0,1.1,174,75.0,7.1,147.0,-0.5,2,273.0,0.9,216,62.0,10.7,249.0
"2025-01-08 16:00:00",0.8,154.0,9.0,0.05,2,273.0,0.13,610,92.0,16.2,273.0,0.3,2,273.0,1.0,185,84.0,6.7,138.0,-0.7,2,273.0,1.1,209,64.0,10.1,248.0
"2025-01-08 16:15:00",0.5,164.0,9.0,0.03,2,275.0,0.12,710,101.0,15.8,250.0,0.3,2,275.0,1.1,198,92.0,6.4,126.0,-0.4,2,275.0,0.8,255,72.0,10.7,235.0
"2025-01-08 16:30:00",0.5,167.0,9.0,0.04,2,273.0,0.11,663,102.0,15.9,270.0,0.3,2,273.0,0.8,175,89.0,5.8,96.0,-0.4,2,273.0,0.8,255,76.0,10.4,255.0
"2025-01-08 16:45:00",0.2,148.0,9.0,0.03,9,273.0,0.14,536,97.0,14.4,268.0,0.1,9,273.0,0.7,170,88.0,5.7,79.0,-0.2,9,273.0,0.8,217,75.0,9.2,223.0
"2025-01-08 17:00:00",0.2,177.0,9.0,0.01,9,273.0,0.14,576,97.0,15.0,271.0,0.2,9,273.0,0.7,179,86.0,6.2,111.0,-0.2,9,273.0,0.7,231,73.0,9.8,226.0
"2025-01-08 17:15:00",0.3,198.0,9.0,0.0,2,275.0,0.13,612,106.0,14.0,250.0,0.3,2,275.0,0.8,198,92.0,6.4,114.0,-0.1,2,275.0,0.8,272,77.0,10.4,239.0
"2025-01-08 17:30:00",0.3,211.0,9.0,0.0,2,273.0,0.11,708,104.0,16.1,271.0,0.3,2,273.0,0.9,189,93.0,6.1,100.0,0.0,2,273.0,0.7,264,79.0,10.1,225.0
"2025-01-08 17:45:00",0.2,130.0,9.0,0.02,2,273.0,0.13,579,103.0,14.6,268.0,0.0,2,273.0,0.8,185,93.0,5.9,97.0,-0.2,2,273.0,0.8,230,77.0,9.3,227.0
"2025-01-08 18:00:00",0.4,167.0,9.0,0.01,9,273.0,0.14,602,105.0,14.6,266.0,0.2,9,273.0,1.0,184,96.0,5.5,77.0,-0.3,9,273.0,0.8,263,81.0,10.1,247.0
"2025-01-08 18:15:00",0.6,145.0,9.0,0.04,9,275.0,0.14,516,105.0,13.1,253.0,0.2,9,275.0,0.9,194,101.0,5.5,75.0,-0.5,9,275.0,0.8,236,85.0,8.7,208.0
"2025-01-08 18:30:00",0.3,104.0,9.0,0.04,9,273.0,0.12,681,125.0,14.6,269.0,-0.1,9,273.0,1.1,236,114.0,6.2,96.0,-0.3,9,273.0,0.7,293,97.0,9.6,228.0
"2025-01-08 18:45:00",1.1,146.0,9.0,0.03,9,272.0,0.12,875,131.0,15.9,267.0,0.3,9,272.0,0.8,283,116.0,7.6,150.0,-1.0,9,272.0,1.3,344,103.0,10.2,239.0
"2025-01-08 19:00:00",0.6,146.0,9.0,0.02,9,273.0,0.11,906,115.0,17.6,270.0,0.2,9,273.0,1.0,255,103.0,7.6,152.0,-0.6,9,273.0,1.0,329,89.0,11.2,240.0
"2025-01-08 19:15:00",0.7,132.0,9.0,0.03,9,275.0,0.11,936,111.0,16.9,248.0,0.1,9,275.0,0.9,234,94.0,7.6,162.0,-0.7,9,275.0,1.0,324,81.0,11.4,242.0
"2025-01-08 19:30:00",0.4,84.0,9.0,0.02,9,273.0,0.09,1260,119.0,19.6,268.0,-0.3,9,273.0,0.6,313,102.0,9.4,212.0,-0.3,9,273.0,0.6,394,87.0,12.8,261.0
"2025-01-08 19:45:00",0.5,107.0,9.0,0.02,9,273.0,0.12,1238,123.0,19.1,271.0,-0.2,9,273.0,0.7,293,100.0,9.1,211.0,-0.5,9,273.0,0.7,419,88.0,13.3,260.0
"2025-01-08 20:00:00",0.4,106.0,9.0,0.02,9,273.0,0.1,1284,117.0,19.7,273.0,-0.2,9,273.0,0.7,337,102.0,9.8,204.0,-0.4,9,273.0,0.6,404,88.0,12.9,259.0
"2025-01-08 20:15:00",0.1,43.0,9.0,0.04,9,275.0,0.11,1257,168.0,17.4,237.0,-0.1,9,275.0,0.8,393,146.0,9.1,182.0,0.0,9,275.0,2.0,455,127.0,11.6,220.0
"2025-01-08 20:30:00",0.3,87.0,9.0,0.03,9,273.0,0.1,1268,126.0,18.9,270.0,-0.2,9,273.0,0.6,328,100.0,10.0,219.0,-0.2,9,273.0,0.6,410,86.0,12.9,259.0
"2025-01-08 20:45:00",0.2,93.0,9.0,0.02,9,273.0,0.11,1117,114.0,18.9,271.0,-0.1,9,273.0,0.7,284,96.0,9.0,191.0,-0.1,9,273.0,0.6,353,81.0,12.5,259.0
"2025-01-08 21:00:00",0.3,123.0,9.0,-0.01,9,272.0,0.08,1670,133.0,20.7,267.0,0.0,9,272.0,0.5,415,98.0,11.6,229.0,-0.3,9,272.0,0.6,493,90.0,13.9,269.0
"2025-01-08 21:15:00",0.3,122.0,9.0,0.0,9,275.0,0.1,1252,136.0,16.9,250.0,0.0,9,275.0,0.7,309,112.0,8.1,155.0,-0.3,9,275.0,0.6,435,101.0,11.6,236.0
"2025-01-08 21:30:00",0.3,140.0,9.0,0.01,9,273.0,0.12,788,118.0,15.5,266.0,0.1,9,273.0,0.7,246,99.0,7.5,149.0,-0.3,9,273.0,0.7,281,88.0,9.6,212.0
"2025-01-08 21:45:00",0.3,147.0,9.0,0.02,9,271.0,0.1,1563,130.0,19.9,269.0,0.1,9,271.0,0.7,357,97.0,10.3,213.0,-0.3,9,271.0,0.7,465,89.0,13.3,255.0
"2025-01-08 22:00:00",0.4,165.0,9.0,0.0,9,272.0,0.1,1509,128.0,20.0,270.0,0.2,9,272.0,0.8,299,91.0,9.8,217.0,-0.3,9,272.0,0.7,404,83.0,12.8,255.0
"2025-01-08 22:15:00",0.5,142.0,9.0,-0.01,9,274.0,0.14,1034,154.0,15.7,247.0,0.1,9,274.0,0.8,329,130.0,8.2,144.0,-0.5,9,274.0,1.2,370,117.0,10.1,207.0
"2025-01-08 22:30:00",0.6,186.0,9.0,-0.01,9,273.0,0.14,649,97.0,15.5,261.0,0.5,9,273.0,1.0,203,84.0,7.5,132.0,-0.3,9,273.0,1.0,253,73.0,10.4,223.0
"2025-01-08 22:45:00",0.8,186.0,9.0,0.0,9,273.0,0.13,613,95.0,15.6,267.0,0.7,9,273.0,1.2,193,87.0,6.8,104.0,-0.5,9,273.0,0.9,230,75.0,9.5,208.0
"2025-01-08 23:00:00",1.2,185.0,9.0,0.0,9,273.0,0.16,557,92.0,15.0,265.0,1.0,9,273.0,1.3,197,78.0,7.8,156.0,-0.6,9,273.0,1.0,213,68.0,9.5,211.0
"2025-01-08 23:15:00",0.8,166.0,9.0,0.01,9,275.0,0.14,432,85.0,13.1,250.0,0.5,9,275.0,1.4,170,80.0,6.5,117.0,-0.6,9,275.0,1.5,192,68.0,8.8,204.0
"2025-01-08 23:30:00",0.7,158.0,9.0,-0.02,9,273.0,0.16,437,89.0,13.3,259.0,0.4,9,273.0,1.2,178,81.0,6.7,126.0,-0.6,9,273.0,1.4,200,67.0,9.2,218.0
"2025-01-08 23:45:00",0.6,180.0,9.0,-0.01,9,273.0,0.17,429,88.0,13.3,266.0,0.5,9,273.0,0.9,165,83.0,5.9,96.0,-0.4,9,273.0,0.9,191,69.0,8.6,191.0
"2025-01-09 00:00:00",0.7,161.0,9.0,-0.01,9,272.0,0.18,483,127.0,12.1,234.0,0.4,9,272.0,2.0,225,113.0,6.1,84.0,-0.6,9,272.0,2.4,232,98.0,7.8,163.0
"2025-01-09 00:15:00",0.9,183.0,9.0,-0.03,9,276.0,0.18,414,89.0,12.6,252.0,0.7,9,276.0,1.3,173,86.0,5.9,93.0,-0.5,9,276.0,1.1,187,67.0,8.6,202.0
"2025-01-09 00:30:00",1.0,177.0,9.0,0.02,9,273.0,0.18,417,88.0,12.9,266.0,0.8,9,273.0,1.1,175,86.0,6.0,99.0,-0.7,9,273.0,1.4,191,68.0,8.9,225.0
"2025-01-09 00:45:00",0.9,181.0,9.0,0.04,9,273.0,0.15,459,90.0,13.7,266.0,0.7,9,273.0,1.2,178,86.0,6.2,107.0,-0.5,9,273.0,1.2,194,67.0,9.0,219.0
"2025-01-09 01:00:00",0.5,183.0,9.0,0.02,9,274.0,0.17,412,91.0,12.5,255.0,0.4,9,274.0,1.0,173,89.0,5.6,81.0,-0.3,9,274.0,1.1,194,70.0,8.6,204.0
"2025-01-09 01:15:00",0.9,187.0,9.0,0.01,9,275.0,0.2,330,85.0,11.2,242.0,0.8,9,275.0,1.2,162,83.0,5.7,85.0,-0.5,9,275.0,0.9,182,69.0,8.1,177.0
"2025-01-09 01:30:00",0.1,118.0,9.0,0.02,9,273.0,0.21,340,90.0,11.1,255.0,0.0,9,273.0,1.0,171,88.0,5.7,74.0,-0.1,9,273.0,0.8,176,72.0,7.6,166.0
"2025-01-09 01:45:00",0.2,325.0,9.0,0.02,9,274.0,0.18,415,137.0,10.2,212.0,-0.1,9,274.0,2.2,217,118.0,5.2,59.0,0.2,9,274.0,1.9,236,103.0,7.3,164.0
"2025-01-09 02:00:00",0.6,184.0,9.0,0.02,9,273.0,0.15,416,82.0,13.6,266.0,0.5,9,273.0,1.1,162,76.0,6.4,120.0,-0.4,9,273.0,1.4,183,63.0,9.0,222.0
"2025-01-09 02:15:00",1.4,177.0,9.0,0.01,9,275.0,0.16,399,79.0,13.3,252.0,1.1,9,275.0,1.1,162,73.0,6.6,149.0,-0.9,9,275.0,2.0,178,63.0,8.7,222.0
"2025-01-09 02:30:00",2.1,165.0,9.0,0.04,9,274.0,0.16,451,85.0,14.0,271.0,1.2,9,274.0,1.5,180,76.0,7.3,162.0,-1.6,9,274.0,2.8,189,65.0,9.1,235.0
"2025-01-09 02:45:00",1.4,173.0,9.0,0.01,9,273.0,0.15,486,88.0,14.4,272.0,1.0,9,273.0,1.3,186,84.0,6.6,144.0,-1.0,9,273.0,2.0,198,68.0,9.1,225.0
"2025-01-09 03:00:00",1.4,180.0,9.0,0.03,9,273.0,0.17,442,86.0,13.7,267.0,1.1,9,273.0,1.5,179,87.0,6.1,112.0,-0.9,9,273.0,2.0,191,67.0,9.0,219.0
"2025-01-09 03:15:00",0.9,192.0,9.0,0.03,9,276.0,0.2,355,85.0,11.6,243.0,0.8,9,276.0,1.5,165,88.0,5.3,68.0,-0.4,9,276.0,0.8,173,66.0,8.0,183.0
"2025-01-09 03:30:00",0.9,153.0,9.0,0.05,9,273.0,0.18,390,93.0,11.6,251.0,0.4,9,273.0,1.1,177,94.0,5.4,84.0,-0.8,9,273.0,1.1,190,74.0,8.0,192.0
"2025-01-09 03:45:00",1.9,164.0,9.0,0.08,9,274.0,0.22,512,142.0,11.6,242.0,1.1,9,274.0,2.7,253,128.0,5.8,93.0,-1.5,9,274.0,2.3,266,112.0,7.7,175.0
"2025-01-09 04:00:00",1.6,180.0,9.0,0.06,9,273.0,0.18,379,90.0,12.0,260.0,1.3,9,273.0,2.1,184,94.0,5.6,88.0,-1.0,9,273.0,2.0,187,74.0,7.9,189.0
"2025-01-09 04:15:00",2.0,161.0,9.0,0.08,9,276.0,0.2,352,88.0,11.2,235.0,1.1,9,276.0,1.9,177,89.0,5.8,90.0,-1.7,9,276.0,2.6,184,72.0,7.8,186.0
"2025-01-09 04:30:00",1.5,169.0,9.0,0.03,9,273.0,0.17,404,90.0,12.4,259.0,1.0,9,273.0,1.8,187,93.0,5.9,103.0,-1.1,9,273.0,2.2,191,73.0,8.1,194.0
"2025-01-09 04:45:00",1.8,132.0,9.0,0.02,9,274.0,0.22,346,96.0,10.7,250.0,0.1,9,274.0,1.7,195,97.0,5.8,92.0,-1.8,9,274.0,3.1,196,82.0,7.4,168.0
"2025-01-09 05:00:00",2.4,132.0,9.0,0.03,9,273.0,0.23,333,92.0,10.7,250.0,0.2,9,273.0,1.3,199,97.0,6.0,105.0,-2.4,9,273.0,3.9,196,82.0,7.3,165.0
"2025-01-09 05:15:00",3.8,107.0,9.0,0.14,9,275.0,0.24,350,118.0,8.9,205.0,-1.4,9,275.0,1.2,238,116.0,5.9,94.0,-3.6,2,275.0,3.2,248,114.0,6.5,122.0
"2025-01-09 05:30:00",1.1,119.0,9.0,0.07,9,273.0,0.18,372,117.0,9.8,218.0,-0.2,9,273.0,0.8,216,114.0,5.3,56.0,-1.1,9,273.0,1.8,221,104.0,6.4,113.0
"2025-01-09 05:45:00",0.4,88.0,9.0,0.08,9,273.0,0.18,317,96.0,10.0,237.0,-0.3,9,273.0,1.0,180,98.0,5.1,54.0,-0.3,9,273.0,0.9,180,81.0,6.8,145.0
"2025-01-09 06:00:00",2.2,113.0,9.0,0.05,9,273.0,0.22,336,95.0,10.5,244.0,-0.6,9,273.0,1.0,187,95.0,5.5,67.0,-2.1,9,273.0,3.6,196,87.0,6.8,134.0
"2025-01-09 06:15:00",1.9,126.0,9.0,0.09,9,276.0,0.21,322,98.0,9.9,235.0,-0.1,9,276.0,0.9,191,99.0,5.5,74.0,-1.8,9,276.0,3.1,181,87.0,6.2,123.0
"2025-01-09 06:30:00",5.0,121.0,9.0,0.22,9,273.0,0.31,371,105.0,10.3,242.0,-0.7,9,273.0,1.2,261,97.0,7.8,161.0,-5.0,2,273.0,3.9,261,94.0,8.1,187.0
"2025-01-09 06:45:00",2.4,116.0,9.0,0.11,9,273.0,0.25,319,104.0,9.2,212.0,-0.5,9,273.0,1.2,199,94.0,5.9,96.0,-2.3,2,273.0,3.9,205,87.0,7.1,153.0
"2025-01-09 07:00:00",4.6,122.0,9.0,0.19,9,273.0,0.27,346,114.0,9.5,231.0,-0.5,9,273.0,1.2,234,106.0,6.5,120.0,-4.5,2,273.0,4.2,226,100.0,6.8,146.0
"2025-01-09 07:15:00",5.4,119.0,9.0,0.16,9,276.0,0.24,333,103.0,9.7,234.0,-0.8,9,276.0,1.5,254,102.0,7.3,156.0,-5.4,2,276.0,4.2,226,98.0,6.8,150.0
"2025-01-09 07:30:00",4.0,123.0,9.0,0.15,9,273.0,0.22,366,99.0,10.9,252.0,-0.3,9,273.0,1.7,241,100.0,7.4,165.0,-4.0,2,273.0,3.7,228,95.0,7.4,190.0
"2025-01-09 07:45:00",4.4,132.0,9.0,0.13,9,273.0,0.24,409,107.0,11.3,252.0,0.3,9,273.0,2.0,262,111.0,7.3,167.0,-4.4,2,273.0,4.2,238,99.0,7.4,184.0
"2025-01-09 08:00:00",3.2,131.0,9.0,0.13,9,273.0,0.22,399,104.0,11.3,249.0,0.2,9,273.0,1.8,224,102.0,6.6,134.0,-3.2,2,273.0,3.6,229,95.0,7.5,188.0
"2025-01-09 08:15:00",5.6,131.0,9.0,0.15,9,276.0,0.25,402,104.0,11.1,243.0,0.3,9,276.0,1.9,281,107.0,7.8,174.0,-5.6,2,276.0,3.9,262,100.0,7.9,198.0
"2025-01-09 08:30:00",5.9,126.0,9.0,0.25,9,273.0,0.29,415,116.0,11.0,250.0,-0.2,9,273.0,1.7,282,111.0,7.8,175.0,-5.9,2,273.0,3.8,287,109.0,8.2,207.0
"2025-01-09 08:45:00",5.6,119.0,9.0,0.22,9,273.0,0.28,400,107.0,11.1,251.0,-0.9,9,273.0,1.3,263,101.0,8.0,178.0,-5.6,2,273.0,3.7,270,101.0,8.2,212.0
"2025-01-09 09:00:00",5.6,117.0,9.0,0.29,9,273.0,0.35,360,100.0,10.7,253.0,-1.1,9,273.0,1.8,283,100.0,8.6,204.0,-5.5,2,273.0,3.4,260,96.0,8.3,216.0
"2025-01-09 09:15:00",3.8,126.0,9.0,0.19,9,275.0,0.25,354,96.0,10.6,245.0,-0.2,9,275.0,1.6,250,93.0,8.0,185.0,-3.7,2,275.0,3.1,227,87.0,7.9,197.0
"2025-01-09 09:30:00",4.0,122.0,9.0,0.23,9,273.0,0.27,355,94.0,11.1,258.0,-0.4,9,273.0,1.3,237,91.0,7.8,174.0,-4.0,2,273.0,3.0,235,85.0,8.4,213.0
"2025-01-09 09:45:00",4.5,120.0,9.0,0.17,9,273.0,0.26,363,150.0,7.8,164.0,-0.6,9,273.0,1.5,279,140.0,6.0,91.0,-4.4,2,273.0,3.7,273,130.0,6.4,126.0
"2025-01-09 10:00:00",4.8,124.0,9.0,0.12,2,273.0,0.27,360,129.0,8.8,208.0,-0.3,2,273.0,1.5,268,119.0,6.7,132.0,-4.8,2,273.0,3.2,246,108.0,6.9,153.0
"2025-01-09 10:15:00",5.3,130.0,9.0,0.13,2,276.0,0.32,322,118.0,8.2,200.0,0.2,2,276.0,1.6,247,113.0,6.3,118.0,-5.3,2,276.0,4.1,243,104.0,6.6,135.0
"2025-01-09 10:30:00",7.1,130.0,9.0,0.12,2,273.0,0.45,440,132.0,9.7,235.0,0.3,2,273.0,2.1,414,128.0,8.6,178.0,-7.1,2,273.0,3.9,365,125.0,8.3,185.0
"2025-01-09 10:45:00",9.5,127.0,9.0,0.19,2,273.0,0.49,676,162.0,11.2,247.0,-0.2,2,273.0,2.0,709,158.0,11.3,229.0,-9.4,2,273.0,3.0,627,162.0,10.3,223.0
"2025-01-09 11:00:00",8.2,125.0,9.0,0.09,2,273.0,0.39,489,138.0,9.9,234.0,-0.4,2,273.0,1.8,402,132.0,8.2,169.0,-8.2,2,273.0,4.0,415,131.0,8.4,157.0
"2025-01-09 11:15:00",7.7,125.0,9.0,0.09,2,275.0,0.43,480,150.0,9.2,213.0,-0.4,2,275.0,1.7,414,137.0,8.1,161.0,-7.7,2,275.0,3.6,416,137.0,8.1,169.0
"2025-01-09 11:30:00",8.1,125.0,9.0,0.16,2,273.0,0.39,541,161.0,9.7,224.0,-0.5,2,273.0,1.8,513,148.0,9.4,188.0,-8.1,2,273.0,3.1,497,147.0,9.0,195.0
"2025-01-09 11:45:00",8.6,126.0,9.0,0.21,2,273.0,0.48,651,157.0,11.3,246.0,-0.3,2,273.0,1.9,650,153.0,11.3,237.0,-8.6,2,273.0,2.5,583,146.0,10.8,229.0
"2025-01-09 12:00:00",8.4,126.0,9.0,0.31,2,273.0,0.4,709,145.0,13.1,268.0,-0.2,2,273.0,1.5,754,144.0,13.4,263.0,-8.4,2,273.0,1.9,649,135.0,12.6,257.0
"2025-01-09 12:15:00",8.1,127.0,9.0,0.27,2,275.0,0.37,695,145.0,12.5,247.0,-0.1,2,275.0,1.4,769,141.0,13.4,247.0,-8.1,2,275.0,1.7,594,133.0,11.7,243.0
"2025-01-09 12:30:00",7.5,125.0,9.0,0.34,2,273.0,0.46,710,148.0,12.7,258.0,-0.4,2,273.0,1.5,744,143.0,13.1,255.0,-7.5,2,273.0,2.3,680,144.0,12.3,255.0
"2025-01-09 12:45:00",1.8,147.0,9.0,0.25,2,273.0,0.36,326,119.0,8.4,203.0,0.6,2,273.0,1.8,263,111.0,6.8,132.0,-1.7,2,273.0,2.2,247,95.0,7.6,174.0
"2025-01-09 13:00:00",1.7,122.0,9.0,0.11,2,273.0,0.48,405,161.0,8.7,200.0,-0.2,2,273.0,2.3,323,140.0,7.3,154.0,-1.7,2,273.0,3.1,304,131.0,7.8,183.0
"2025-01-09 13:15:00",2.3,137.0,9.0,0.16,2,277.0,0.3,295,115.0,7.8,173.0,0.4,2,277.0,1.5,211,105.0,5.8,92.0,-2.3,2,277.0,1.9,203,95.0,6.4,124.0
"2025-01-09 13:30:00",2.6,141.0,9.0,0.19,2,275.0,0.27,303,116.0,8.1,199.0,0.6,2,275.0,1.3,228,106.0,6.3,123.0,-2.5,2,275.0,1.9,206,95.0,6.5,132.0
"2025-01-09 13:45:00",2.4,146.0,9.0,0.13,2,274.0,0.24,316,111.0,8.8,212.0,0.7,2,274.0,1.3,221,102.0,6.4,111.0,-2.3,2,274.0,1.9,208,90.0,7.0,162.0
"2025-01-09 14:00:00",3.2,137.0,9.0,0.21,2,275.0,0.3,338,111.0,9.2,224.0,0.5,2,275.0,1.2,248,104.0,7.1,141.0,-3.1,2,275.0,1.8,232,89.0,7.8,184.0
"2025-01-09 14:15:00",1.4,138.0,9.0,0.12,2,277.0,0.21,366,107.0,10.2,238.0,0.2,2,277.0,1.9,214,95.0,6.5,119.0,-1.4,2,277.0,1.8,195,76.0,7.8,184.0
"2025-01-09 14:30:00",2.5,121.0,9.0,0.22,2,274.0,0.36,427,163.0,8.9,207.0,-0.3,2,274.0,1.8,326,129.0,7.9,159.0,-2.5,2,274.0,2.2,284,115.0,8.1,186.0
"2025-01-09 14:45:00",1.8,125.0,9.0,0.09,2,275.0,0.25,368,113.0,9.9,243.0,-0.1,2,275.0,1.2,207,97.0,6.3,126.0,-1.8,2,275.0,1.9,226,85.0,8.2,201.0
"2025-01-09 15:00:00",4.2,124.0,9.0,0.18,2,275.0,0.34,374,113.0,9.9,237.0,-0.3,2,275.0,1.3,248,98.0,7.4,154.0,-4.2,2,275.0,2.9,246,90.0,8.0,181.0
"2025-01-09 15:15:00",5.4,125.0,9.0,0.18,2,276.0,0.25,376,113.0,9.8,227.0,-0.3,2,276.0,1.1,276,103.0,7.8,167.0,-5.3,2,276.0,2.7,247,93.0,7.9,192.0
"2025-01-09 15:30:00",3.9,135.0,9.0,0.22,2,275.0,0.28,491,124.0,11.3,252.0,0.5,2,275.0,1.1,298,106.0,8.4,191.0,-3.9,2,275.0,2.5,321,101.0,9.3,232.0
"2025-01-09 15:45:00",2.5,143.0,9.0,0.08,2,273.0,0.21,401,115.0,10.3,240.0,0.6,2,273.0,1.0,222,97.0,6.8,135.0,-2.4,2,273.0,2.5,228,93.0,7.4,175.0
"2025-01-09 16:00:00",1.5,155.0,9.0,0.09,2,273.0,0.27,401,152.0,8.8,214.0,0.7,2,273.0,1.7,238,120.0,5.7,86.0,-1.3,2,273.0,2.5,239,116.0,6.2,115.0
"2025-01-09 16:15:00",0.5,146.0,9.0,0.04,9,275.0,0.19,321,109.0,8.9,205.0,0.2,9,275.0,1.0,176,97.0,5.1,57.0,-0.5,9,275.0,1.1,181,82.0,6.5,129.0
"2025-01-09 16:30:00",0.5,115.0,9.0,0.04,9,273.0,0.22,325,105.0,9.3,223.0,-0.1,9,273.0,1.0,167,92.0,5.0,57.0,-0.5,9,273.0,1.1,178,80.0,6.7,143.0
"2025-01-09 16:45:00",0.6,144.0,9.0,0.06,2,273.0,0.2,313,103.0,9.2,225.0,0.2,2,273.0,1.0,166,90.0,5.1,67.0,-0.6,2,273.0,1.1,175,77.0,6.9,146.0
"2025-01-09 17:00:00",0.9,153.0,9.0,0.08,2,273.0,0.21,304,104.0,8.9,217.0,0.4,2,273.0,1.4,169,94.0,4.9,56.0,-0.8,2,273.0,1.3,183,80.0,6.9,151.0
"2025-01-09 17:15:00",1.6,137.0,9.0,0.06,2,275.0,0.2,464,137.0,10.4,219.0,0.2,2,275.0,1.4,239,112.0,6.4,111.0,-1.5,2,275.0,2.8,252,106.0,7.5,164.0
"2025-01-09 17:30:00",0.8,132.0,9.0,0.02,2,273.0,0.2,523,131.0,11.4,237.0,0.1,2,273.0,1.1,251,106.0,7.0,138.0,-0.8,2,273.0,1.8,290,103.0,8.7,200.0
"2025-01-09 17:45:00",1.8,142.0,9.0,0.05,2,273.0,0.24,450,106.0,11.4,248.0,0.4,2,273.0,1.5,254,94.0,7.9,165.0,-1.8,2,273.0,2.1,241,84.0,8.7,219.0
"2025-01-09 18:00:00",3.3,129.0,9.0,0.13,9,273.0,0.27,463,105.0,12.1,250.0,0.1,9,273.0,1.3,334,95.0,10.0,219.0,-3.3,2,273.0,2.6,304,89.0,9.8,235.0
"2025-01-09 18:15:00",5.4,130.0,9.0,0.18,9,275.0,0.35,509,104.0,12.7,250.0,0.1,9,275.0,1.7,413,98.0,11.1,218.0,-5.4,2,275.0,2.7,401,95.0,11.1,233.0
"2025-01-09 18:30:00",6.0,127.0,9.0,0.3,9,273.0,0.43,599,114.0,13.8,268.0,-0.1,9,273.0,1.6,471,93.0,13.2,264.0,-6.0,2,273.0,2.3,528,105.0,13.0,266.0
"2025-01-09 18:45:00",4.5,130.0,9.0,0.16,9,273.0,0.26,515,101.0,13.5,263.0,0.2,9,273.0,1.2,322,88.0,10.7,242.0,-4.5,2,273.0,2.9,321,93.0,10.2,252.0
"2025-01-09 19:00:00",5.0,133.0,9.0,0.22,9,273.0,0.29,485,102.0,13.0,265.0,0.4,9,273.0,1.3,362,89.0,11.1,236.0,-5.0,2,273.0,2.9,328,89.0,10.7,252.0
"2025-01-09 19:15:00",6.8,126.0,9.0,0.68,9,275.0,0.57,494,159.0,9.7,213.0,-0.3,9,275.0,2.1,405,129.0,9.5,187.0,-6.8,2,275.0,2.2,401,123.0,10.0,216.0
"2025-01-09 19:30:00",6.3,130.0,9.0,0.66,9,273.0,0.59,565,123.0,12.9,272.0,0.2,9,273.0,1.8,530,103.0,13.5,267.0,-6.3,2,273.0,2.3,525,105.0,13.4,273.0
"2025-01-09 19:45:00",4.7,142.0,9.0,0.53,9,273.0,0.52,516,112.0,12.9,270.0,1.2,9,273.0,2.1,494,103.0,13.1,267.0,-4.6,2,273.0,2.3,484,95.0,13.7,270.0
"2025-01-09 20:00:00",5.1,129.0,9.0,0.75,9,273.0,0.71,474,118.0,11.7,269.0,0.1,9,273.0,1.9,414,95.0,12.1,262.0,-5.1,2,273.0,1.9,381,81.0,12.9,265.0
"2025-01-09 20:15:00",5.1,126.0,9.0,0.37,9,275.0,0.48,393,94.0,11.6,251.0,-0.2,9,275.0,2.2,371,88.0,11.4,239.0,-5.0,2,275.0,2.6,292,77.0,11.0,251.0
"2025-01-09 20:30:00",5.2,138.0,9.0,0.43,9,273.0,0.68,494,113.0,12.3,268.0,0.9,9,273.0,2.6,483,111.0,12.3,265.0,-5.1,2,273.0,3.3,405,100.0,11.7,265.0
"2025-01-09 20:45:00",5.7,128.0,9.0,0.2,9,273.0,0.53,487,111.0,12.3,262.0,0.0,9,273.0,2.7,516,119.0,11.8,251.0,-5.7,2,273.0,3.4,454,107.0,11.8,266.0
"2025-01-09 21:00:00",7.0,123.0,9.0,0.41,9,273.0,0.63,547,135.0,12.1,264.0,-0.6,9,273.0,2.7,578,134.0,12.0,258.0,-6.9,2,273.0,3.0,525,127.0,12.0,263.0
"2025-01-09 21:15:00",5.6,123.0,9.0,0.31,9,274.0,0.53,509,119.0,11.7,249.0,-0.5,9,274.0,2.5,574,125.0,11.8,250.0,-5.6,2,274.0,3.0,484,116.0,11.2,251.0
"2025-01-09 21:30:00",4.7,134.0,9.0,0.07,9,273.0,0.58,433,107.0,11.5,268.0,0.5,9,273.0,2.9,419,106.0,11.0,256.0,-4.7,2,273.0,3.4,418,106.0,11.1,263.0
"2025-01-09 21:45:00",5.6,127.0,9.0,0.16,9,273.0,0.8,595,139.0,12.1,270.0,-0.1,9,273.0,2.9,590,137.0,11.8,263.0,-5.6,2,273.0,3.8,593,140.0,12.0,271.0
"2025-01-09 22:00:00",8.2,125.0,9.0,0.76,9,273.0,0.69,726,151.0,13.2,269.0,-0.4,9,273.0,2.4,754,148.0,13.5,264.0,-8.2,2,273.0,2.9,710,147.0,13.2,268.0
"2025-01-09 22:15:00",6.2,133.0,9.0,0.5,9,275.0,0.79,584,136.0,11.7,250.0,0.5,9,275.0,2.8,635,137.0,12.0,247.0,-6.2,2,275.0,3.6,558,129.0,11.6,252.0
"2025-01-09 22:30:00",7.6,123.0,9.0,0.96,9,273.0,1.0,642,156.0,11.3,249.0,-0.6,9,273.0,2.8,572,136.0,10.7,216.0,-7.5,2,273.0,3.8,608,137.0,11.7,245.0
"2025-01-09 22:45:00",8.0,132.0,9.0,1.34,2,273.0,1.03,603,161.0,10.7,246.0,0.5,2,273.0,3.1,472,124.0,10.1,217.0,-8.0,2,273.0,3.4,527,135.0,11.1,252.0
"2025-01-09 23:00:00",7.4,131.0,9.0,1.26,9,273.0,0.95,611,153.0,11.4,265.0,0.4,9,273.0,2.7,492,122.0,10.4,223.0,-7.4,2,273.0,3.1,578,127.0,12.2,262.0
"2025-01-09 23:15:00",5.8,131.0,9.0,0.9,9,275.0,0.85,563,146.0,10.8,245.0,0.3,9,275.0,3.2,513,128.0,10.7,238.0,-5.8,2,275.0,3.8,541,131.0,11.2,247.0
"2025-01-09 23:30:00",4.1,135.0,9.0,0.45,9,273.0,0.87,514,131.0,11.5,268.0,0.5,9,273.0,2.9,513,133.0,10.9,256.0,-4.1,2,273.0,4.0,475,120.0,11.2,263.0
"2025-01-09 23:45:00",4.1,131.0,9.0,0.31,9,273.0,0.69,451,121.0,11.1,267.0,0.2,9,273.0,3.4,397,119.0,9.6,230.0,-4.1,2,273.0,3.9,416,108.0,11.0,261.0
"2025-01-10 00:00:00",6.7,131.0,9.0,0.95,9,273.0,0.85,608,159.0,11.1,263.0,0.4,9,273.0,2.9,624,148.0,11.7,256.0,-6.7,2,273.0,3.1,574,136.0,11.7,267.0
"2025-01-10 00:15:00",4.1,123.0,9.0,-0.13,9,274.0,0.82,477,126.0,10.8,243.0,-0.4,9,274.0,4.2,465,123.0,10.5,234.0,-4.1,2,274.0,4.1,447,110.0,11.0,246.0
"2025-01-10 00:30:00",5.0,123.0,9.0,0.04,9,273.0,0.47,426,108.0,10.9,231.0,-0.4,9,273.0,2.1,407,93.0,11.3,238.0,-5.0,2,273.0,2.9,357,88.0,10.8,240.0
"2025-01-10 00:45:00",3.0,124.0,9.0,0.13,9,273.0,0.27,340,107.0,9.9,232.0,-0.2,9,273.0,1.4,293,91.0,9.4,202.0,-3.0,2,273.0,1.8,254,78.0,9.9,247.0
"2025-01-10 01:00:00",2.8,129.0,9.0,0.05,9,273.0,0.23,418,95.0,12.4,260.0,0.0,9,273.0,1.2,322,86.0,10.7,240.0,-2.8,2,273.0,1.5,322,75.0,12.1,267.0
"2025-01-10 01:15:00",2.9,140.0,9.0,0.06,9,275.0,0.26,349,101.0,10.1,227.0,0.6,9,275.0,1.1,302,89.0,9.7,212.0,-2.8,2,275.0,1.6,285,80.0,10.3,232.0
"2025-01-10 01:30:00",2.9,125.0,9.0,0.02,9,273.0,0.22,373,101.0,11.0,251.0,-0.2,9,273.0,1.2,261,85.0,9.1,209.0,-2.9,9,273.0,2.0,235,79.0,9.2,233.0
"2025-01-10 01:45:00",3.5,126.0,9.0,0.07,9,272.0,0.24,390,107.0,10.8,246.0,-0.1,9,272.0,1.3,303,89.0,9.8,215.0,-3.5,2,272.0,2.4,297,86.0,10.2,239.0
"2025-01-10 02:00:00",0.8,79.0,9.0,0.07,9,273.0,0.19,316,100.0,9.6,223.0,-0.6,9,273.0,0.9,180,88.0,6.0,104.0,-0.5,9,273.0,1.4,194,79.0,7.6,169.0
"2025-01-10 02:15:00",2.5,119.0,9.0,0.11,9,274.0,0.2,325,100.0,9.6,218.0,-0.4,9,274.0,1.2,220,86.0,7.4,163.0,-2.5,9,274.0,2.4,224,81.0,8.1,191.0
"2025-01-10 02:30:00",4.1,114.0,9.0,0.15,9,273.0,0.23,357,117.0,9.6,226.0,-1.0,9,273.0,1.1,281,103.0,8.2,184.0,-4.0,2,273.0,2.8,280,100.0,8.8,226.0
"2025-01-10 02:45:00",4.4,121.0,9.0,0.08,9,273.0,0.3,375,108.0,10.4,241.0,-0.6,9,273.0,1.3,342,97.0,10.2,220.0,-4.4,2,273.0,1.8,321,91.0,10.4,239.0
"2025-01-10 03:00:00",3.0,121.0,9.0,0.07,9,272.0,0.29,388,100.0,11.3,262.0,-0.4,9,272.0,1.2,361,89.0,11.2,234.0,-3.0,2,272.0,1.7,334,79.0,11.8,263.0
"2025-01-10 03:15:00",2.7,125.0,9.0,-0.02,9,275.0,0.25,328,92.0,10.4,233.0,-0.1,9,275.0,1.2,289,82.0,9.7,206.0,-2.7,2,275.0,1.5,260,71.0,10.4,226.0
"2025-01-10 03:30:00",2.8,118.0,9.0,0.01,9,274.0,0.21,296,96.0,9.5,233.0,-0.5,9,274.0,1.0,229,85.0,8.1,196.0,-2.8,2,274.0,1.8,207,74.0,8.6,210.0
"2025-01-10 03:45:00",1.5,131.0,9.0,0.09,9,273.0,0.23,273,97.0,8.7,203.0,0.1,9,273.0,1.2,221,89.0,7.4,157.0,-1.5,9,273.0,1.3,197,71.0,8.5,186.0
"2025-01-10 04:00:00",0.9,54.0,9.0,0.02,9,273.0,0.25,253,102.0,7.6,170.0,-0.9,9,273.0,1.0,195,92.0,6.2,105.0,-0.2,9,273.0,1.2,176,77.0,6.9,151.0
"2025-01-10 04:15:00",1.2,58.0,9.0,0.02,9,275.0,0.19,313,135.0,7.1,148.0,-1.1,9,275.0,2.7,215,112.0,5.4,66.0,-0.4,9,275.0,0.9,211,104.0,5.8,96.0
"2025-01-10 04:30:00",0.6,105.0,0.0,-0.04,9,274.0,0.21,300,146.0,6.1,118.0,-0.2,9,274.0,0.8,220,126.0,4.7,39.0,-0.6,9,274.0,0.9,210,116.0,5.0,58.0
"2025-01-10 04:45:00",1.0,146.0,9.0,0.02,9,272.0,0.21,286,121.0,7.4,170.0,0.3,9,272.0,1.0,230,107.0,6.5,116.0,-1.0,9,272.0,1.4,210,103.0,6.2,122.0
"2025-01-10 05:00:00",1.2,120.0,9.0,0.03,9,273.0,0.21,273,96.0,8.8,215.0,-0.2,9,273.0,0.8,187,81.0,7.0,139.0,-1.2,9,273.0,1.4,180,76.0,7.3,171.0
"2025-01-10 05:15:00",4.3,122.0,9.0,0.02,9,275.0,0.33,365,159.0,7.0,143.0,-0.4,9,275.0,1.4,331,155.0,6.4,107.0,-4.3,2,275.0,2.0,345,172.0,6.0,98.0
"2025-01-10 05:30:00",4.3,131.0,0.0,-0.09,9,272.0,0.33,546,318.0,4.9,49.0,0.2,9,272.0,1.2,527,323.0,4.4,28.0,-4.3,2,272.0,3.1,575,362.0,4.1,19.0
"2025-01-10 05:45:00",3.6,120.0,0.0,0.02,9,273.0,0.34,491,268.0,5.3,64.0,-0.5,9,273.0,1.5,457,263.0,4.7,42.0,-3.6,2,273.0,2.6,494,309.0,4.0,15.0
"2025-01-10 06:00:00",3.4,137.0,0.0,0.04,9,272.0,0.22,452,256.0,5.0,51.0,0.6,9,272.0,1.3,453,262.0,4.8,39.0,-3.4,2,272.0,1.5,503,312.0,4.2,22.0
"2025-01-10 06:15:00",6.0,183.0,0.0,0.86,2,274.0,2.28,847,537.0,3.8,4.0,4.9,2,274.0,4.4,825,521.0,3.9,9.0,-3.4,2,274.0,9.5,933,590.0,3.9,5.0
"2025-01-10 06:30:00",11.7,89.0,0.0,0.06,2,273.0,0.6,668,414.0,4.1,8.0,-7.4,2,273.0,6.9,623,406.0,3.7,3.0,-9.1,2,273.0,0.1,753,488.0,3.7,2.0
"2025-01-10 06:45:00",3.9,250.0,0.0,-0.02,9,272.0,0.46,568,350.0,4.2,15.0,3.3,2,272.0,4.5,540,349.0,3.8,5.0,2.1,9,272.0,3.2,610,394.0,3.8,5.0
"2025-01-10 07:00:00",0.8,335.0,0.0,-0.97,2,273.0,1.19,814,517.0,3.9,4.0,-0.4,2,273.0,4.5,737,479.0,3.7,4.0,0.7,2,273.0,10.0,893,574.0,3.8,2.0
"2025-01-10 07:15:00",3.0,102.0,0.0,-0.45,9,274.0,0.87,824,509.0,4.1,16.0,-1.3,9,274.0,2.1,769,482.0,4.0,12.0,-2.7,9,274.0,2.3,863,545.0,3.9,11.0
"2025-01-10 07:30:00",4.2,199.0,0.0,-0.84,2,273.0,1.58,910,576.0,3.9,6.0,4.0,2,273.0,6.5,834,539.0,3.7,4.0,-1.4,2,273.0,6.9,1009,639.0,3.9,7.0
"2025-01-10 07:45:00",1.2,130.0,9.0,0.07,9,272.0,0.26,403,214.0,6.3,115.0,0.0,9,272.0,0.9,339,193.0,5.4,73.0,-1.2,9,272.0,1.5,371,205.0,6.2,112.0
"2025-01-10 08:00:00",0.9,112.0,9.0,0.01,9,272.0,0.22,300,97.0,9.6,230.0,-0.3,9,272.0,0.8,184,86.0,6.5,133.0,-0.9,9,272.0,1.4,216,74.0,9.0,210.0
"2025-01-10 08:15:00",1.3,114.0,9.0,-0.01,9,275.0,0.21,283,89.0,9.5,226.0,-0.3,9,275.0,0.9,221,84.0,7.8,184.0,-1.2,9,275.0,1.3,200,64.0,9.4,225.0
"2025-01-10 08:30:00",1.3,106.0,9.0,0.04,9,272.0,0.19,292,90.0,9.8,237.0,-0.5,9,272.0,1.0,197,83.0,7.2,145.0,-1.2,9,272.0,1.2,184,64.0,9.0,226.0
"2025-01-10 08:45:00",0.7,121.0,9.0,0.01,9,272.0,0.21,264,89.0,9.1,238.0,-0.1,9,272.0,0.7,182,82.0,6.7,143.0,-0.7,9,272.0,1.0,193,62.0,9.6,228.0
"2025-01-10 09:00:00",0.5,107.0,9.0,-0.02,9,273.0,0.2,274,93.0,9.1,220.0,-0.2,9,273.0,0.8,176,81.0,6.5,122.0,-0.5,9,273.0,1.0,185,64.0,8.9,211.0
"2025-01-10 09:15:00",1.1,113.0,9.0,0.01,9,274.0,0.22,314,122.0,8.6,177.0,-0.3,9,274.0,0.9,238,109.0,6.8,117.0,-1.1,9,274.0,1.6,228,91.0,8.1,161.0
"2025-01-10 09:30:00",1.0,107.0,9.0,0.02,9,272.0,0.2,286,96.0,9.3,207.0,-0.4,9,272.0,0.9,205,85.0,7.4,134.0,-0.9,9,272.0,1.0,212,74.0,9.0,202.0
"2025-01-10 09:45:00",0.9,109.0,9.0,0.0,9,273.0,0.2,301,118.0,8.2,171.0,-0.3,9,273.0,1.0,217,100.0,6.4,99.0,-0.8,9,273.0,1.4,224,91.0,7.7,148.0
"2025-01-10 10:00:00",1.7,146.0,9.0,0.1,2,272.0,0.69,1057,189.0,13.9,263.0,0.5,2,272.0,2.4,999,181.0,13.4,244.0,-1.7,2,272.0,2.4,797,148.0,13.5,261.0
"2025-01-10 10:15:00",0.7,45.0,9.0,0.02,2,274.0,0.42,779,136.0,14.2,255.0,-0.7,2,274.0,1.7,907,148.0,14.7,255.0,-0.1,2,274.0,1.9,645,112.0,14.3,254.0
"2025-01-10 10:30:00",0.9,55.0,9.0,0.14,2,272.0,0.51,767,153.0,13.1,254.0,-0.9,2,272.0,1.7,746,137.0,13.5,249.0,-0.3,2,272.0,1.4,577,116.0,12.5,234.0
"2025-01-10 10:45:00",1.4,33.0,9.0,0.11,2,273.0,0.48,700,179.0,11.8,240.0,-1.4,2,273.0,1.8,693,159.0,12.4,251.0,0.1,2,273.0,1.6,699,135.0,13.9,258.0
"2025-01-10 11:00:00",3.1,281.0,9.0,-0.13,2,273.0,0.97,913,204.0,12.0,255.0,1.4,2,273.0,4.4,956,205.0,12.2,252.0,2.8,2,273.0,4.1,815,179.0,12.1,255.0
"2025-01-10 11:15:00",2.7,301.0,9.0,0.01,2,276.0,0.36,414,122.0,10.1,235.0,0.3,2,276.0,2.9,333,110.0,8.9,202.0,2.7,2,276.0,3.4,292,100.0,8.8,227.0
"2025-01-10 11:30:00",3.1,299.0,9.0,-0.05,2,273.0,0.46,436,130.0,10.2,246.0,0.5,2,273.0,2.5,374,115.0,9.6,230.0,3.1,2,273.0,3.3,321,101.0,9.7,240.0
"2025-01-10 11:45:00",2.2,269.0,9.0,-0.07,2,273.0,0.45,412,118.0,10.5,250.0,1.4,2,273.0,2.4,292,99.0,8.8,206.0,1.7,2,273.0,2.5,284,84.0,10.3,254.0
"2025-01-10 12:00:00",4.3,292.0,9.0,0.02,2,273.0,0.5,483,191.0,8.0,168.0,1.2,2,273.0,3.1,425,175.0,7.4,149.0,4.1,2,273.0,4.1,375,173.0,6.8,123.0
"2025-01-10 12:15:00",3.3,294.0,9.0,0.0,2,275.0,0.33,438,171.0,8.4,191.0,0.8,2,275.0,2.3,389,146.0,8.2,174.0,3.2,2,275.0,4.0,340,133.0,7.9,197.0
"2025-01-10 12:30:00",2.0,269.0,9.0,-0.02,2,273.0,0.29,355,105.0,10.3,243.0,1.2,2,273.0,2.6,241,90.0,8.3,216.0,1.5,2,273.0,2.7,228,77.0,9.2,235.0
"2025-01-10 12:45:00",1.1,269.0,9.0,-0.05,2,273.0,0.26,375,140.0,8.6,198.0,0.7,2,273.0,2.6,259,122.0,6.6,131.0,0.9,2,273.0,1.9,263,117.0,7.3,162.0
"2025-01-10 13:00:00",2.3,301.0,9.0,-0.04,2,273.0,0.31,379,125.0,9.4,221.0,0.3,2,273.0,3.2,250,106.0,7.2,164.0,2.3,2,273.0,3.7,239,94.0,7.9,196.0
"2025-01-10 13:15:00",2.2,301.0,9.0,-0.01,2,275.0,0.39,359,126.0,8.8,208.0,0.3,2,275.0,3.5,247,107.0,6.9,154.0,2.2,2,275.0,3.6,233,94.0,7.7,187.0
"2025-01-10 13:30:00",1.7,286.0,9.0,-0.02,2,273.0,0.34,356,121.0,9.1,219.0,0.6,2,273.0,2.9,253,105.0,7.4,171.0,1.6,2,273.0,2.6,249,98.0,8.0,203.0
"2025-01-10 13:45:00",2.2,296.0,9.0,-0.02,2,273.0,0.34,410,166.0,8.1,181.0,0.5,2,273.0,2.5,306,150.0,6.5,124.0,2.2,2,273.0,3.7,290,140.0,6.8,152.0
