"2025-01-07 00:00:00",7.0,117.0,9.0,0.13,2,273.0,0.3,593,120.0,13.6,271.0,-1.3,2,273.0,1.3,496,118.0,12.0,263.0,-6.9,2,273.0,5.2,491,159.0,9.5,250.0
"2025-01-07 00:15:00",7.4,119.0,9.0,0.13,9,276.0,0.33,624,129.0,12.8,252.0,-1.2,9,276.0,1.6,553,123.0,12.1,250.0,-7.3,2,276.0,4.5,545,159.0,9.8,246.0
"2025-01-07 00:30:00",8.5,120.0,9.0,0.16,9,273.0,0.38,704,144.0,13.5,273.0,-1.2,9,273.0,1.5,667,140.0,12.8,269.0,-8.4,2,273.0,4.4,634,176.0,10.5,264.0
"2025-01-07 00:45:00",7.7,120.0,9.0,0.03,2,273.0,0.29,622,133.0,13.2,266.0,-1.1,2,273.0,1.4,557,131.0,12.2,257.0,-7.6,2,273.0,5.1,527,163.0,9.7,256.0
"2025-01-07 01:00:00",7.2,123.0,9.0,0.09,2,274.0,0.32,630,125.0,13.7,273.0,-0.6,2,274.0,1.5,542,122.0,12.5,269.0,-7.2,2,274.0,4.8,517,159.0,9.8,267.0
"2025-01-07 01:15:00",7.6,126.0,9.0,0.17,2,275.0,0.32,592,123.0,12.7,251.0,-0.3,2,275.0,1.5,515,116.0,11.9,241.0,-7.6,2,275.0,4.9,514,152.0,9.8,244.0
"2025-01-07 01:30:00",7.0,127.0,9.0,0.16,9,274.0,0.34,640,129.0,13.4,269.0,-0.1,9,274.0,1.4,565,120.0,12.6,264.0,-7.0,2,274.0,4.6,571,167.0,10.2,263.0
"2025-01-07 01:45:00",6.8,128.0,9.0,0.16,9,273.0,0.3,642,129.0,13.6,272.0,0.1,9,273.0,1.5,547,117.0,12.6,267.0,-6.8,2,273.0,4.6,524,156.0,10.1,262.0
"2025-01-07 02:00:00",5.9,123.0,9.0,0.24,9,274.0,0.34,591,121.0,13.4,271.0,-0.5,9,274.0,1.4,500,113.0,12.3,260.0,-5.9,2,274.0,4.3,475,147.0,9.8,258.0
"2025-01-07 02:15:00",7.5,125.0,9.0,0.21,9,274.0,0.34,665,140.0,12.6,250.0,-0.4,9,274.0,1.5,565,134.0,11.4,236.0,-7.5,2,274.0,4.0,576,159.0,10.2,247.0
"2025-01-07 02:30:00",7.6,130.0,9.0,0.26,9,273.0,0.33,668,146.0,13.0,264.0,0.2,9,273.0,1.3,660,138.0,13.1,267.0,-7.6,2,273.0,3.9,614,173.0,10.4,259.0
"2025-01-07 02:45:00",9.3,128.0,9.0,0.17,9,273.0,0.39,741,154.0,13.2,268.0,0.0,9,273.0,1.5,675,140.0,12.8,262.0,-9.3,2,273.0,4.0,640,182.0,10.3,254.0
"2025-01-07 03:00:00",8.6,131.0,9.0,0.13,9,272.0,0.37,729,149.0,13.3,269.0,0.4,9,272.0,1.5,653,138.0,12.8,267.0,-8.5,2,272.0,4.4,650,177.0,10.5,257.0
"2025-01-07 03:15:00",8.6,127.0,9.0,0.01,9,275.0,0.42,717,148.0,12.7,253.0,-0.1,9,275.0,1.7,607,135.0,12.1,247.0,-8.6,2,275.0,4.4,653,177.0,10.1,247.0
"2025-01-07 03:30:00",8.1,125.0,9.0,0.12,9,273.0,0.34,748,143.0,13.9,273.0,-0.4,9,273.0,1.4,679,135.0,13.1,271.0,-8.1,2,273.0,3.9,671,172.0,11.0,259.0
"2025-01-07 03:45:00",7.2,133.0,9.0,0.13,9,272.0,0.33,711,149.0,13.1,264.0,0.6,9,272.0,1.7,640,138.0,12.5,264.0,-7.2,2,272.0,4.1,625,172.0,10.4,253.0
"2025-01-07 04:00:00",8.4,143.0,9.0,0.28,9,273.0,0.56,907,199.0,12.6,270.0,2.1,9,273.0,2.1,968,197.0,13.1,270.0,-8.1,2,273.0,3.3,901,217.0,11.5,264.0
"2025-01-07 04:15:00",8.2,141.0,9.0,0.32,9,274.0,0.48,891,195.0,12.3,248.0,1.9,9,274.0,2.0,936,184.0,13.0,251.0,-8.0,2,274.0,2.9,842,203.0,11.2,252.0
"2025-01-07 04:30:00",8.9,134.0,9.0,0.31,9,273.0,0.4,965,187.0,13.8,272.0,1.0,9,273.0,1.6,966,181.0,13.9,269.0,-8.8,2,273.0,2.1,954,211.0,12.6,270.0
"2025-01-07 04:45:00",8.3,137.0,9.0,0.28,9,273.0,0.4,911,174.0,13.8,271.0,1.4,9,273.0,1.7,930,173.0,13.9,271.0,-8.2,2,273.0,2.4,919,195.0,12.8,272.0
"2025-01-07 05:00:00",6.9,144.0,9.0,0.19,9,273.0,0.39,809,167.0,13.1,268.0,1.9,9,273.0,1.5,772,153.0,13.3,266.0,-6.6,2,273.0,2.5,733,170.0,12.1,268.0
"2025-01-07 05:15:00",7.0,146.0,9.0,0.24,9,274.0,0.37,738,162.0,12.2,247.0,2.2,9,274.0,2.0,716,153.0,12.2,251.0,-6.6,2,274.0,3.1,698,159.0,11.5,251.0
"2025-01-07 05:30:00",7.2,143.0,9.0,0.27,9,273.0,0.43,873,180.0,13.3,271.0,1.9,9,273.0,1.9,844,167.0,13.5,272.0,-7.0,2,273.0,2.7,839,183.0,12.5,272.0
"2025-01-07 05:45:00",6.9,143.0,9.0,0.19,9,272.0,0.46,851,173.0,13.2,268.0,1.8,9,272.0,2.0,790,160.0,13.2,268.0,-6.6,2,272.0,3.0,770,172.0,12.4,271.0
"2025-01-07 06:00:00",6.5,139.0,9.0,0.29,9,273.0,0.43,761,163.0,12.9,268.0,1.2,9,273.0,1.8,687,143.0,12.9,268.0,-6.4,2,273.0,2.9,705,156.0,12.3,271.0
"2025-01-07 06:15:00",6.9,137.0,9.0,0.5,9,274.0,0.57,1076,226.0,12.3,245.0,1.1,9,274.0,2.2,994,189.0,13.0,251.0,-6.8,2,274.0,2.6,1064,210.0,12.6,252.0
"2025-01-07 06:30:00",5.3,137.0,9.0,0.19,9,273.0,0.48,1353,219.0,15.2,273.0,0.9,9,273.0,1.6,1395,207.0,15.9,273.0,-5.3,2,273.0,2.2,1439,231.0,15.1,273.0
"2025-01-07 06:45:00",4.5,139.0,9.0,-0.04,9,272.0,0.47,1151,184.0,15.6,272.0,0.9,9,272.0,1.9,1207,175.0,16.2,271.0,-4.4,2,272.0,2.2,1245,202.0,15.3,272.0
"2025-01-07 07:00:00",5.2,135.0,9.0,0.12,9,273.0,0.42,1200,181.0,16.0,271.0,0.6,9,273.0,1.7,1129,169.0,15.9,273.0,-5.2,2,273.0,2.0,1241,194.0,15.4,273.0
"2025-01-07 07:15:00",5.5,131.0,9.0,0.1,9,274.0,0.36,980,155.0,14.7,255.0,0.3,9,274.0,1.6,953,152.0,14.5,252.0,-5.5,2,274.0,2.0,1007,169.0,14.1,254.0
"2025-01-07 07:30:00",5.1,139.0,9.0,0.26,9,272.0,0.37,1264,176.0,16.6,272.0,1.0,9,272.0,1.4,1177,168.0,16.2,271.0,-5.0,2,272.0,1.6,1303,188.0,16.2,272.0
"2025-01-07 07:45:00",5.4,143.0,9.0,0.29,9,273.0,0.42,1143,195.0,14.5,264.0,1.4,9,273.0,1.7,1249,199.0,15.1,269.0,-5.2,2,273.0,2.1,1195,191.0,14.9,271.0
"2025-01-07 08:00:00",4.2,144.0,9.0,0.13,9,272.0,0.47,878,203.0,12.3,242.0,1.1,9,272.0,1.5,822,171.0,12.5,242.0,-4.0,2,272.0,2.5,818,187.0,12.0,239.0
"2025-01-07 08:15:00",5.3,141.0,9.0,0.26,9,275.0,0.31,1000,158.0,14.7,255.0,1.2,9,275.0,1.3,943,149.0,14.5,251.0,-5.2,2,275.0,2.0,995,160.0,14.2,251.0
"2025-01-07 08:30:00",4.9,137.0,9.0,0.16,9,271.0,0.37,1210,175.0,16.3,270.0,0.7,9,271.0,1.5,1209,170.0,16.5,270.0,-4.8,2,271.0,1.8,1289,189.0,16.1,271.0
"2025-01-07 08:45:00",3.6,155.0,9.0,0.01,9,271.0,0.28,776,124.0,15.4,270.0,1.7,9,271.0,1.1,716,122.0,14.8,269.0,-3.2,2,271.0,1.5,744,127.0,14.8,271.0
"2025-01-07 09:00:00",5.3,155.0,9.0,0.14,9,272.0,0.33,804,141.0,14.5,268.0,2.4,9,272.0,1.6,741,134.0,14.1,265.0,-4.7,2,272.0,2.2,750,147.0,13.4,270.0
"2025-01-07 09:15:00",5.7,133.0,9.0,0.32,9,275.0,0.43,991,172.0,13.8,249.0,0.5,9,275.0,1.7,987,164.0,14.2,253.0,-5.7,2,275.0,2.2,978,176.0,13.5,255.0
"2025-01-07 09:30:00",7.3,129.0,9.0,0.35,9,272.0,0.52,1382,219.0,15.6,271.0,0.2,9,272.0,1.9,1381,207.0,15.9,272.0,-7.3,2,272.0,2.3,1372,239.0,14.7,271.0
"2025-01-07 09:45:00",8.0,139.0,9.0,0.44,9,272.0,0.72,1231,282.0,12.2,249.0,1.5,9,272.0,2.8,1253,257.0,12.8,249.0,-7.8,2,272.0,3.2,1244,274.0,12.1,252.0
"2025-01-07 10:00:00",7.0,136.0,9.0,0.4,2,273.0,0.56,1072,204.0,13.6,270.0,0.9,2,273.0,2.0,1114,189.0,14.5,271.0,-6.9,2,273.0,2.8,1059,204.0,13.3,271.0
"2025-01-07 10:15:00",6.8,143.0,9.0,0.28,2,275.0,0.45,902,191.0,12.1,246.0,1.8,2,275.0,1.9,913,173.0,12.6,246.0,-6.6,2,275.0,3.0,859,184.0,11.8,250.0
"2025-01-07 10:30:00",6.5,144.0,9.0,0.18,2,272.0,0.45,691,152.0,12.6,263.0,1.7,2,272.0,2.1,676,140.0,12.6,263.0,-6.2,2,272.0,3.5,628,153.0,11.5,265.0
"2025-01-07 10:45:00",7.6,142.0,9.0,0.1,2,272.0,0.48,706,141.0,13.5,268.0,1.8,2,272.0,2.1,671,131.0,13.4,268.0,-7.4,2,272.0,3.6,601,151.0,11.4,263.0
"2025-01-07 11:00:00",6.7,138.0,9.0,0.08,2,274.0,0.37,600,128.0,13.0,270.0,1.1,2,274.0,1.6,589,119.0,13.1,263.0,-6.6,2,274.0,3.4,523,138.0,11.0,269.0
"2025-01-07 11:15:00",7.4,137.0,9.0,0.1,2,275.0,0.35,631,132.0,12.7,253.0,1.1,2,275.0,1.5,567,118.0,12.5,245.0,-7.3,2,275.0,3.6,577,145.0,11.0,252.0
"2025-01-07 11:30:00",6.4,142.0,9.0,0.16,2,273.0,0.32,685,164.0,12.4,242.0,1.5,2,273.0,1.4,630,140.0,12.6,245.0,-6.2,2,273.0,3.5,608,166.0,10.8,248.0
"2025-01-07 11:45:00",1.7,149.0,9.0,0.05,2,273.0,0.25,410,100.0,11.9,261.0,0.6,2,273.0,1.2,270,89.0,9.3,229.0,-1.6,2,273.0,3.1,306,92.0,10.2,263.0
"2025-01-07 12:00:00",2.3,150.0,9.0,0.01,2,274.0,0.23,429,101.0,12.3,269.0,0.8,2,274.0,1.3,307,90.0,10.2,245.0,-2.1,2,274.0,3.5,320,101.0,9.8,262.0
"2025-01-07 12:15:00",5.0,136.0,9.0,-0.01,2,275.0,0.26,465,104.0,12.2,252.0,0.7,2,275.0,1.3,389,95.0,11.1,244.0,-5.0,2,275.0,5.0,372,109.0,9.7,242.0
"2025-01-07 12:30:00",4.6,135.0,9.0,0.05,2,273.0,0.24,483,105.0,12.8,270.0,0.6,2,273.0,1.3,422,95.0,12.3,263.0,-4.6,2,273.0,4.5,385,119.0,9.9,262.0
"2025-01-07 12:45:00",5.7,132.0,9.0,0.09,2,274.0,0.36,527,114.0,12.9,269.0,0.4,2,274.0,1.8,453,104.0,12.1,259.0,-5.7,2,274.0,4.0,414,123.0,10.2,267.0
"2025-01-07 13:00:00",3.8,127.0,9.0,0.05,2,273.0,0.29,486,110.0,12.7,262.0,0.0,2,273.0,1.3,374,95.0,11.3,257.0,-3.8,2,273.0,3.5,388,114.0,10.4,267.0
"2025-01-07 13:15:00",3.2,114.0,9.0,0.04,2,275.0,0.35,521,165.0,10.5,207.0,-0.8,2,275.0,1.7,414,134.0,9.8,208.0,-3.1,2,275.0,4.0,423,151.0,9.1,211.0
"2025-01-07 13:30:00",3.1,113.0,9.0,0.07,2,273.0,0.24,497,108.0,12.9,259.0,-0.8,2,273.0,1.2,362,98.0,10.7,243.0,-3.0,2,273.0,2.9,381,106.0,10.7,263.0
"2025-01-07 13:45:00",3.9,112.0,9.0,0.35,2,274.0,0.35,539,120.0,12.7,272.0,-1.1,2,274.0,1.2,474,106.0,12.3,261.0,-3.8,2,274.0,2.1,439,110.0,11.8,266.0
"2025-01-07 14:00:00",4.9,116.0,9.0,0.09,2,273.0,0.29,538,111.0,13.3,268.0,-1.1,2,273.0,1.3,436,106.0,11.6,259.0,-4.8,2,273.0,4.4,430,121.0,10.4,265.0
"2025-01-07 14:15:00",3.9,129.0,9.0,0.15,2,275.0,0.28,457,106.0,12.1,252.0,0.1,2,275.0,1.4,392,99.0,10.9,236.0,-3.9,2,275.0,3.4,349,102.0,10.3,245.0
"2025-01-07 14:30:00",4.8,128.0,9.0,0.51,2,273.0,0.52,627,135.0,13.0,270.0,0.0,2,273.0,1.6,537,117.0,12.2,256.0,-4.8,2,273.0,2.3,572,123.0,12.7,272.0
"2025-01-07 14:45:00",2.8,113.0,9.0,0.17,2,273.0,0.29,474,110.0,12.3,264.0,-0.7,2,273.0,1.2,324,99.0,9.6,226.0,-2.8,2,273.0,3.0,335,103.0,9.9,253.0
"2025-01-07 15:00:00",5.1,118.0,9.0,0.16,2,273.0,0.33,505,128.0,12.1,260.0,-0.9,2,273.0,1.6,373,114.0,10.2,234.0,-5.0,2,273.0,4.8,384,127.0,9.5,244.0
"2025-01-07 15:15:00",3.7,126.0,9.0,0.11,2,276.0,0.3,487,131.0,11.5,214.0,-0.1,2,276.0,1.3,339,111.0,9.1,136.0,-3.7,2,276.0,3.9,338,114.0,9.2,144.0
"2025-01-07 15:30:00",1.7,138.0,9.0,0.14,2,273.0,0.24,443,106.0,12.2,233.0,0.3,2,273.0,1.5,282,95.0,9.0,131.0,-1.7,2,273.0,1.8,337,95.0,10.8,192.0
"2025-01-07 15:45:00",1.5,116.0,9.0,0.1,2,273.0,0.24,449,105.0,12.5,232.0,-0.3,2,273.0,1.5,307,99.0,9.5,155.0,-1.5,2,273.0,1.9,321,95.0,10.5,193.0
"2025-01-07 16:00:00",4.4,127.0,9.0,0.26,2,273.0,0.41,513,122.0,12.3,239.0,-0.1,2,273.0,2.2,407,111.0,10.6,190.0,-4.4,2,273.0,3.5,394,111.0,10.6,195.0
"2025-01-07 16:15:00",6.2,129.0,9.0,0.19,2,276.0,0.44,530,124.0,12.0,250.0,0.1,2,276.0,2.0,441,109.0,11.1,240.0,-6.2,2,276.0,4.4,435,120.0,10.3,247.0
"2025-01-07 16:30:00",5.3,122.0,9.0,0.17,2,273.0,0.36,594,122.0,13.3,266.0,-0.6,2,273.0,1.6,466,114.0,11.0,240.0,-5.3,2,273.0,4.0,478,127.0,10.7,263.0
"2025-01-07 16:45:00",2.4,135.0,9.0,0.18,2,273.0,0.27,464,113.0,12.0,264.0,0.3,2,273.0,1.6,327,98.0,9.9,238.0,-2.4,2,273.0,2.6,337,95.0,10.8,264.0
"2025-01-07 17:00:00",5.2,134.0,9.0,0.33,2,273.0,0.39,552,135.0,12.1,258.0,0.5,2,273.0,1.8,444,119.0,11.0,244.0,-5.2,2,273.0,3.8,444,129.0,10.3,263.0
"2025-01-07 17:15:00",2.9,141.0,9.0,0.49,2,275.0,0.81,581,136.0,12.0,251.0,0.6,2,275.0,2.7,496,117.0,11.3,245.0,-2.9,2,275.0,2.0,499,101.0,13.1,252.0
"2025-01-07 17:30:00",1.0,144.0,9.0,0.09,2,274.0,0.26,552,114.0,13.4,266.0,0.3,2,274.0,1.9,426,108.0,11.4,264.0,-0.9,2,274.0,1.7,457,92.0,13.8,269.0
"2025-01-07 17:45:00",1.0,112.0,9.0,0.08,2,273.0,0.27,497,105.0,13.2,269.0,-0.3,2,273.0,1.6,349,92.0,11.1,259.0,-1.0,2,273.0,2.0,393,88.0,12.9,265.0
"2025-01-07 18:00:00",3.0,132.0,9.0,0.19,9,273.0,0.31,552,114.0,13.5,267.0,0.2,9,273.0,1.9,478,108.0,12.5,269.0,-3.0,2,273.0,2.7,457,109.0,12.3,273.0
"2025-01-07 18:15:00",5.1,126.0,9.0,0.86,9,275.0,0.82,626,154.0,11.4,253.0,-0.2,9,275.0,2.0,542,124.0,11.8,252.0,-5.1,2,275.0,2.4,582,124.0,12.5,256.0
"2025-01-07 18:30:00",4.2,129.0,9.0,0.48,9,273.0,0.5,647,144.0,12.8,268.0,0.1,9,273.0,2.2,627,129.0,13.2,269.0,-4.2,2,273.0,2.7,558,125.0,12.6,270.0
"2025-01-07 18:45:00",3.8,125.0,9.0,0.41,9,273.0,0.46,573,136.0,12.6,266.0,-0.2,9,273.0,1.6,444,109.0,11.9,251.0,-3.8,2,273.0,2.5,443,116.0,11.5,261.0
"2025-01-07 19:00:00",2.5,130.0,9.0,0.34,9,274.0,0.48,522,128.0,12.1,267.0,0.1,9,274.0,1.3,360,98.0,10.7,246.0,-2.5,9,274.0,2.0,392,99.0,11.5,264.0
"2025-01-07 19:15:00",4.7,124.0,9.0,0.31,9,275.0,0.42,504,119.0,11.8,246.0,-0.4,9,275.0,1.5,377,99.0,10.5,233.0,-4.7,2,275.0,3.5,399,113.0,10.2,245.0
"2025-01-07 19:30:00",4.3,129.0,9.0,0.3,9,273.0,0.37,513,119.0,12.3,264.0,0.1,9,273.0,1.5,406,102.0,11.1,248.0,-4.3,2,273.0,3.7,388,112.0,10.6,264.0
"2025-01-07 19:45:00",5.3,125.0,9.0,0.38,9,273.0,0.47,546,123.0,12.6,268.0,-0.3,9,273.0,1.8,512,109.0,12.6,256.0,-5.3,2,273.0,3.7,447,121.0,11.0,269.0
"2025-01-07 20:00:00",5.7,133.0,9.0,0.51,9,273.0,0.55,547,130.0,12.1,268.0,0.5,9,273.0,2.0,496,110.0,12.4,262.0,-5.6,2,273.0,3.2,478,124.0,11.3,263.0
"2025-01-07 20:15:00",6.3,127.0,9.0,0.42,9,275.0,0.5,508,124.0,11.6,249.0,-0.1,9,275.0,1.9,426,104.0,11.2,240.0,-6.3,2,275.0,4.0,418,116.0,10.3,252.0
"2025-01-07 20:30:00",3.4,142.0,9.0,0.45,9,273.0,0.66,483,133.0,11.2,261.0,0.8,9,273.0,2.0,399,109.0,10.8,249.0,-3.3,2,273.0,2.4,421,99.0,12.3,268.0
"2025-01-07 20:45:00",0.8,150.0,9.0,0.08,9,273.0,0.26,475,104.0,13.0,270.0,0.3,9,273.0,2.1,301,92.0,10.0,242.0,-0.8,9,273.0,1.4,352,84.0,12.4,266.0
"2025-01-07 21:00:00",2.8,155.0,9.0,0.21,9,273.0,0.38,456,112.0,12.0,265.0,1.3,9,273.0,2.1,361,99.0,10.9,256.0,-2.5,9,273.0,2.6,378,96.0,11.8,269.0
"2025-01-07 21:15:00",4.9,150.0,9.0,0.85,9,276.0,0.94,514,143.0,10.5,247.0,1.9,9,276.0,2.7,459,118.0,10.7,244.0,-4.6,2,276.0,2.0,459,102.0,12.1,251.0
"2025-01-07 21:30:00",3.3,144.0,9.0,0.26,9,273.0,0.38,471,109.0,12.5,268.0,0.9,9,273.0,2.1,360,96.0,11.0,253.0,-3.1,2,273.0,2.7,371,92.0,11.9,269.0
"2025-01-07 21:45:00",6.1,133.0,9.0,0.37,9,273.0,0.52,566,125.0,12.7,269.0,0.5,9,273.0,2.5,466,112.0,11.8,262.0,-6.0,2,273.0,4.1,458,122.0,11.0,261.0
"2025-01-07 22:00:00",5.8,139.0,9.0,0.55,9,274.0,0.75,515,133.0,11.7,270.0,1.1,9,274.0,2.7,465,117.0,11.2,252.0,-5.7,2,274.0,3.6,470,118.0,11.5,265.0
"2025-01-07 22:15:00",1.8,167.0,9.0,0.2,9,275.0,0.56,408,111.0,11.0,243.0,1.1,9,275.0,2.9,318,96.0,9.6,218.0,-1.4,9,275.0,1.6,324,81.0,11.7,248.0
"2025-01-07 22:30:00",2.6,154.0,9.0,0.16,9,273.0,0.46,420,106.0,11.7,264.0,1.1,9,273.0,2.3,326,92.0,10.4,245.0,-2.3,9,273.0,2.7,339,84.0,11.7,262.0
"2025-01-07 22:45:00",2.8,151.0,9.0,0.45,9,273.0,0.6,480,117.0,12.0,266.0,1.1,9,273.0,2.1,346,95.0,10.6,245.0,-2.6,2,273.0,1.8,416,90.0,12.9,265.0
"2025-01-07 23:00:00",1.9,139.0,9.0,0.18,9,273.0,0.31,425,97.0,12.5,264.0,0.4,9,273.0,1.3,277,85.0,10.0,237.0,-1.9,9,273.0,2.0,296,81.0,11.1,263.0
"2025-01-07 23:15:00",3.9,127.0,9.0,0.34,9,276.0,0.36,448,105.0,12.0,253.0,0.0,9,276.0,1.3,355,95.0,10.7,228.0,-3.9,2,276.0,2.7,348,96.0,10.6,245.0
"2025-01-07 23:30:00",2.8,122.0,9.0,0.12,9,273.0,0.26,436,101.0,12.3,263.0,-0.3,9,273.0,1.1,305,94.0,9.4,212.0,-2.7,2,273.0,3.9,316,93.0,10.2,253.0
"2025-01-07 23:45:00",2.9,119.0,9.0,0.12,9,273.0,0.23,450,102.0,12.6,272.0,-0.4,9,273.0,1.0,276,91.0,9.2,211.0,-2.9,2,273.0,4.0,304,103.0,9.2,244.0
"2025-01-08 00:00:00",3.9,131.0,9.0,0.08,9,273.0,0.26,455,105.0,12.4,270.0,0.2,9,273.0,1.2,331,101.0,9.6,225.0,-3.9,2,273.0,4.5,318,106.0,9.3,237.0
"2025-01-08 00:15:00",4.6,131.0,9.0,0.31,9,276.0,0.42,473,141.0,10.2,229.0,0.2,9,276.0,1.9,352,123.0,8.6,189.0,-4.6,2,276.0,3.8,358,123.0,8.8,219.0
"2025-01-08 00:30:00",4.4,128.0,9.0,0.49,9,273.0,0.64,567,142.0,11.8,267.0,0.0,9,273.0,2.2,526,132.0,11.1,250.0,-4.4,2,273.0,3.3,499,130.0,11.3,253.0
"2025-01-08 00:45:00",0.9,113.0,9.0,0.01,9,274.0,0.29,499,119.0,12.8,252.0,-0.2,9,274.0,1.7,318,113.0,9.1,203.0,-0.9,9,274.0,1.5,369,107.0,11.4,233.0
"2025-01-08 01:00:00",0.4,116.0,9.0,0.11,9,273.0,0.24,471,89.0,14.2,266.0,-0.1,9,273.0,1.6,297,82.0,10.8,247.0,-0.4,9,273.0,1.0,343,72.0,13.5,273.0
"2025-01-08 01:15:00",0.2,110.0,9.0,0.1,9,276.0,0.15,489,96.0,13.5,255.0,-0.1,9,276.0,0.8,234,92.0,7.8,174.0,-0.2,9,276.0,0.5,346,66.0,13.7,252.0
"2025-01-08 01:30:00",0.6,123.0,9.0,0.04,9,273.0,0.15,611,95.0,15.8,272.0,0.0,9,273.0,1.0,305,89.0,10.6,244.0,-0.6,9,273.0,1.0,368,76.0,13.5,267.0
"2025-01-08 01:45:00",0.5,144.0,9.0,0.1,9,274.0,0.18,514,92.0,14.7,272.0,0.1,9,274.0,0.9,254,85.0,9.3,230.0,-0.5,9,274.0,0.8,367,71.0,14.1,268.0
"2025-01-08 02:00:00",0.4,139.0,9.0,0.07,9,273.0,0.21,561,150.0,13.1,249.0,0.1,9,273.0,1.6,323,118.0,9.2,218.0,-0.4,9,273.0,1.1,401,111.0,12.5,243.0
"2025-01-08 02:15:00",0.4,128.0,9.0,0.06,9,276.0,0.17,415,84.0,13.1,254.0,0.0,9,276.0,0.9,234,76.0,9.3,225.0,-0.4,9,276.0,1.0,286,64.0,12.6,247.0
"2025-01-08 02:30:00",0.3,140.0,9.0,0.06,9,273.0,0.2,470,129.0,12.2,243.0,0.1,9,273.0,0.8,258,111.0,8.1,183.0,-0.3,9,273.0,0.8,352,126.0,10.5,215.0
"2025-01-08 02:45:00",0.3,187.0,9.0,0.07,9,273.0,0.21,473,103.0,13.2,269.0,0.2,9,273.0,0.7,250,89.0,9.3,207.0,-0.1,9,273.0,0.7,350,90.0,12.6,255.0
"2025-01-08 03:00:00",0.8,186.0,9.0,0.05,9,274.0,0.17,536,151.0,11.3,243.0,0.7,9,274.0,0.8,321,147.0,7.1,140.0,-0.4,9,274.0,1.0,397,164.0,8.3,172.0
"2025-01-08 03:15:00",1.6,145.0,9.0,0.07,9,275.0,0.22,489,96.0,13.5,254.0,0.5,9,275.0,1.1,358,89.0,11.4,241.0,-1.6,9,275.0,2.3,370,96.0,11.2,252.0
"2025-01-08 03:30:00",2.3,118.0,9.0,0.07,9,274.0,0.23,533,101.0,14.1,270.0,-0.4,9,274.0,1.2,386,98.0,11.4,243.0,-2.3,2,274.0,2.7,393,108.0,11.1,263.0
"2025-01-08 03:45:00",2.0,110.0,9.0,0.11,9,273.0,0.34,556,147.0,12.3,243.0,-0.6,9,273.0,1.4,389,127.0,9.9,219.0,-1.9,9,273.0,2.0,442,133.0,11.0,244.0
"2025-01-08 04:00:00",3.0,136.0,9.0,0.05,9,274.0,0.25,560,105.0,14.3,271.0,0.4,9,274.0,1.3,425,96.0,12.5,261.0,-3.0,9,274.0,2.8,495,117.0,12.4,274.0
"2025-01-08 04:15:00",2.6,126.0,9.0,0.06,9,275.0,0.22,498,101.0,13.2,255.0,-0.1,9,275.0,1.1,365,98.0,10.9,242.0,-2.6,2,275.0,2.9,395,109.0,10.7,253.0
"2025-01-08 04:30:00",1.2,139.0,9.0,0.1,9,273.0,0.21,511,102.0,13.7,268.0,0.2,9,273.0,1.1,330,95.0,10.5,249.0,-1.2,9,273.0,1.5,405,91.0,12.9,267.0
"2025-01-08 04:45:00",0.8,141.0,9.0,0.05,9,274.0,0.2,487,101.0,13.4,271.0,0.2,9,274.0,0.9,319,94.0,10.5,244.0,-0.8,9,274.0,1.2,377,88.0,12.5,265.0
"2025-01-08 05:00:00",1.1,143.0,9.0,0.08,9,273.0,0.2,473,96.0,13.6,270.0,0.3,9,273.0,1.0,313,89.0,10.7,246.0,-1.1,9,273.0,1.4,406,89.0,13.0,265.0
"2025-01-08 05:15:00",0.3,135.0,9.0,0.01,9,275.0,0.19,465,97.0,13.0,252.0,0.0,9,275.0,0.9,264,92.0,8.8,190.0,-0.3,9,275.0,1.1,331,84.0,11.5,244.0
"2025-01-08 05:30:00",0.5,123.0,9.0,0.03,9,274.0,0.22,521,132.0,12.4,243.0,0.0,9,274.0,1.7,330,116.0,9.4,214.0,-0.5,9,274.0,1.2,389,112.0,11.6,240.0
"2025-01-08 05:45:00",0.4,178.0,9.0,0.03,9,273.0,0.19,440,87.0,13.8,271.0,0.3,9,273.0,0.9,265,73.0,10.9,252.0,-0.3,9,273.0,0.9,338,66.0,14.0,266.0
"2025-01-08 06:00:00",0.1,68.0,9.0,0.04,9,273.0,0.21,456,88.0,13.9,272.0,-0.1,9,273.0,1.0,246,77.0,9.8,242.0,0.0,9,273.0,0.7,334,68.0,13.7,267.0
"2025-01-08 06:15:00",0.4,131.0,9.0,0.06,9,276.0,0.19,479,90.0,13.8,254.0,0.0,9,276.0,1.0,242,77.0,9.4,225.0,-0.4,9,276.0,1.0,317,71.0,12.5,248.0
"2025-01-08 06:30:00",0.7,114.0,9.0,0.04,9,273.0,0.18,483,87.0,14.5,272.0,-0.2,9,273.0,1.1,296,77.0,11.2,247.0,-0.7,9,273.0,1.1,353,71.0,13.8,266.0
"2025-01-08 06:45:00",0.6,119.0,9.0,0.06,9,273.0,0.19,504,90.0,14.6,270.0,-0.1,9,273.0,0.9,301,79.0,11.1,247.0,-0.6,9,273.0,1.1,379,72.0,14.3,267.0
"2025-01-08 07:00:00",0.7,121.0,9.0,0.06,9,274.0,0.21,499,88.0,14.8,274.0,-0.1,9,274.0,1.1,300,80.0,11.0,246.0,-0.7,9,274.0,1.0,395,73.0,14.6,269.0
"2025-01-08 07:15:00",0.9,122.0,9.0,0.1,9,275.0,0.27,517,131.0,12.3,224.0,-0.1,9,275.0,1.2,309,106.0,9.3,191.0,-0.9,9,275.0,1.4,397,104.0,12.0,226.0
"2025-01-08 07:30:00",0.7,120.0,9.0,0.13,9,273.0,0.25,561,105.0,14.2,273.0,-0.1,9,273.0,0.9,305,86.0,10.6,238.0,-0.7,9,273.0,1.1,423,79.0,14.4,266.0
"2025-01-08 07:45:00",0.2,142.0,9.0,0.06,9,273.0,0.17,485,96.0,13.9,271.0,0.0,9,273.0,0.8,272,80.0,10.5,253.0,-0.2,9,273.0,0.7,365,68.0,14.4,269.0
"2025-01-08 08:00:00",0.9,86.0,9.0,0.19,9,273.0,0.2,498,94.0,14.1,271.0,-0.6,9,273.0,0.7,273,78.0,10.6,245.0,-0.6,9,273.0,0.6,364,67.0,14.6,271.0
"2025-01-08 08:15:00",0.3,76.0,9.0,0.1,9,276.0,0.2,503,101.0,13.3,254.0,-0.2,9,276.0,0.7,247,82.0,9.2,220.0,-0.2,9,276.0,0.8,360,72.0,13.5,254.0
"2025-01-08 08:30:00",0.2,174.0,9.0,0.02,9,273.0,0.18,574,94.0,15.5,272.0,0.1,9,273.0,0.7,256,84.0,9.6,207.0,-0.1,9,273.0,0.7,383,75.0,14.1,271.0
"2025-01-08 08:45:00",0.3,187.0,9.0,0.01,9,273.0,0.15,648,95.0,16.3,269.0,0.3,9,273.0,0.7,282,84.0,10.3,241.0,-0.2,9,273.0,1.0,358,73.0,13.7,267.0
"2025-01-08 09:00:00",0.3,188.0,9.0,0.03,9,274.0,0.17,543,115.0,14.0,263.0,0.3,9,274.0,0.9,301,97.0,9.9,216.0,-0.1,9,274.0,0.7,407,90.0,13.6,254.0
"2025-01-08 09:15:00",0.3,82.0,9.0,0.06,9,275.0,0.17,487,119.0,12.5,238.0,-0.2,9,275.0,0.9,254,98.0,8.3,137.0,-0.2,9,275.0,0.7,339,86.0,12.1,235.0
"2025-01-08 09:30:00",0.2,146.0,9.0,0.02,9,273.0,0.2,434,87.0,13.6,258.0,0.1,9,273.0,0.8,227,78.0,9.2,167.0,-0.2,9,273.0,0.7,329,69.0,13.4,253.0
"2025-01-08 09:45:00",0.7,118.0,9.0,0.06,9,273.0,0.21,442,88.0,13.7,268.0,-0.1,9,273.0,0.8,255,80.0,9.8,186.0,-0.7,9,273.0,1.3,319,75.0,12.5,250.0
"2025-01-08 10:00:00",0.4,158.0,9.0,-0.02,2,273.0,0.19,460,88.0,14.1,262.0,0.2,2,273.0,1.0,256,79.0,9.8,189.0,-0.3,2,273.0,1.2,321,72.0,12.9,254.0
"2025-01-08 10:15:00",0.9,138.0,9.0,0.04,2,275.0,0.21,408,91.0,12.4,246.0,0.2,2,275.0,1.3,274,88.0,9.3,202.0,-0.9,2,275.0,1.6,302,80.0,11.0,242.0
"2025-01-08 10:30:00",1.7,139.0,9.0,-0.01,2,273.0,0.24,471,92.0,13.8,271.0,0.3,2,273.0,1.6,312,87.0,10.3,232.0,-1.7,2,273.0,2.6,339,82.0,12.1,269.0
"2025-01-08 10:45:00",0.8,173.0,9.0,0.04,2,274.0,0.24,454,88.0,14.0,271.0,0.6,2,274.0,1.7,280,78.0,10.7,253.0,-0.6,2,274.0,1.1,329,69.0,13.4,267.0
"2025-01-08 11:00:00",1.3,132.0,9.0,0.01,2,273.0,0.23,432,102.0,12.6,265.0,0.1,2,273.0,1.4,275,95.0,9.0,201.0,-1.3,2,273.0,2.2,297,85.0,11.0,254.0
"2025-01-08 11:15:00",0.8,120.0,9.0,0.02,2,275.0,0.19,388,83.0,12.6,255.0,-0.1,2,275.0,1.0,227,76.0,9.0,226.0,-0.8,2,275.0,1.4,248,63.0,11.4,250.0
"2025-01-08 11:30:00",0.4,122.0,9.0,0.01,9,272.0,0.19,394,90.0,12.5,264.0,0.0,9,272.0,1.1,232,83.0,8.6,213.0,-0.4,9,272.0,1.2,277,67.0,12.1,258.0
"2025-01-08 11:45:00",0.9,181.0,9.0,0.03,2,273.0,0.23,421,97.0,12.5,265.0,0.7,2,273.0,2.0,284,93.0,9.3,229.0,-0.6,2,273.0,1.0,292,76.0,11.5,260.0
"2025-01-08 12:00:00",0.8,130.0,9.0,0.02,9,273.0,0.21,434,93.0,12.9,265.0,0.0,9,273.0,1.1,272,89.0,9.4,230.0,-0.8,9,273.0,1.3,287,75.0,11.4,262.0
"2025-01-08 12:15:00",0.9,132.0,9.0,0.11,2,276.0,0.28,434,105.0,11.8,252.0,0.1,2,276.0,1.7,298,108.0,8.3,195.0,-0.9,2,276.0,1.3,311,75.0,11.8,248.0
"2025-01-08 12:30:00",1.3,144.0,9.0,0.04,2,273.0,0.28,457,108.0,12.2,270.0,0.3,2,273.0,1.7,304,110.0,8.4,203.0,-1.2,2,273.0,1.7,326,87.0,11.4,262.0
"2025-01-08 12:45:00",1.0,113.0,9.0,0.02,2,273.0,0.24,428,107.0,12.1,267.0,-0.3,2,273.0,1.4,276,102.0,8.6,202.0,-1.0,2,273.0,1.7,289,83.0,10.9,256.0
"2025-01-08 13:00:00",1.1,148.0,9.0,-0.03,2,273.0,0.23,424,97.0,12.6,266.0,0.4,2,273.0,1.8,276,95.0,9.1,225.0,-1.0,2,273.0,2.1,282,77.0,11.1,259.0
"2025-01-08 13:15:00",0.8,160.0,9.0,0.02,2,275.0,0.25,416,101.0,11.8,248.0,0.4,2,275.0,1.6,266,100.0,8.1,197.0,-0.7,2,275.0,1.6,287,74.0,11.3,244.0
"2025-01-08 13:30:00",0.8,121.0,9.0,0.05,2,273.0,0.31,436,105.0,12.1,266.0,-0.1,2,273.0,2.0,268,108.0,7.6,178.0,-0.8,2,273.0,1.4,295,74.0,11.7,262.0
"2025-01-08 13:45:00",0.6,105.0,9.0,0.01,2,274.0,0.23,425,101.0,12.2,264.0,-0.2,2,274.0,1.5,271,104.0,8.1,195.0,-0.6,2,274.0,1.4,280,70.0,11.9,265.0
"2025-01-08 14:00:00",1.2,173.0,9.0,0.13,2,275.0,0.35,476,109.0,12.5,268.0,0.9,2,275.0,2.1,316,108.0,8.9,221.0,-0.9,2,275.0,1.3,337,73.0,13.0,268.0
"2025-01-08 14:15:00",0.5,155.0,9.0,0.06,2,276.0,0.22,407,87.0,12.7,251.0,0.2,2,276.0,1.2,235,82.0,8.8,202.0,-0.5,2,276.0,1.0,276,63.0,12.3,250.0
"2025-01-08 14:30:00",0.4,198.0,9.0,0.06,2,275.0,0.23,461,101.0,13.1,262.0,0.3,2,275.0,1.0,243,88.0,8.8,212.0,-0.1,2,275.0,0.9,298,73.0,12.4,260.0
"2025-01-08 14:45:00",0.7,199.0,9.0,0.05,2,275.0,0.21,537,105.0,13.8,275.0,0.7,2,275.0,1.3,271,100.0,8.5,217.0,-0.2,2,275.0,0.7,339,70.0,13.4,271.0
"2025-01-08 15:00:00",0.4,156.0,9.0,0.07,2,275.0,0.16,591,104.0,14.7,269.0,0.2,2,275.0,0.9,271,94.0,8.9,214.0,-0.4,2,275.0,0.6,371,66.0,14.7,271.0
"2025-01-08 15:15:00",0.6,156.0,9.0,0.07,2,275.0,0.19,601,100.0,14.8,255.0,0.3,2,275.0,0.9,280,86.0,9.9,224.0,-0.6,2,275.0,0.7,369,69.0,13.9,256.0
"2025-01-08 15:30:00",0.6,182.0,9.0,-0.01,2,273.0,0.18,642,101.0,15.6,270.0,0.5,2,273.0,0.9,301,80.0,11.2,258.0,-0.4,2,273.0,0.8,377,67.0,14.7,270.0
"2025-01-08 15:45:00",0.4,167.0,9.0,0.04,2,273.0,0.15,737,101.0,16.8,270.0,0.2,2,273.0,0.8,279,80.0,10.5,247.0,-0.3,2,273.0,0.7,380,72.0,14.2,269.0
"2025-01-08 16:00:00",0.5,158.0,9.0,0.08,9,273.0,0.16,626,102.0,15.4,271.0,0.2,9,273.0,0.9,280,88.0,9.7,238.0,-0.4,9,273.0,0.8,398,75.0,14.3,268.0
"2025-01-08 16:15:00",0.4,149.0,9.0,0.09,2,275.0,0.15,612,108.0,14.5,249.0,0.2,2,275.0,0.9,276,95.0,9.0,212.0,-0.4,2,275.0,0.7,353,79.0,12.8,252.0
"2025-01-08 16:30:00",0.4,125.0,9.0,0.1,9,273.0,0.16,667,110.0,15.1,271.0,0.0,9,273.0,0.8,268,94.0,8.9,230.0,-0.4,9,273.0,0.7,389,82.0,13.3,269.0
"2025-01-08 16:45:00",0.4,92.0,9.0,0.13,9,273.0,0.19,726,108.0,16.1,273.0,-0.2,9,273.0,0.7,259,93.0,8.7,221.0,-0.3,9,273.0,0.6,361,82.0,12.7,265.0
"2025-01-08 17:00:00",0.3,108.0,9.0,0.09,9,273.0,0.14,737,108.0,16.2,273.0,-0.1,9,273.0,0.7,279,93.0,9.4,233.0,-0.2,9,273.0,0.6,410,81.0,14.0,269.0
"2025-01-08 17:15:00",0.6,153.0,9.0,0.1,2,275.0,0.16,678,116.0,14.5,255.0,0.3,2,275.0,0.9,306,97.0,9.5,225.0,-0.6,2,275.0,0.7,413,86.0,12.9,250.0
"2025-01-08 17:30:00",0.6,161.0,9.0,0.1,2,273.0,0.19,656,114.0,14.6,270.0,0.3,2,273.0,0.8,321,99.0,10.0,243.0,-0.5,2,273.0,0.7,452,91.0,13.7,270.0
"2025-01-08 17:45:00",0.4,90.0,9.0,0.08,9,273.0,0.16,606,113.0,14.2,270.0,-0.2,9,273.0,0.8,293,100.0,9.2,223.0,-0.3,9,273.0,0.5,443,86.0,14.0,271.0
"2025-01-08 18:00:00",0.4,130.0,9.0,0.11,9,273.0,0.16,635,119.0,14.2,271.0,0.0,9,273.0,0.8,293,104.0,8.8,207.0,-0.4,9,273.0,0.8,407,88.0,13.0,266.0
"2025-01-08 18:15:00",0.4,146.0,9.0,0.07,9,275.0,0.18,743,121.0,14.9,255.0,0.1,9,275.0,0.7,305,106.0,8.9,216.0,-0.3,9,275.0,0.6,434,93.0,12.8,247.0
"2025-01-08 18:30:00",0.8,111.0,9.0,0.15,9,273.0,0.17,675,134.0,14.0,264.0,-0.2,9,273.0,0.8,318,123.0,8.3,186.0,-0.7,9,273.0,0.6,451,106.0,12.7,259.0
"2025-01-08 18:45:00",0.9,130.0,9.0,0.09,9,272.0,0.17,721,138.0,14.1,268.0,0.0,9,272.0,0.9,396,124.0,9.8,225.0,-0.9,9,272.0,1.1,477,113.0,12.3,261.0
"2025-01-08 19:00:00",1.1,138.0,9.0,0.07,9,273.0,0.19,706,122.0,14.9,273.0,0.2,9,273.0,0.9,382,109.0,10.7,241.0,-1.1,9,273.0,1.3,438,103.0,12.5,261.0
"2025-01-08 19:15:00",1.2,134.0,9.0,0.07,9,275.0,0.17,695,117.0,14.7,253.0,0.1,9,275.0,0.8,378,100.0,10.9,232.0,-1.2,9,275.0,1.3,436,95.0,12.6,255.0
"2025-01-08 19:30:00",0.4,104.0,9.0,0.08,9,273.0,0.17,674,118.0,14.9,271.0,-0.1,9,273.0,0.7,314,101.0,9.7,231.0,-0.3,9,273.0,0.7,422,92.0,13.0,262.0
"2025-01-08 19:45:00",0.4,132.0,9.0,0.06,9,273.0,0.17,669,117.0,14.8,273.0,0.0,9,273.0,0.8,324,104.0,9.8,229.0,-0.4,9,273.0,0.9,447,92.0,13.5,269.0
"2025-01-08 20:00:00",0.3,148.0,9.0,0.08,9,273.0,0.16,682,118.0,14.9,271.0,0.1,9,273.0,0.8,329,103.0,10.0,230.0,-0.3,9,273.0,0.7,409,90.0,13.0,263.0
"2025-01-08 20:15:00",0.2,275.0,9.0,0.09,9,275.0,0.17,712,169.0,13.4,231.0,0.1,9,275.0,1.0,399,151.0,9.0,195.0,0.1,9,275.0,2.2,446,128.0,11.6,228.0
"2025-01-08 20:30:00",0.3,162.0,9.0,0.06,9,273.0,0.17,625,117.0,14.3,271.0,0.2,9,273.0,0.7,312,105.0,9.5,223.0,-0.2,9,273.0,0.7,416,92.0,12.9,268.0
"2025-01-08 20:45:00",0.1,67.0,9.0,0.05,9,273.0,0.18,661,114.0,15.0,271.0,-0.1,9,273.0,0.7,305,98.0,9.8,229.0,-0.1,9,273.0,0.6,412,86.0,13.4,267.0
"2025-01-08 21:00:00",0.2,154.0,9.0,0.02,9,272.0,0.17,678,118.0,14.9,270.0,0.1,9,272.0,0.7,319,97.0,10.2,230.0,-0.2,9,272.0,0.7,410,88.0,13.1,265.0
"2025-01-08 21:15:00",0.3,141.0,9.0,0.03,9,275.0,0.16,637,128.0,13.3,253.0,0.1,9,275.0,0.9,323,114.0,8.7,194.0,-0.3,9,275.0,0.7,420,104.0,11.6,245.0
"2025-01-08 21:30:00",0.6,176.0,9.0,0.04,9,273.0,0.19,597,126.0,13.2,268.0,0.5,9,273.0,1.1,313,108.0,9.0,202.0,-0.4,9,273.0,1.0,380,100.0,11.4,256.0
"2025-01-08 21:45:00",0.9,165.0,9.0,0.03,9,271.0,0.18,732,121.0,15.1,271.0,0.6,9,271.0,1.1,352,102.0,10.5,232.0,-0.7,9,271.0,1.2,417,100.0,12.2,255.0
"2025-01-08 22:00:00",0.7,165.0,9.0,0.06,9,272.0,0.19,701,119.0,15.0,270.0,0.4,9,272.0,1.1,345,97.0,10.8,247.0,-0.6,9,272.0,1.0,424,95.0,12.8,261.0
"2025-01-08 22:15:00",0.8,156.0,9.0,0.06,9,274.0,0.22,680,155.0,13.3,245.0,0.4,9,274.0,1.0,373,132.0,9.4,186.0,-0.7,9,274.0,1.1,420,128.0,10.9,215.0
"2025-01-08 22:30:00",0.6,161.0,9.0,0.04,9,273.0,0.19,600,107.0,14.7,272.0,0.3,9,273.0,1.0,307,89.0,10.5,235.0,-0.5,9,273.0,1.1,372,85.0,12.7,259.0
"2025-01-08 22:45:00",0.7,175.0,9.0,0.05,9,273.0,0.19,571,105.0,14.4,268.0,0.5,9,273.0,1.2,309,94.0,10.2,233.0,-0.4,9,273.0,0.9,367,90.0,12.1,257.0
"2025-01-08 23:00:00",0.8,182.0,9.0,0.03,9,273.0,0.18,576,102.0,14.7,269.0,0.7,9,273.0,1.3,300,87.0,10.5,240.0,-0.5,9,273.0,1.1,357,84.0,12.4,252.0
"2025-01-08 23:15:00",0.6,170.0,9.0,0.01,9,275.0,0.19,484,96.0,13.4,253.0,0.4,9,275.0,1.0,276,86.0,9.8,214.0,-0.5,9,275.0,0.9,335,80.0,12.0,248.0
"2025-01-08 23:30:00",0.5,176.0,9.0,-0.01,9,273.0,0.19,538,100.0,14.3,273.0,0.4,9,273.0,1.2,278,87.0,9.9,236.0,-0.3,9,273.0,1.1,343,81.0,12.4,263.0
"2025-01-08 23:45:00",0.5,174.0,9.0,-0.02,9,273.0,0.17,523,100.0,14.1,270.0,0.4,9,273.0,0.9,263,90.0,9.2,213.0,-0.4,9,273.0,1.1,331,83.0,11.8,257.0
"2025-01-09 00:00:00",0.6,180.0,9.0,0.02,9,272.0,0.2,571,139.0,13.0,251.0,0.4,9,272.0,1.2,309,119.0,8.6,194.0,-0.4,9,272.0,1.4,361,112.0,10.7,228.0
"2025-01-09 00:15:00",0.7,175.0,9.0,-0.03,9,276.0,0.2,508,98.0,13.6,256.0,0.5,9,276.0,1.0,268,92.0,9.0,209.0,-0.5,9,276.0,1.0,326,78.0,11.8,246.0
"2025-01-09 00:30:00",0.8,177.0,9.0,0.01,9,273.0,0.2,527,100.0,14.2,273.0,0.6,9,273.0,1.0,277,93.0,9.4,230.0,-0.5,9,273.0,1.1,347,82.0,12.3,262.0
"2025-01-09 00:45:00",0.6,206.0,9.0,-0.01,9,273.0,0.2,546,100.0,14.4,270.0,0.6,9,273.0,1.0,280,92.0,9.4,225.0,-0.1,9,273.0,0.8,343,79.0,12.5,264.0
"2025-01-09 01:00:00",0.5,177.0,9.0,0.02,9,274.0,0.18,511,99.0,13.9,272.0,0.4,9,274.0,1.0,274,93.0,9.1,225.0,-0.3,9,274.0,0.9,343,82.0,12.2,260.0
"2025-01-09 01:15:00",0.8,151.0,9.0,0.03,9,275.0,0.2,467,95.0,13.1,253.0,0.3,9,275.0,1.0,267,88.0,9.3,218.0,-0.7,9,275.0,1.6,307,85.0,10.8,241.0
"2025-01-09 01:30:00",0.3,127.0,9.0,0.02,9,273.0,0.19,490,103.0,13.3,270.0,0.0,9,273.0,0.9,262,95.0,8.5,203.0,-0.3,9,273.0,0.8,324,86.0,11.3,253.0
"2025-01-09 01:45:00",0.2,103.0,9.0,0.03,9,274.0,0.23,529,149.0,11.9,245.0,-0.1,9,274.0,1.7,301,122.0,8.2,186.0,-0.2,9,274.0,1.7,356,116.0,10.3,229.0
"2025-01-09 02:00:00",0.6,200.0,9.0,0.02,9,273.0,0.17,540,92.0,15.0,272.0,0.6,9,273.0,1.0,267,84.0,9.9,239.0,-0.2,9,273.0,0.7,320,76.0,12.2,257.0
"2025-01-09 02:15:00",0.9,194.0,9.0,0.01,9,275.0,0.18,489,90.0,13.9,253.0,0.8,9,275.0,1.1,247,79.0,9.4,228.0,-0.4,9,275.0,1.4,305,74.0,11.7,245.0
"2025-01-09 02:30:00",1.0,193.0,9.0,0.01,9,274.0,0.2,557,96.0,14.8,273.0,0.9,9,274.0,1.2,285,84.0,10.4,256.0,-0.4,9,274.0,1.1,333,78.0,12.4,268.0
"2025-01-09 02:45:00",0.9,188.0,9.0,0.01,9,273.0,0.18,538,98.0,14.5,269.0,0.7,9,273.0,1.2,279,91.0,9.5,234.0,-0.4,9,273.0,1.2,340,80.0,12.4,265.0
"2025-01-09 03:00:00",1.2,187.0,9.0,0.01,9,273.0,0.17,543,96.0,14.8,272.0,1.0,9,273.0,1.4,280,96.0,9.1,230.0,-0.6,9,273.0,1.6,346,86.0,11.9,264.0
"2025-01-09 03:15:00",1.0,197.0,9.0,0.02,9,276.0,0.2,470,95.0,13.2,255.0,1.0,9,276.0,1.4,253,95.0,8.1,200.0,-0.4,9,276.0,0.8,325,78.0,11.7,244.0
"2025-01-09 03:30:00",0.8,163.0,9.0,0.07,9,273.0,0.19,507,103.0,13.5,266.0,0.4,9,273.0,1.2,265,101.0,8.1,204.0,-0.6,9,273.0,1.1,337,86.0,11.7,260.0
"2025-01-09 03:45:00",1.1,168.0,9.0,0.05,9,274.0,0.2,617,155.0,12.6,252.0,0.7,9,274.0,2.1,354,139.0,8.4,208.0,-0.8,9,274.0,1.9,406,128.0,10.5,233.0
"2025-01-09 04:00:00",1.1,183.0,9.0,0.05,9,273.0,0.2,514,103.0,13.6,270.0,0.9,9,273.0,1.5,280,103.0,8.5,215.0,-0.6,9,273.0,1.3,326,92.0,10.8,255.0
"2025-01-09 04:15:00",1.4,173.0,9.0,0.04,9,276.0,0.19,474,100.0,12.8,252.0,1.0,9,276.0,1.5,278,98.0,8.6,210.0,-1.0,9,276.0,2.0,308,88.0,10.4,240.0
"2025-01-09 04:30:00",1.2,171.0,9.0,0.04,9,273.0,0.2,503,103.0,13.4,264.0,0.8,9,273.0,1.6,292,102.0,8.9,229.0,-0.8,9,273.0,1.9,336,93.0,11.0,257.0
"2025-01-09 04:45:00",1.2,119.0,9.0,0.06,9,274.0,0.23,490,108.0,12.8,265.0,-0.2,9,274.0,1.4,294,105.0,8.6,211.0,-1.2,9,274.0,2.4,321,100.0,9.9,249.0
"2025-01-09 05:00:00",1.2,131.0,9.0,0.04,9,273.0,0.21,485,104.0,13.0,269.0,0.1,9,273.0,0.9,299,105.0,8.7,208.0,-1.2,9,273.0,2.7,322,98.0,10.2,255.0
"2025-01-09 05:15:00",2.4,105.0,9.0,0.14,9,275.0,0.25,493,128.0,11.2,247.0,-1.0,9,275.0,1.0,350,123.0,8.5,197.0,-2.2,9,275.0,2.6,365,130.0,8.6,210.0
"2025-01-09 05:30:00",1.0,123.0,9.0,0.11,9,273.0,0.22,509,127.0,12.0,262.0,-0.1,9,273.0,0.9,314,120.0,8.0,180.0,-1.0,9,273.0,1.4,367,118.0,9.9,231.0
"2025-01-09 05:45:00",0.4,91.0,9.0,0.07,9,273.0,0.2,460,105.0,12.5,265.0,-0.2,9,273.0,0.8,255,104.0,7.6,178.0,-0.3,9,273.0,0.8,328,92.0,10.8,249.0
"2025-01-09 06:00:00",0.8,98.0,9.0,0.07,9,273.0,0.19,476,105.0,12.8,266.0,-0.4,9,273.0,0.8,271,102.0,8.0,180.0,-0.7,9,273.0,1.9,324,100.0,10.0,243.0
"2025-01-09 06:15:00",1.6,120.0,9.0,0.11,9,276.0,0.25,472,112.0,11.8,251.0,-0.2,9,276.0,0.9,301,106.0,8.5,194.0,-1.6,9,276.0,2.9,328,106.0,9.4,232.0
"2025-01-09 06:30:00",4.1,123.0,9.0,0.2,9,273.0,0.28,558,122.0,12.8,265.0,-0.4,9,273.0,1.2,419,110.0,10.8,231.0,-4.1,2,273.0,3.9,439,129.0,10.2,259.0
"2025-01-09 06:45:00",5.6,124.0,9.0,0.2,9,273.0,0.31,599,130.0,12.8,269.0,-0.4,9,273.0,1.3,486,116.0,11.5,249.0,-5.6,2,273.0,4.5,509,140.0,10.5,256.0
"2025-01-09 07:00:00",4.7,122.0,9.0,0.23,9,273.0,0.32,541,135.0,12.0,258.0,-0.5,9,273.0,1.2,415,119.0,10.5,241.0,-4.7,2,273.0,4.3,408,135.0,9.3,244.0
"2025-01-09 07:15:00",2.5,116.0,9.0,0.17,9,276.0,0.23,473,114.0,11.8,251.0,-0.5,9,276.0,1.5,337,109.0,9.3,229.0,-2.5,2,276.0,3.4,346,117.0,9.1,240.0
"2025-01-09 07:30:00",2.6,126.0,9.0,0.16,9,273.0,0.26,488,115.0,12.4,267.0,-0.1,9,273.0,1.7,370,112.0,10.1,244.0,-2.6,2,273.0,3.2,380,120.0,9.9,258.0
"2025-01-09 07:45:00",3.0,133.0,9.0,0.11,9,273.0,0.25,525,122.0,12.4,263.0,0.3,9,273.0,1.6,374,119.0,9.7,232.0,-3.0,2,273.0,3.8,399,132.0,9.6,254.0
"2025-01-09 08:00:00",2.3,131.0,9.0,0.12,9,273.0,0.23,524,118.0,12.7,265.0,0.1,9,273.0,1.6,346,114.0,9.4,244.0,-2.3,2,273.0,3.2,384,120.0,10.0,255.0
"2025-01-09 08:15:00",4.1,130.0,9.0,0.15,9,276.0,0.29,548,121.0,12.4,253.0,0.2,9,276.0,1.7,426,122.0,10.2,236.0,-4.1,2,276.0,4.1,428,131.0,9.8,247.0
"2025-01-09 08:30:00",5.1,124.0,9.0,0.27,9,273.0,0.32,569,138.0,12.3,265.0,-0.4,9,273.0,1.6,449,127.0,10.6,241.0,-5.1,2,273.0,3.9,473,149.0,9.9,259.0
"2025-01-09 08:45:00",3.6,118.0,9.0,0.21,9,273.0,0.28,543,121.0,12.8,268.0,-0.6,9,273.0,1.5,396,113.0,10.5,251.0,-3.5,2,273.0,3.4,401,131.0,9.5,258.0
"2025-01-09 09:00:00",3.4,119.0,9.0,0.19,9,273.0,0.27,518,114.0,12.9,268.0,-0.5,9,273.0,1.5,394,108.0,10.9,255.0,-3.4,2,273.0,3.5,404,123.0,10.1,260.0
"2025-01-09 09:15:00",2.0,121.0,9.0,0.13,9,275.0,0.25,478,107.0,12.3,253.0,-0.2,9,275.0,1.5,337,104.0,9.6,232.0,-2.0,9,275.0,2.6,348,103.0,10.2,244.0
"2025-01-09 09:30:00",1.6,125.0,9.0,0.13,9,273.0,0.24,469,105.0,12.7,269.0,-0.1,9,273.0,1.2,300,95.0,9.7,241.0,-1.6,9,273.0,2.2,347,99.0,10.7,261.0
"2025-01-09 09:45:00",1.5,121.0,9.0,0.1,9,273.0,0.25,489,157.0,10.1,226.0,-0.2,9,273.0,1.3,319,146.0,7.0,141.0,-1.5,9,273.0,2.5,356,140.0,8.3,202.0
"2025-01-09 10:00:00",1.3,122.0,9.0,0.09,2,273.0,0.23,486,136.0,11.1,257.0,-0.1,2,273.0,1.4,314,124.0,8.0,202.0,-1.3,2,273.0,2.0,351,121.0,9.2,234.0
"2025-01-09 10:15:00",1.4,139.0,9.0,0.09,2,276.0,0.25,445,128.0,10.4,242.0,0.3,2,276.0,1.3,296,117.0,7.7,192.0,-1.4,2,276.0,2.4,336,116.0,8.8,225.0
"2025-01-09 10:30:00",2.9,131.0,9.0,0.03,2,273.0,0.33,515,135.0,11.3,256.0,0.1,2,273.0,2.0,393,127.0,9.0,222.0,-2.9,2,273.0,4.2,396,128.0,9.5,239.0
"2025-01-09 10:45:00",4.2,124.0,9.0,0.1,2,273.0,0.33,602,147.0,11.5,260.0,-0.3,2,273.0,1.4,507,138.0,9.8,227.0,-4.2,2,273.0,4.7,445,149.0,8.7,221.0
"2025-01-09 11:00:00",2.8,123.0,9.0,0.06,2,273.0,0.24,518,136.0,11.1,257.0,-0.2,2,273.0,1.7,346,127.0,8.2,205.0,-2.8,2,273.0,4.3,366,129.0,8.5,230.0
"2025-01-09 11:15:00",3.1,120.0,9.0,0.09,2,275.0,0.3,499,147.0,10.1,235.0,-0.4,2,275.0,1.5,379,136.0,8.1,191.0,-3.1,2,275.0,4.0,352,134.0,7.9,206.0
"2025-01-09 11:30:00",3.5,121.0,9.0,0.04,2,273.0,0.27,548,156.0,10.6,251.0,-0.4,2,273.0,1.4,429,143.0,8.7,193.0,-3.5,2,273.0,4.3,413,145.0,8.6,225.0
"2025-01-09 11:45:00",5.6,125.0,9.0,0.12,2,273.0,0.37,662,159.0,11.7,261.0,-0.3,2,273.0,1.7,564,144.0,10.3,223.0,-5.6,2,273.0,4.2,524,154.0,9.7,247.0
"2025-01-09 12:00:00",6.5,124.0,9.0,0.18,2,273.0,0.34,785,154.0,13.3,267.0,-0.5,2,273.0,1.6,702,143.0,12.6,255.0,-6.5,2,273.0,3.4,656,160.0,11.1,255.0
"2025-01-09 12:15:00",6.8,121.0,9.0,0.18,2,275.0,0.37,808,157.0,13.0,250.0,-0.8,2,275.0,1.5,750,147.0,12.5,244.0,-6.8,2,275.0,3.3,756,167.0,11.3,246.0
"2025-01-09 12:30:00",4.8,121.0,9.0,0.16,2,273.0,0.35,669,145.0,12.5,268.0,-0.6,2,273.0,1.5,586,132.0,11.6,251.0,-4.8,2,273.0,3.4,579,149.0,10.7,255.0
"2025-01-09 12:45:00",1.5,134.0,9.0,0.2,2,273.0,0.35,482,128.0,11.2,261.0,0.1,2,273.0,1.4,348,115.0,9.1,215.0,-1.4,2,273.0,1.4,359,102.0,10.6,252.0
"2025-01-09 13:00:00",1.6,121.0,9.0,0.07,2,273.0,0.34,599,179.0,11.5,243.0,-0.2,2,273.0,2.2,452,151.0,9.9,227.0,-1.6,2,273.0,2.3,454,146.0,10.6,242.0
"2025-01-09 13:15:00",1.8,129.0,9.0,0.11,2,277.0,0.26,467,127.0,10.9,249.0,0.0,2,277.0,1.2,312,113.0,8.4,194.0,-1.8,2,277.0,1.7,334,107.0,9.5,232.0
"2025-01-09 13:30:00",1.9,135.0,9.0,0.23,2,275.0,0.32,478,129.0,11.1,260.0,0.2,2,275.0,1.1,333,113.0,8.9,206.0,-1.9,2,275.0,1.2,341,106.0,9.9,253.0
"2025-01-09 13:45:00",2.0,135.0,9.0,0.16,2,274.0,0.3,500,125.0,11.7,264.0,0.3,2,274.0,1.1,375,111.0,10.0,237.0,-2.0,2,274.0,1.9,381,106.0,10.8,262.0
"2025-01-09 14:00:00",1.6,145.0,9.0,0.15,2,275.0,0.23,488,121.0,11.8,266.0,0.5,2,275.0,1.1,318,109.0,8.7,195.0,-1.6,2,275.0,1.5,350,95.0,11.0,260.0
"2025-01-09 14:15:00",0.9,150.0,9.0,0.16,2,277.0,0.29,487,119.0,11.6,247.0,0.3,2,277.0,1.4,301,103.0,8.9,219.0,-0.8,2,277.0,1.0,360,86.0,11.9,250.0
"2025-01-09 14:30:00",1.6,122.0,9.0,0.16,2,274.0,0.29,593,175.0,11.3,240.0,-0.2,2,274.0,1.5,438,136.0,10.0,220.0,-1.6,2,274.0,1.7,430,128.0,10.7,235.0
"2025-01-09 14:45:00",0.6,156.0,9.0,0.05,2,275.0,0.23,517,123.0,12.1,267.0,0.3,2,275.0,1.1,288,101.0,8.7,213.0,-0.5,2,275.0,1.3,377,94.0,11.9,265.0
"2025-01-09 15:00:00",4.1,123.0,9.0,0.16,2,275.0,0.28,618,131.0,13.0,270.0,-0.4,2,275.0,1.1,431,110.0,11.3,257.0,-4.1,2,275.0,2.9,476,124.0,11.3,271.0
"2025-01-09 15:15:00",4.7,118.0,9.0,0.21,2,276.0,0.25,618,127.0,12.9,255.0,-0.8,2,276.0,1.0,495,113.0,11.8,250.0,-4.6,2,276.0,2.6,469,124.0,10.7,253.0
"2025-01-09 15:30:00",4.1,127.0,9.0,0.31,2,275.0,0.3,749,143.0,13.9,275.0,-0.1,2,275.0,1.1,608,121.0,13.4,268.0,-4.1,2,275.0,2.1,590,136.0,12.4,273.0
"2025-01-09 15:45:00",2.4,134.0,9.0,0.17,2,273.0,0.27,588,135.0,12.4,268.0,0.2,2,273.0,1.0,394,107.0,10.6,241.0,-2.4,2,273.0,2.5,406,121.0,10.2,260.0
"2025-01-09 16:00:00",1.7,155.0,9.0,0.11,2,273.0,0.21,583,168.0,11.2,247.0,0.7,2,273.0,1.6,344,132.0,8.3,198.0,-1.5,2,273.0,2.3,395,137.0,9.5,231.0
"2025-01-09 16:15:00",0.6,151.0,9.0,0.07,9,275.0,0.19,482,127.0,11.0,243.0,0.2,9,275.0,0.9,262,104.0,7.7,182.0,-0.6,9,275.0,1.0,318,98.0,9.8,233.0
"2025-01-09 16:30:00",0.6,138.0,9.0,0.1,9,273.0,0.2,481,122.0,11.5,265.0,0.1,9,273.0,1.1,256,101.0,7.7,183.0,-0.6,9,273.0,1.3,317,93.0,10.2,244.0
"2025-01-09 16:45:00",0.6,170.0,9.0,0.06,2,273.0,0.2,458,117.0,11.5,260.0,0.4,2,273.0,1.0,255,97.0,8.1,189.0,-0.5,2,273.0,1.4,315,88.0,10.8,259.0
"2025-01-09 17:00:00",1.1,147.0,9.0,0.08,2,273.0,0.22,450,113.0,11.6,267.0,0.4,2,273.0,0.9,273,98.0,8.5,200.0,-1.1,2,273.0,1.6,321,91.0,10.7,258.0
"2025-01-09 17:15:00",1.1,134.0,9.0,0.14,9,275.0,0.22,543,149.0,11.3,238.0,0.1,9,275.0,1.1,315,119.0,8.3,190.0,-1.1,9,275.0,1.3,362,118.0,9.9,219.0
"2025-01-09 17:30:00",1.4,136.0,9.0,0.08,2,273.0,0.23,616,151.0,12.0,260.0,0.2,2,273.0,1.2,363,116.0,9.3,218.0,-1.4,2,273.0,2.1,409,120.0,10.3,244.0
"2025-01-09 17:45:00",2.4,136.0,9.0,0.1,2,273.0,0.27,587,129.0,12.7,269.0,0.3,2,273.0,1.5,436,110.0,10.8,240.0,-2.4,2,273.0,2.5,422,107.0,11.4,268.0
"2025-01-09 18:00:00",4.4,127.0,9.0,0.25,9,273.0,0.3,711,130.0,14.3,267.0,-0.1,9,273.0,1.4,636,116.0,13.9,268.0,-4.4,2,273.0,2.4,591,128.0,12.6,269.0
"2025-01-09 18:15:00",5.3,125.0,9.0,0.2,9,275.0,0.43,778,133.0,14.4,253.0,-0.3,9,275.0,1.7,728,123.0,14.2,250.0,-5.3,2,275.0,2.9,708,138.0,13.1,255.0
"2025-01-09 18:30:00",4.9,123.0,9.0,0.27,9,273.0,0.42,752,132.0,14.7,273.0,-0.4,9,273.0,1.6,697,116.0,14.9,270.0,-4.9,2,273.0,2.6,677,137.0,13.3,273.0
"2025-01-09 18:45:00",5.0,125.0,9.0,0.22,9,273.0,0.33,745,128.0,14.9,271.0,-0.3,9,273.0,1.2,632,111.0,14.4,271.0,-5.0,2,273.0,2.7,595,137.0,12.3,271.0
"2025-01-09 19:00:00",4.9,127.0,9.0,0.27,9,273.0,0.33,648,122.0,14.1,271.0,0.0,9,273.0,1.2,456,98.0,12.5,254.0,-4.9,2,273.0,3.0,526,125.0,11.9,271.0
"2025-01-09 19:15:00",6.5,126.0,9.0,0.68,9,275.0,0.58,735,189.0,11.5,236.0,-0.3,9,275.0,1.7,720,154.0,12.7,234.0,-6.5,2,275.0,2.4,700,162.0,12.0,240.0
"2025-01-09 19:30:00",4.6,135.0,9.0,0.47,9,273.0,0.51,676,137.0,13.4,273.0,0.5,9,273.0,1.8,677,122.0,14.4,273.0,-4.5,2,273.0,2.5,656,130.0,13.7,273.0
"2025-01-09 19:45:00",2.9,144.0,9.0,0.34,9,273.0,0.42,611,121.0,13.9,272.0,0.8,9,273.0,1.8,549,111.0,13.4,273.0,-2.8,2,273.0,1.9,567,108.0,14.1,272.0
"2025-01-09 20:00:00",3.8,131.0,9.0,0.53,9,273.0,0.48,630,137.0,13.1,269.0,0.2,9,273.0,1.9,617,117.0,13.8,271.0,-3.8,2,273.0,2.0,554,112.0,13.6,273.0
"2025-01-09 20:15:00",3.3,131.0,9.0,0.17,9,275.0,0.3,516,106.0,13.0,249.0,0.2,9,275.0,2.5,432,100.0,11.7,251.0,-3.3,2,275.0,2.6,418,100.0,11.8,254.0
"2025-01-09 20:30:00",3.3,145.0,9.0,0.19,9,273.0,0.5,553,127.0,12.5,264.0,1.0,9,273.0,3.0,560,130.0,12.2,270.0,-3.2,2,273.0,3.2,496,116.0,12.4,270.0
"2025-01-09 20:45:00",3.3,136.0,9.0,0.05,9,273.0,0.42,576,120.0,13.2,271.0,0.5,9,273.0,2.4,507,121.0,11.6,263.0,-3.3,2,273.0,3.6,509,121.0,12.2,273.0
"2025-01-09 21:00:00",4.7,127.0,9.0,0.2,9,273.0,0.37,648,144.0,13.0,263.0,-0.1,9,273.0,2.5,657,145.0,12.3,265.0,-4.7,2,273.0,3.2,593,150.0,11.7,266.0
"2025-01-09 21:15:00",3.3,128.0,9.0,0.12,9,274.0,0.39,600,127.0,12.7,253.0,0.0,9,274.0,2.2,532,123.0,11.5,247.0,-3.3,2,274.0,3.2,523,124.0,11.8,255.0
"2025-01-09 21:30:00",2.9,138.0,9.0,0.03,9,273.0,0.33,504,109.0,13.1,267.0,0.5,9,273.0,2.4,433,104.0,11.7,263.0,-2.8,2,273.0,3.5,430,108.0,11.9,270.0
"2025-01-09 21:45:00",4.1,128.0,9.0,0.15,9,273.0,0.56,618,136.0,12.9,272.0,0.0,9,273.0,2.8,590,135.0,12.1,269.0,-4.1,2,273.0,3.6,578,140.0,12.1,271.0
"2025-01-09 22:00:00",5.6,132.0,9.0,0.36,9,273.0,0.59,794,160.0,13.5,273.0,0.4,9,273.0,2.4,853,172.0,13.3,271.0,-5.6,2,273.0,3.2,802,179.0,12.6,270.0
"2025-01-09 22:15:00",3.5,140.0,9.0,0.19,9,275.0,0.58,628,141.0,12.2,248.0,0.7,9,275.0,2.6,619,135.0,11.9,248.0,-3.4,2,275.0,3.7,581,139.0,11.6,252.0
"2025-01-09 22:30:00",6.8,128.0,9.0,0.72,9,273.0,0.91,991,223.0,12.5,270.0,0.0,9,273.0,3.3,990,208.0,12.9,267.0,-6.8,2,273.0,3.6,975,216.0,12.6,270.0
"2025-01-09 22:45:00",6.8,135.0,9.0,1.02,9,273.0,0.93,923,221.0,12.0,266.0,0.8,9,273.0,3.0,907,184.0,13.0,265.0,-6.8,2,273.0,3.6,950,214.0,12.7,270.0
"2025-01-09 23:00:00",6.9,137.0,9.0,0.92,9,273.0,0.81,968,215.0,12.7,270.0,1.1,9,273.0,2.6,986,186.0,13.8,269.0,-6.8,2,273.0,3.3,1017,213.0,13.2,273.0
"2025-01-09 23:15:00",4.5,137.0,9.0,0.59,9,275.0,0.81,753,178.0,11.8,255.0,0.7,9,275.0,3.0,790,172.0,12.0,251.0,-4.4,2,275.0,3.3,777,175.0,12.0,254.0
"2025-01-09 23:30:00",2.3,130.0,9.0,0.32,9,273.0,0.62,620,143.0,12.6,271.0,0.1,9,273.0,2.7,583,140.0,11.8,271.0,-2.3,2,273.0,3.6,582,139.0,12.3,272.0
"2025-01-09 23:45:00",1.8,135.0,9.0,0.22,9,273.0,0.51,542,128.0,12.4,265.0,0.2,9,273.0,3.2,472,127.0,10.7,258.0,-1.7,9,273.0,3.2,502,120.0,12.1,269.0
"2025-01-10 00:00:00",5.1,137.0,9.0,0.6,9,273.0,0.85,774,192.0,11.5,268.0,0.8,9,273.0,3.0,852,187.0,12.4,266.0,-5.0,2,273.0,3.9,831,180.0,12.6,273.0
"2025-01-10 00:15:00",2.6,125.0,9.0,-0.11,9,274.0,0.59,567,136.0,11.7,247.0,-0.1,9,274.0,3.5,507,124.0,11.3,245.0,-2.6,2,274.0,3.8,502,117.0,11.8,251.0
"2025-01-10 00:30:00",4.5,121.0,9.0,0.15,9,273.0,0.45,583,124.0,12.8,263.0,-0.6,9,273.0,2.1,563,111.0,13.2,268.0,-4.4,2,273.0,3.0,539,119.0,12.3,269.0
"2025-01-10 00:45:00",2.6,128.0,9.0,0.13,9,273.0,0.32,506,120.0,12.4,259.0,0.0,9,273.0,1.4,419,101.0,12.0,256.0,-2.6,2,273.0,1.7,439,98.0,12.8,269.0
"2025-01-10 01:00:00",1.3,135.0,9.0,0.01,9,273.0,0.23,470,100.0,13.0,266.0,0.2,9,273.0,1.1,375,90.0,11.4,250.0,-1.3,9,273.0,1.4,387,85.0,12.7,272.0
"2025-01-10 01:15:00",1.6,157.0,9.0,0.01,9,275.0,0.22,478,108.0,12.3,249.0,0.8,9,275.0,1.0,394,93.0,11.6,238.0,-1.4,9,275.0,1.4,397,87.0,12.4,253.0
"2025-01-10 01:30:00",2.0,128.0,9.0,0.03,9,273.0,0.2,510,110.0,13.0,267.0,0.0,9,273.0,1.1,374,91.0,11.8,256.0,-2.0,9,273.0,1.6,387,90.0,12.3,270.0
"2025-01-10 01:45:00",2.4,130.0,9.0,0.03,9,272.0,0.22,578,120.0,13.3,270.0,0.1,9,272.0,1.1,399,96.0,11.7,262.0,-2.4,2,272.0,2.0,403,101.0,11.7,270.0
"2025-01-10 02:00:00",2.1,118.0,9.0,0.05,9,273.0,0.18,456,111.0,11.9,261.0,-0.4,9,273.0,1.0,311,95.0,9.9,241.0,-2.1,9,273.0,2.4,340,103.0,10.0,262.0
"2025-01-10 02:15:00",4.6,125.0,9.0,0.12,9,274.0,0.26,647,123.0,13.4,252.0,-0.2,9,274.0,1.4,557,113.0,12.7,243.0,-4.6,2,274.0,2.3,595,126.0,12.2,252.0
"2025-01-10 02:30:00",4.5,122.0,9.0,0.09,9,273.0,0.26,639,136.0,13.3,264.0,-0.5,9,273.0,1.2,566,120.0,13.2,258.0,-4.5,2,273.0,2.4,589,140.0,12.2,269.0
"2025-01-10 02:45:00",2.7,137.0,9.0,0.01,9,273.0,0.23,496,118.0,12.2,262.0,0.4,9,273.0,1.3,430,103.0,11.7,255.0,-2.7,2,273.0,2.1,439,109.0,11.7,269.0
"2025-01-10 03:00:00",1.4,129.0,9.0,-0.01,9,272.0,0.25,503,109.0,12.8,269.0,0.0,9,272.0,1.2,411,95.0,12.2,263.0,-1.4,9,272.0,1.4,417,87.0,13.3,271.0
"2025-01-10 03:15:00",1.5,118.0,9.0,0.01,9,275.0,0.24,460,97.0,12.6,253.0,-0.3,9,275.0,1.1,369,89.0,11.1,236.0,-1.4,9,275.0,1.4,366,78.0,12.7,252.0
"2025-01-10 03:30:00",1.6,128.0,9.0,0.01,9,274.0,0.22,437,101.0,12.3,268.0,0.0,9,274.0,0.9,319,90.0,10.4,244.0,-1.6,9,274.0,1.4,352,83.0,12.3,267.0
"2025-01-10 03:45:00",0.6,162.0,9.0,0.03,9,273.0,0.19,418,105.0,11.7,258.0,0.3,9,273.0,1.1,297,93.0,9.6,230.0,-0.5,9,273.0,1.0,343,78.0,12.5,262.0
"2025-01-10 04:00:00",1.0,41.0,9.0,0.07,9,273.0,0.19,403,108.0,11.2,260.0,-1.0,9,273.0,1.1,298,98.0,9.4,232.0,-0.1,9,273.0,0.8,306,82.0,11.2,262.0
"2025-01-10 04:15:00",0.5,51.0,9.0,0.06,9,275.0,0.24,386,141.0,8.6,201.0,-0.5,9,275.0,1.2,291,117.0,7.6,172.0,-0.1,9,275.0,0.8,339,110.0,9.5,220.0
"2025-01-10 04:30:00",0.5,99.0,9.0,0.02,9,274.0,0.19,430,155.0,8.7,206.0,-0.2,9,274.0,0.8,265,132.0,6.0,96.0,-0.4,9,274.0,0.7,304,123.0,7.8,201.0
"2025-01-10 04:45:00",0.9,147.0,9.0,0.04,9,272.0,0.18,456,133.0,10.6,243.0,0.3,9,272.0,1.1,312,113.0,8.5,194.0,-0.9,9,272.0,1.2,374,114.0,10.2,248.0
"2025-01-10 05:00:00",0.2,156.0,9.0,0.0,9,273.0,0.17,451,104.0,12.4,265.0,0.1,9,273.0,0.7,286,87.0,9.8,224.0,-0.2,9,273.0,0.9,361,86.0,12.3,258.0
"2025-01-10 05:15:00",2.1,129.0,9.0,-0.03,9,275.0,0.26,486,166.0,9.0,196.0,0.0,9,275.0,1.2,394,163.0,7.4,153.0,-2.1,9,275.0,2.3,433,188.0,7.1,152.0
"2025-01-10 05:30:00",1.4,148.0,0.0,-0.11,9,272.0,0.35,614,337.0,5.4,71.0,0.5,9,272.0,1.0,540,327.0,4.6,36.0,-1.3,9,272.0,2.5,641,382.0,4.7,48.0
"2025-01-10 05:45:00",1.3,140.0,9.0,-0.03,9,273.0,0.27,556,276.0,6.1,115.0,0.3,9,273.0,1.6,521,281.0,5.3,66.0,-1.3,9,273.0,1.8,559,316.0,4.9,64.0
"2025-01-10 06:00:00",2.0,148.0,9.0,-0.01,9,272.0,0.22,577,267.0,6.7,123.0,0.7,9,272.0,1.0,514,271.0,5.5,84.0,-1.9,9,272.0,1.4,557,308.0,5.2,62.0
"2025-01-10 06:15:00",6.6,152.0,0.0,0.06,2,274.0,0.75,919,565.0,4.2,16.0,2.7,2,274.0,6.3,864,540.0,4.0,18.0,-6.1,2,274.0,0.0,974,622.0,3.8,1.0
"2025-01-10 06:30:00",1.5,125.0,0.0,-0.02,9,273.0,0.23,761,438.0,4.8,38.0,-0.1,9,273.0,1.6,685,436.0,3.9,8.0,-1.5,9,273.0,1.4,758,485.0,3.8,9.0
"2025-01-10 06:45:00",0.8,161.0,0.0,-0.03,9,272.0,0.25,697,378.0,5.3,60.0,0.4,9,272.0,1.1,602,367.0,4.2,16.0,-0.7,9,272.0,1.0,686,425.0,4.2,22.0
"2025-01-10 07:00:00",3.4,77.0,0.0,-0.04,2,273.0,0.21,872,528.0,4.3,19.0,-2.7,2,273.0,12.6,786,509.0,3.7,2.0,-2.2,2,273.0,9.0,896,581.0,3.8,5.0
"2025-01-10 07:15:00",3.1,88.0,0.0,-0.1,2,274.0,0.29,852,514.0,4.4,22.0,-2.0,2,274.0,3.4,768,487.0,3.9,11.0,-2.3,2,274.0,5.1,889,550.0,4.2,15.0
"2025-01-10 07:30:00",8.5,91.0,0.0,-0.05,2,273.0,0.25,972,599.0,4.2,17.0,-5.1,2,273.0,1.1,866,549.0,3.9,2.0,-6.8,2,273.0,7.0,1026,656.0,3.8,6.0
"2025-01-10 07:45:00",0.4,137.0,9.0,0.02,9,272.0,0.18,589,230.0,9.5,184.0,0.1,9,272.0,0.8,436,209.0,7.5,145.0,-0.4,9,272.0,0.8,556,221.0,9.8,174.0
"2025-01-10 08:00:00",1.2,125.0,9.0,0.0,9,272.0,0.21,526,110.0,13.4,265.0,-0.1,9,272.0,0.9,368,96.0,11.2,251.0,-1.2,9,272.0,1.3,438,94.0,13.3,267.0
"2025-01-10 08:15:00",0.8,108.0,9.0,-0.04,9,275.0,0.15,489,97.0,13.3,251.0,-0.3,9,275.0,0.9,327,89.0,10.6,238.0,-0.8,9,275.0,1.0,386,78.0,13.3,251.0
"2025-01-10 08:30:00",0.9,117.0,9.0,0.0,9,272.0,0.15,497,99.0,13.6,265.0,-0.2,9,272.0,0.8,328,90.0,10.8,253.0,-0.8,9,272.0,0.9,377,74.0,13.9,272.0
"2025-01-10 08:45:00",0.8,143.0,9.0,-0.03,9,272.0,0.17,534,100.0,14.2,271.0,0.2,9,272.0,0.7,330,89.0,10.9,246.0,-0.7,9,272.0,1.2,387,76.0,13.9,269.0
"2025-01-10 09:00:00",0.5,122.0,9.0,-0.05,9,273.0,0.2,471,103.0,12.8,267.0,0.0,9,273.0,0.7,295,86.0,10.3,245.0,-0.5,9,273.0,1.2,378,79.0,13.4,267.0
"2025-01-10 09:15:00",0.8,98.0,9.0,-0.04,9,274.0,0.2,493,131.0,11.9,224.0,-0.4,9,274.0,1.0,349,115.0,10.0,208.0,-0.7,9,274.0,1.3,380,106.0,11.3,237.0
"2025-01-10 09:30:00",0.6,80.0,9.0,0.03,9,272.0,0.19,503,108.0,13.2,264.0,-0.5,9,272.0,0.9,279,91.0,9.5,208.0,-0.4,9,272.0,0.9,337,85.0,11.9,250.0
"2025-01-10 09:45:00",0.4,100.0,9.0,-0.02,9,273.0,0.19,496,124.0,11.9,251.0,-0.2,9,273.0,0.9,302,105.0,9.1,196.0,-0.4,9,273.0,0.9,390,102.0,11.5,248.0
"2025-01-10 10:00:00",1.7,132.0,9.0,0.04,2,272.0,0.56,944,170.0,14.2,263.0,0.1,2,272.0,2.3,1021,182.0,13.2,255.0,-1.6,2,272.0,2.3,847,158.0,13.8,266.0
"2025-01-10 10:15:00",0.4,103.0,9.0,-0.06,2,274.0,0.32,915,156.0,14.4,253.0,-0.1,2,274.0,1.7,892,145.0,14.1,250.0,-0.3,2,274.0,1.3,862,133.0,14.9,252.0
"2025-01-10 10:30:00",0.7,86.0,9.0,0.02,2,272.0,0.37,820,156.0,13.6,263.0,-0.5,2,272.0,1.5,711,137.0,12.5,243.0,-0.5,2,272.0,1.1,679,128.0,13.3,258.0
"2025-01-10 10:45:00",0.5,72.0,9.0,0.01,2,273.0,0.3,714,173.0,12.7,255.0,-0.4,2,273.0,1.1,604,143.0,12.2,249.0,-0.3,2,273.0,1.0,553,125.0,12.9,249.0
"2025-01-10 11:00:00",1.3,287.0,9.0,0.05,2,273.0,0.8,1441,274.0,13.5,269.0,0.4,2,273.0,4.3,1397,262.0,13.7,267.0,1.2,2,273.0,3.9,1213,253.0,12.9,264.0
"2025-01-10 11:15:00",2.8,296.0,9.0,-0.05,2,276.0,0.4,642,155.0,11.7,247.0,0.6,2,276.0,2.4,476,127.0,10.8,241.0,2.7,2,276.0,3.6,517,135.0,11.2,251.0
"2025-01-10 11:30:00",2.0,309.0,9.0,-0.07,2,273.0,0.46,701,162.0,12.5,266.0,0.0,2,273.0,2.6,554,138.0,11.6,259.0,2.0,2,273.0,2.6,538,132.0,12.0,268.0
"2025-01-10 11:45:00",1.7,277.0,9.0,-0.05,2,273.0,0.39,671,146.0,13.0,267.0,0.9,2,273.0,1.9,486,118.0,11.7,256.0,1.4,2,273.0,2.1,549,119.0,13.2,270.0
"2025-01-10 12:00:00",2.5,303.0,9.0,0.11,2,273.0,0.57,785,237.0,10.3,230.0,0.2,2,273.0,3.3,681,202.0,9.8,222.0,2.5,2,273.0,3.7,645,213.0,9.2,215.0
"2025-01-10 12:15:00",2.6,297.0,9.0,-0.07,2,275.0,0.36,670,186.0,11.1,228.0,0.5,2,275.0,2.2,565,164.0,10.4,230.0,2.5,2,275.0,3.1,542,163.0,10.4,242.0
"2025-01-10 12:30:00",0.8,263.0,9.0,0.02,2,273.0,0.25,581,123.0,13.2,267.0,0.6,2,273.0,1.7,383,106.0,10.9,255.0,0.6,2,273.0,1.8,376,92.0,12.2,266.0
"2025-01-10 12:45:00",0.7,279.0,9.0,-0.02,2,273.0,0.24,574,153.0,11.4,252.0,0.3,2,273.0,2.2,374,136.0,8.8,203.0,0.6,2,273.0,1.7,422,133.0,10.1,223.0
"2025-01-10 13:00:00",1.1,305.0,9.0,-0.01,2,273.0,0.3,579,145.0,11.8,260.0,0.1,2,273.0,2.2,378,124.0,9.5,228.0,1.1,2,273.0,2.5,400,120.0,10.5,256.0
"2025-01-10 13:15:00",0.6,306.0,9.0,0.01,9,275.0,0.24,567,145.0,11.4,243.0,0.0,9,275.0,2.0,359,122.0,9.0,222.0,0.6,9,275.0,2.0,376,115.0,9.9,238.0
"2025-01-10 13:30:00",0.8,288.0,9.0,0.01,2,273.0,0.29,579,145.0,11.8,262.0,0.3,2,273.0,2.5,381,123.0,9.8,252.0,0.7,2,273.0,1.6,415,117.0,11.0,255.0
"2025-01-10 13:45:00",1.0,312.0,9.0,0.0,2,273.0,0.31,612,185.0,10.7,240.0,-0.1,2,273.0,1.9,432,169.0,8.6,198.0,1.0,2,273.0,2.4,430,161.0,9.0,212.0
